0.03581631247624,0.015330430320363386,0.010666445996603527,0.9176992941840694,0.02048751702272376,
0.004657032454256056,0.0019933462325862064,0.0013869095320939355,0.9892988129850823,0.0026638987959813616,
0.2678325325608293,0.09002421237753234,0.0023483051563284825,0.591959909293082,0.047835040612227916,
0.0903562246049786,0.005955169599666982,0.004143425436081121,0.20359766118507303,0.6959475191742003,
0.6953289428974905,0.19139280390591693,0.003370475376593575,0.04125110171154041,0.0686566761084586,
0.8285808434188568,0.007029954426778395,0.004891227948912412,0.1501031752351793,0.009394798970273177,
0.006258399610483376,0.0026787782580675362,0.0018638122368032628,0.9856191028721168,0.003579907022529037,
0.008242349619487279,0.003527966945269642,0.0024546518338455204,0.9810602726979368,0.004714758903460792,
0.012924969564197693,0.0055322653728855226,0.003849181569311902,0.9703002893307747,0.0073932941628301755,
0.00953820764222013,0.004082632117340851,0.002840570948994932,0.9780825783867512,0.005456010904693039,
0.2699964581504564,0.009639568166091801,0.006706917622372357,0.7007747812150703,0.01288227484600906,
0.01206796721388708,0.13777733780452966,0.003593957939168107,0.8396576622524516,0.006903074789963396,
0.013912995967723225,0.005955169599666982,0.004143425436081121,0.9680299475576268,0.007958461438901889,
0.013912995967723225,0.005955169599666982,0.004143425436081121,0.9680299475576268,0.007958461438901889,
0.016424003709065705,0.007029954426778394,0.004891227948912411,0.059863526378535856,0.9117912875367077,
0.011317546567993494,0.004844241270599569,0.8117475801296355,0.16561681013508533,0.006473821896686143,
