0.004606466909308543,0.05698503820984617,0.10541412840171603,0.0038331843339725006,0.8291611821451568,
0.0032715741268152937,0.8373849208999018,0.002419845768131261,0.002722378546776656,0.15420128065837505,
0.11872406114163188,0.0066610523370964885,0.0037942495101357283,0.8562260552970177,0.014594581714118163,
0.009401616610364195,0.5326883727829753,0.21514606314569218,0.2160154602880583,0.02674848717290994,
0.009401616610364195,0.9490725383885787,0.006953980342890399,0.007823377485256527,0.02674848717290994,
0.003157209467993808,0.3536704323638348,0.5266913649209817,0.0026272121584826756,0.11385378108870704,
0.02504267929374847,0.032518362847888,0.8503513781258603,0.020838792037236903,0.07124878769526637,
0.010494000523304414,0.013626645645217636,0.0077619707739298655,0.938260960484362,0.029856422573186037,
0.6191339675838267,0.01775186121636181,0.010111764225161133,0.011375952285546293,0.34162645468910413,
0.0021197875061807147,0.002752581641837818,0.11892086723089372,0.025234531005381214,0.8509722326157065,
0.3164024165808883,0.017751861216361804,0.010111764225161132,0.01137595228554629,0.6443580056920424,
0.8570871783850976,0.0066610523370964885,0.0037942495101357283,0.0042686123237880005,0.12818890744388212,
0.0038259252236491517,0.004968031702684782,0.9771372531510425,0.0031836713296706466,0.010885118592953094,
0.010494000523304414,0.013626645645217636,0.0077619707739298655,0.938260960484362,0.029856422573186037,
0.006637758906563563,0.08211346187116086,0.004909671056592958,0.005523485559379636,0.9008156226063029,
0.01960631604314512,0.45962700976973453,0.014501967269142482,0.016315025155532643,0.48994968176244513,
0.0036704409749762725,0.045405779163060135,0.8967870940760199,0.0030542880522204177,0.051082397733723396,
0.005129735411867916,0.9722128210400902,0.0037942495101357283,0.0042686123237880005,0.014594581714118163,
0.007164292990966081,0.5645714854236462,0.005299126171020887,0.0059616309413763665,0.41700346447299036,
0.005129735411867916,0.1770525409317424,0.0037942495101357283,0.6858345667023718,0.12818890744388212,
0.01367086557795001,0.6232149632222386,0.010111764225161133,0.011375952285546293,0.34162645468910413,
0.7704997430852958,0.017751861216361808,0.010111764225161133,0.011375952285546291,0.19026067918763495,
0.01187360773512289,0.14688437012483976,0.008782408197566082,0.00988039815634747,0.8225792157861238,
0.0036704409749762725,0.004766132650424104,0.00271487079802712,0.0030542880522204177,0.9857942675243522,
0.8372621974280288,0.14427491708073503,0.0030918225210305903,0.003478366849881823,0.011892696120323832,
0.009401616610364196,0.012208165775970845,0.0069539803428904,0.7364956672950629,0.23494056997571175,
0.6191339675838267,0.01775186121636181,0.010111764225161133,0.011375952285546293,0.34162645468910413,
0.003271574126815294,0.0042481969797097474,0.0024198457681312616,0.002722378546776656,0.9873380045785671,
0.0057871193300868115,0.00751467700449958,0.004280488742651015,0.004815641920729222,0.9776020730020333,
0.306525318153661,0.007062163168771579,0.004022729110591284,0.004525656789533705,0.6778641327774423,
0.9086986856278042,0.007062163168771579,0.004022729110591284,0.004525656789533705,0.07569076530329918,
0.034650410766279297,0.4286484675518233,0.40928374645718313,0.02883368410757804,0.09858369111713636,
0.007781557869965537,0.5270556091603777,0.005755691037768049,0.178792315694487,0.28061482623740164,
0.0026098195395041,0.29235184243714857,0.0019303737355335266,0.0021717119801961384,0.7009362523076176,
0.9555252748781684,0.010104490792267036,0.005755691037768049,0.006475276238450107,0.022139267053346325,
0.005129735411867916,0.0066610523370964885,0.0037942495101357283,0.11786293805355195,0.8665520246873478,
0.013670865577950008,0.9259465142251768,0.010111764225161133,0.011375952285546291,0.038894903686165785,
0.007781557869965537,0.9578482078004699,0.005755691037768049,0.006475276238450107,0.022139267053346325,
0.010494000523304414,0.9431552220272768,0.0077619707739298655,0.008732384102302771,0.029856422573186037,
0.01187360773512289,0.9356820505259766,0.008782408197566082,0.00988039815634747,0.03378153538498692,
0.574205360082695,0.011057159267118945,0.006298347319553731,0.007085776229508543,0.4013533571011237,
0.01960631604314512,0.025459148828397102,0.014501967269142482,0.016315025155532643,0.9241175427037827,
0.008515216301682383,0.011057159267118945,0.8548335629910727,0.007085776229508543,0.11850828521061739,
0.0035271008434827143,0.004580002949528437,0.0026088481321321195,0.15914526671913953,0.8301387813557172,
0.007164292990966081,0.009302961408245703,0.005299126171020887,0.0059616309413763665,0.9722719884883909,
0.5795949203817975,0.032518362847888,0.01852301649378673,0.2981149125812614,0.07124878769526637,
0.0048540397269440675,0.006303056604579612,0.003590329008690618,0.9714423732067903,0.013810201452995547,
0.025042679293748475,0.032518362847888005,0.018523016493786734,0.8526671536693106,0.07124878769526638,
0.1150903757006442,0.0019036608306436578,0.0010843578174440103,0.0012199258721843473,0.8807016797790838,
0.22890322754475204,0.004407864537097639,0.0025107951438071855,0.0028246985509867077,0.7613534142233565,
0.005129735411867917,0.006661052337096489,0.003794249510135729,0.004268612323788001,0.980146350417112,
0.0031572094679938084,0.14392798841166835,0.002335255040565402,0.0026272121584826756,0.8479523349212899,
0.01960631604314512,0.025459148828397102,0.014501967269142482,0.016315025155532643,0.9241175427037827,
0.004854039726944067,0.167536919243584,0.003590329008690617,0.004039197372763735,0.8199795146480175,
0.5538841899687365,0.008029151395533164,0.0045735421683515305,0.005145333329038519,0.42836778313834034,
0.0036704409749762717,0.004766132650424103,0.0027148707980271195,0.775207571792305,0.21364098378426752,
0.12558938051288437,0.004766132650424103,0.0027148707980271195,0.12497322759012851,0.7419563884485358,
0.003271574126815294,0.0042481969797097474,0.14731318905859944,0.002722378546776656,0.8424446612880989,
0.008515216301682383,0.011057159267118945,0.006298347319553731,0.7613393012708587,0.21278997584078613,
0.01187360773512289,0.14688437012483976,0.008782408197566082,0.27281295829005975,0.5596466556524116,
0.009401616610364195,0.012208165775970841,0.006953980342890399,0.007823377485256527,0.9636128597855179,
0.006183320616103808,0.008029151395533164,0.0045735421683515305,0.005145333329038519,0.976068652490973,
0.0039951651760008035,0.005187792779939169,0.4010704086828504,0.1360296188399357,0.4537170145212739,
0.016109255534713207,0.020918153786281264,0.011915338709249332,0.013405012380061022,0.9376522395896952,
0.0036704409749762725,0.004766132650424104,0.00271487079802712,0.9377661578428492,0.051082397733723396,
0.0046064669093085426,0.005981578913606037,0.003407209809235755,0.6668781551850941,0.31912658918275555,
0.056219116142637304,0.6954675990482371,0.04158291544452032,0.04678167443952948,0.15994869492507582,
0.08013197320886235,0.008619247568862079,0.004909671056592958,0.005523485559379636,0.9008156226063029,
0.9761092185376151,0.005427895971148627,0.0030918225210305903,0.003478366849881823,0.011892696120323832,
0.003394535527178069,0.004407864537097639,0.3783586151730971,0.0028246985509867073,0.6110142862116403,
0.7627687413430326,0.19962054052745648,0.006298347319553731,0.007085776229508543,0.02422659458044861,
0.23669024651381382,0.025459148828397102,0.014501967269142482,0.4504828860968701,0.2728657512917765,
0.574205360082695,0.011057159267118945,0.006298347319553731,0.007085776229508543,0.4013533571011237,
0.13393874225746077,0.19974211139556053,0.004280488742651015,0.5174221336302252,0.14461652397410255,
0.010494000523304417,0.8269641499795196,0.007761970773929867,0.008732384102302773,0.14604749462094346,
0.016109255534713207,0.020918153786281264,0.9037352248970424,0.013405012380061022,0.045832353401902094,
0.0057871193300868115,0.00751467700449958,0.004280488742651015,0.0688914533844162,0.9135262615383464,
0.08013197320886235,0.008619247568862079,0.004909671056592958,0.005523485559379636,0.9008156226063029,
0.9722572155609704,0.00630305660457961,0.003590329008690617,0.004039197372763735,0.013810201452995545,
0.007164292990966081,0.009302961408245703,0.9571880244831361,0.0059616309413763665,0.020383090176275695,
0.010494000523304414,0.8269641499795195,0.12395304282168726,0.008732384102302771,0.029856422573186037,
0.0017168359749716174,0.07826555406457272,0.0012698713547581281,0.0014286325925761281,0.9173191060131214,
0.14310853795426196,0.5557300207481657,0.0045735421683515305,0.005145333329038519,0.2914425658001822,
0.1809353220881447,0.6244783419724428,0.09142513408659864,0.0033245011558278013,0.09983670069698614,
0.004854039726944067,0.00630305660457961,0.7560150213240445,0.004039197372763735,0.2287886849716681,
0.004606466909308543,0.05698503820984617,0.0034072098092357557,0.9218954516662948,0.013105833405314812,
0.01187360773512289,0.015418090057983625,0.008782408197566082,0.9301443586243404,0.03378153538498692,
0.008515216301682383,0.011057159267118945,0.006298347319553731,0.9499026825311963,0.02422659458044861,
0.005438634416589503,0.36836618365325746,0.004022729110591284,0.6066990242636768,0.01547342855588487,
0.002401625321431981,0.5615324603786906,0.001776381229778618,0.001998467098413737,0.43229106597168504,
0.007781557869965537,0.5270556091603777,0.43654828967786025,0.006475276238450107,0.022139267053346325,
0.005129735411867917,0.006661052337096489,0.9693460182131296,0.004268612323788001,0.014594581714118164,
0.2748061678688352,0.6727494903922644,0.008782408197566082,0.00988039815634747,0.03378153538498692,
0.4269599916484897,0.007062163168771579,0.004022729110591284,0.004525656789533705,0.5574294592826137,
0.006637758906563563,0.008619247568862079,0.004909671056592958,0.005523485559379636,0.9743098369086017,
