0.02256130935371432,0.004461237807660481,0.9623553307242222,0.006084788487351262,0.004537333627051791,
0.1983578091284086,0.342375213842994,0.4450714332802794,0.008131791391696891,0.006063752356621008,
0.018978280159833556,0.0037527352533501513,0.8095207948020422,0.16393144371730148,0.003816746067472632,
0.42702767091410215,0.5420290842451831,0.01960775662458511,0.0064934339346829715,0.00484205428144662,
0.027812138342816844,0.936443545375114,0.022650043910353492,0.007500937846461098,0.005593334525254578,
0.6518823303146548,0.004461237807660481,0.018373799282811354,0.3207452989678215,0.004537333627051791,
0.02003910353460624,0.003962500798097081,0.016319729514799368,0.005404549202909529,0.9542741169495877,
0.1971661130661019,0.010288569646286194,0.7680484292316255,0.014032825156178782,0.010464062899807527,
0.42565807522840177,0.008984591790444167,0.5439651913243504,0.01225429870520946,0.009137842951594175,
0.805879398698584,0.008984591790444167,0.16374386785416817,0.012254298705209462,0.009137842951594177,
0.27780431859801724,0.014496451928210077,0.6731834539769781,0.019772056008480476,0.014743719488314069,
0.9036107386990311,0.004461237807660481,0.018373799282811354,0.06901689058344532,0.004537333627051791,
0.027812138342816844,0.0054995284689197885,0.9535940608165477,0.007500937846461098,0.005593334525254578,
0.027812138342816844,0.0054995284689197885,0.022650043910353492,0.007500937846461098,0.9365373514314488,
0.8179343813310914,0.1635543019403482,0.011730036558306827,0.003884596228988184,0.0028966839412653484,
0.02256130935371432,0.004461237807660481,0.018373799282811354,0.950066319928762,0.004537333627051791,
0.6012926088596098,0.0037527352533501513,0.17426879985683175,0.21686910996273567,0.003816746067472632,
0.6325708213453067,0.3005583751657561,0.042373915432950784,0.014032825156178784,0.010464062899807527,
0.9462455621817462,0.0071677134587501525,0.029520535350444528,0.009776215080833645,0.0072899739282254955,
0.8593554540851798,0.09833570213647241,0.02680977758292121,0.00887850266970187,0.006620563525724711,
0.040325837343313554,0.007973967616907812,0.25780942832998904,0.6857807862583795,0.008109980451410034,
0.42702767091410215,0.004760847978721356,0.556875992891047,0.0064934339346829715,0.00484205428144662,
0.09780335259100294,0.00510359812406233,0.596967448941187,0.2949349495903843,0.005190650753363465,
0.7399656663810652,0.18181052531887198,0.04956795589122214,0.016415251016190187,0.01224060139265054,
0.17217719291494696,0.008984591790444167,0.037003426697440736,0.7726969456455739,0.009137842951594175,
0.4002245922387845,0.4656403916135886,0.02680977758292121,0.10070467503898092,0.006620563525724711,
0.7457449213737246,0.00510359812406233,0.23699991072856383,0.006960919020285799,0.005190650753363465,
0.814934331732843,0.1361950633488676,0.009767845010434522,0.03669063104177228,0.0024121288660824674,
0.15280998766511608,0.007973967616907812,0.48277772897359406,0.12336003464936693,0.23307828109501505,
0.13493303808301083,0.0028481035290351233,0.5742017309979026,0.28512044344878607,0.0028966839412653484,
0.1240432033051807,0.024528107819118326,0.10102006422562224,0.03345447037546492,0.7169541542746138,
0.3137838755185768,0.00510359812406233,0.02101938780098994,0.006960919020285799,0.6531322195360851,
0.29047333607709713,0.0489210956043864,0.013337614556778244,0.643974285092475,0.0032936686692631445,
0.027812138342816844,0.936443545375114,0.022650043910353492,0.007500937846461098,0.005593334525254578,
0.718730570011287,0.03750497188123271,0.1544658355288685,0.05115392430537864,0.03814469827323313,
0.012854090286537133,0.002541747585227802,0.9785523096159304,0.003466750061561396,0.0025851024507433044,
0.31725621906534357,0.06340324068758049,0.6093473129341965,0.0057245316754965855,0.004268695637382862,
0.41131605597021237,0.05985920828889796,0.5193900969320073,0.005404549202909529,0.004030089605972814,
0.33722181983418453,0.6337822587686011,0.018373799282811354,0.006084788487351262,0.004537333627051791,
0.654230275105044,0.0037527352533501513,0.33308179859313436,0.0051184449809988765,0.003816746067472632,
0.3777782883087211,0.007973967616907812,0.5952618792953966,0.01087588432756441,0.008109980451410034,
0.6349028859334159,0.003962500798097081,0.35169997445960466,0.005404549202909529,0.004030089605972814,
0.4920507646080635,0.00650952976719336,0.02680977758292121,0.00887850266970187,0.46575142537212,
0.4002245922387845,0.2819880468750305,0.02680977758292121,0.10070467503898092,0.1902729082642828,
0.07331125364399911,0.2189895168822282,0.26419732406894186,0.42875818591651677,0.014743719488314069,
0.03291990276166831,0.00650952976719336,0.9450715012757118,0.00887850266970187,0.006620563525724711,
0.5540807611861147,0.3594339183385444,0.01728595763226867,0.0057245316754965855,0.06347483116757563,
0.6867904485060534,0.014496451928210077,0.26419732406894186,0.019772056008480476,0.014743719488314069,
0.9665428407951251,0.004461237807660481,0.018373799282811354,0.006084788487351262,0.004537333627051791,
0.02256130935371432,0.004461237807660481,0.9623553307242222,0.006084788487351262,0.004537333627051791,
0.654230275105044,0.0037527352533501513,0.015455801120529158,0.0051184449809988765,0.32144274354007785,
0.14842551354590242,0.8225785650568832,0.018373799282811354,0.006084788487351262,0.004537333627051791,
0.21135761564199648,0.004461237807660481,0.018373799282811354,0.7612700136404799,0.004537333627051791,
0.30437814077493963,0.0033934523567837505,0.6841486615426023,0.004628410482282949,0.0034513348433912626,
0.28366661138700455,0.0037527352533501513,0.49189479732943703,0.21686910996273567,0.003816746067472632,
0.922995067735676,0.003564062122244764,0.014678742736634604,0.05513727268723285,0.0036248547182117508,
0.2989176340716744,0.008984591790444167,0.037003426697440736,0.6459565044888465,0.009137842951594175,
0.5129642480312446,0.0022229346261387634,0.4168047456320207,0.06574722024632335,0.00226085146427254,
0.8727189042527992,0.003564062122244764,0.11523106970238817,0.004861109204356067,0.0036248547182117508,
0.03291990276166831,0.00650952976719336,0.9450715012757118,0.00887850266970187,0.006620563525724711,
0.23072894514157033,0.3743163989713895,0.3860194648385686,0.0051184449809988765,0.003816746067472632,
0.02256130935371432,0.004461237807660481,0.9623553307242222,0.006084788487351262,0.004537333627051791,
0.8314758213747202,0.0026362709850411203,0.010857595138970293,0.07797237356618089,0.07705793893508739,
0.131832518516208,0.003962500798097081,0.8547703418768126,0.005404549202909529,0.004030089605972814,
0.955287412244749,0.005962056902398285,0.024554987104534777,0.008131791391696891,0.006063752356621008,
0.03624846010763273,0.0071677134587501525,0.9395176374245581,0.009776215080833645,0.0072899739282254955,
0.922995067735676,0.003564062122244764,0.06495490621951139,0.004861109204356067,0.0036248547182117508,
0.014403389274526009,0.0028481035290351233,0.9759672270261853,0.003884596228988184,0.0028966839412653484,
0.12474607513094736,0.00650952976719336,0.6695929841678746,0.00887850266970187,0.1902729082642828,
0.03624846010763273,0.8160540264135177,0.13063132446979045,0.009776215080833645,0.0072899739282254955,
0.7399656663810652,0.01203531373488106,0.21934316747521307,0.016415251016190187,0.01224060139265054,
0.08549341144980838,0.004461237807660481,0.6476948202437519,0.006084788487351262,0.25626574201142804,
0.052031210306366954,0.010288569646286194,0.7680484292316255,0.014032825156178782,0.15559896565954245,
0.5260181261224668,0.004461237807660481,0.4588985139554697,0.006084788487351262,0.004537333627051791,
0.9189186063322149,0.0037527352533501513,0.06839346736596336,0.0051184449809988765,0.003816746067472632,
0.8581109309339197,0.0028481035290351233,0.011730036558306827,0.08423769543464474,0.04307323354409361,
0.31725621906534357,0.0041971051573877136,0.6093473129341965,0.0057245316754965855,0.06347483116757563,
0.9462455621817462,0.0071677134587501525,0.029520535350444528,0.009776215080833645,0.0072899739282254955,
0.7011101683472062,0.0022229346261387634,0.009155251614103896,0.003031913474336139,0.2844797319382149,
0.8584897158966195,0.003962500798097081,0.12811314449640113,0.005404549202909529,0.004030089605972814,
0.9665428407951251,0.004461237807660481,0.018373799282811354,0.006084788487351262,0.004537333627051791,
