2,said want I Bourke Greg 56 said who have parents gay forced he to opportunity the was step to scout to down leader a ago years two learned after children their troop son his officials local gay he threatened revoke to Scouts was charter troop the 
2,said want I Bourke Greg 56 said who have parents gay forced he to opportunity the was step to scout to down leader a ago years two learned after children their troop son his officials local gay he threatened revoke to Scouts was charter troop the 
2,said want I Bourke Greg 56 said who have parents gay forced he to opportunity the was step to scout to down leader a ago years two learned after children their troop son his officials local gay he threatened revoke to Scouts was charter troop the 
2,said want I Bourke Greg 56 said who have parents gay forced he to opportunity the was step to scout to down leader a ago years two learned after children their troop son his officials local gay he threatened revoke to Scouts was charter troop the 
2,said want I Bourke Greg 56 said who have parents gay forced he to opportunity the was step to scout to down leader a ago years two learned after children their troop son his officials local gay he threatened revoke to Scouts was charter troop the 
2,said want I Bourke Greg 56 said who have parents gay forced he to opportunity the was step to scout to down leader a ago years two learned after children their troop son his officials local gay he threatened revoke to Scouts was charter troop the 
2,said want I Bourke Greg 56 said who have parents gay forced he to opportunity the was step to scout to down leader a ago years two learned after children their troop son his officials local gay he threatened revoke to Scouts was charter troop the 
2,said want I Bourke Greg 56 said who have parents gay forced he to opportunity the was step to scout to down leader a ago years two learned after children their troop son his officials local gay he threatened revoke to Scouts was charter troop the 
2,said want I Bourke Greg 56 said who have parents gay forced he to opportunity the was step to scout to down leader a ago years two learned after children their troop son his officials local gay he threatened revoke to Scouts was charter troop the 
2,said want I Bourke Greg 56 said who have parents gay forced he to opportunity the was step to scout to down leader a ago years two learned after children their troop son his officials local gay he threatened revoke to Scouts was charter troop the 
2,said want I Bourke Greg 56 said who have parents gay forced he to opportunity the was step to scout to down leader a ago years two learned after children their troop son his officials local gay he threatened revoke to Scouts was charter troop the 
2,said want I Bourke Greg 56 said who have parents gay forced he to opportunity the was step to scout to down leader a ago years two learned after children their troop son his officials local gay he threatened revoke to Scouts was charter troop the 
