0.09986256979094338,0.00194107424292662,0.06727142234506604,0.20673635462390313,0.6241885789971608,
0.05427309135969024,0.0030208363256251564,0.0541224877631784,0.8780080302359541,0.010575554315552231,
0.8061063895299259,0.006807830952038722,0.008005898375056237,0.15524655214277802,0.02383332900020116,
0.21210438127887626,0.6199499171302383,0.007186843505305179,0.13936383185484896,0.0213950262307313,
0.006219030636256873,0.0050732864470547645,0.09089498868926528,0.8800517795019026,0.017760914725520358,
0.006796226592592893,0.09835538629336801,0.006519823634732765,0.8689192362020558,0.019409327277250355,
0.006796226592592893,0.005544144462370287,0.006519823634732765,0.03361805972307634,0.9475217455872277,
0.004956245422621934,0.004043146625500317,0.0047546746132868705,0.024516450761298023,0.9617294825772928,
0.002379443839804825,0.00194107424292662,0.034777047028019856,0.9541069869159655,0.006795447973283252,
0.7197344435808696,0.003561089583354769,0.004187783379120469,0.2600497728889263,0.012466910567728907,
0.09103256518831884,0.0026229138087269,0.0030845039407024063,0.8501688895970463,0.05309112746520571,
0.0029557069444944373,0.9307829743853547,0.002835498159384714,0.05498462411453954,0.008441196396226551,
0.8389626306332986,0.003561089583354769,0.004187783379120469,0.02159339878406832,0.13169509762015788,
0.004119727448857139,0.0033607419957053155,0.9603754607852344,0.020378549998527465,0.011765519771675705,
0.0020468829291547747,0.0016697816799048412,0.0019636360732261625,0.06603071859355261,0.9282889807241618,
0.34337587153844473,0.004043146625500317,0.0047546746132868705,0.5659878525466144,0.08183845467615355,
0.0024593591800404833,0.102763433780187,0.002359336889355749,0.8853941921480175,0.007023678002399296,
0.012680857038902206,0.18351810016922326,0.012165125795100819,0.7554206876969846,0.036215229299789216,
0.8531108688760046,0.012511255322377502,0.014713032588645574,0.07586456873429355,0.04380027447867874,
0.002379443839804825,0.00194107424292662,0.9771139312223592,0.011770102721626012,0.006795447973283252,
0.004119727448857138,0.003360741995705315,0.003952177877499006,0.4141999017840655,0.574367450893873,
0.43086346271353465,0.0050732864470547645,0.34568164793563194,0.11569180176280273,0.10268980114097591,
0.0039002960404278418,0.0031817368652349294,0.003741670758086703,0.39213813460454805,0.5970381617317024,
0.007491524262613061,0.006111346081448527,0.007186843505305179,0.037057403346717345,0.9421528828039158,
0.0025448291038407097,0.24534646146538053,0.24571180195543207,0.290611589371005,0.21578531810434173,
0.0026364535757987433,0.6142217066211884,0.0025292288450333047,0.013041421229968923,0.3675711897280106,
0.004956245422621934,0.004043146625500317,0.0047546746132868705,0.024516450761298023,0.9617294825772928,
0.002841031570502204,0.07991352529647931,0.002725486639979041,0.7512144561549524,0.16330550033808708,
0.34168088612217556,0.0033607419957053155,0.003952177877499007,0.5829804811207248,0.06802571288389545,
0.14113840998115143,0.002743371544268793,0.0032261602767706507,0.016634997346080465,0.8362570608517287,
0.015336780400615459,0.012511255322377502,0.014713032588645574,0.7041951350908353,0.253243796597526,
0.002841031570502204,0.0023176227623407718,0.002725486639979041,0.05285133334770551,0.9392645256794725,
0.006219030636256873,0.0050732864470547645,0.005966102273809743,0.9649806659173581,0.017760914725520358,
0.004119727448857139,0.0033607419957053155,0.11647256410193846,0.8080212535696036,0.06802571288389545,
0.04514180168102793,0.002512589404912686,0.002954764237785612,0.6461621893529526,0.3032286553233212,
0.02639208134758695,0.02152981653276893,0.02531871375909178,0.8513863063386218,0.07537308202193055,
0.0029557069444944373,0.0024111712676808095,0.04319948959928358,0.6604444957130227,0.2909891364755186,
0.07791367392563092,0.004336669435275058,0.005099852659330128,0.8974676894201955,0.015182114559568333,
0.00531605702905883,0.004336669435275058,0.07769746955590222,0.09889390355790251,0.8137559004218614,
0.003080029217462742,0.002512589404912686,0.33944894394630715,0.6461621893529526,0.0087962480783649,
0.00941871430623092,0.00768348613044338,0.523534433779936,0.3038397873221871,0.15552357846120254,
0.4754158135038134,0.004676146529581878,0.00549907219589425,0.3414771840329642,0.1729317837377463,
0.006796226592592893,0.005544144462370287,0.006519823634732765,0.9617304780330536,0.019409327277250355,
0.004956245422621934,0.004043146625500317,0.0047546746132868705,0.9044074786624372,0.08183845467615355,
0.38681000017388256,0.02152981653276893,0.02531871375909178,0.13055046868603062,0.43579100084822614,
0.004642053051033799,0.0037868385296287283,0.00445326046497615,0.9738606197442142,0.013257228210146976,
0.0024593591800404833,0.0020062666235792677,0.06953078166042757,0.0457511325096197,0.880252460026333,
0.002234243167721827,0.276425879541979,0.0021433763592475247,0.7128157312100222,0.006380769721029687,
0.05716387018540416,0.0031817368652349294,0.003741670758086703,0.28561098631459536,0.6503017358766787,
0.0046420530510338,0.0037868385296287287,0.00445326046497615,0.5935012814184035,0.39361656653595783,
0.006796226592592893,0.005544144462370287,0.006519823634732765,0.12642930155407409,0.85471050375623,
0.5636636775785793,0.005544144462370287,0.006519823634732765,0.03361805972307634,0.39065429460124124,
0.012680857038902206,0.010344637921131527,0.012165125795100819,0.9285941499450763,0.036215229299789216,
0.006219030636256874,0.0050732864470547645,0.005966102273809744,0.5403362338400806,0.44240534680279814,
0.006219030636256873,0.0050732864470547645,0.005966102273809743,0.9649806659173581,0.017760914725520358,
0.0035248082674297072,0.0028754259397539813,0.7254185169999956,0.017435736321092278,0.2507455124717285,
0.0029557069444944373,0.9307829743853547,0.002835498159384714,0.05498462411453954,0.008441196396226551,
0.0020468829291547747,0.0016697816799048412,0.0019636360732261625,0.09398354564387114,0.9003361536738432,
0.0025448291038407092,0.002075990255992096,0.0024413307460436433,0.7076466828728136,0.28529116702130985,
0.004119727448857138,0.003360741995705315,0.003952177877499006,0.4141999017840655,0.574367450893873,
0.003080029217462742,0.002512589404912686,0.002954764237785612,0.9826563690614741,0.0087962480783649,
0.37674531505526215,0.00318173686523493,0.0037416707580867035,0.4454017087495244,0.17092956857189187,
0.004642053051033799,0.0037868385296287283,0.00445326046497615,0.02296227392968725,0.9641555740246741,
0.019399980684139173,0.015825884263082804,0.018610982264138046,0.09596350274382111,0.8501996500448189,
0.002304558646214584,0.0018799852951553152,0.0022108321028603516,0.7037775479149823,0.2898270760407875,
0.006796226592592895,0.005544144462370288,0.006519823634732766,0.4976742688780651,0.48346553643223905,
0.006796226592592893,0.005544144462370287,0.47057603278972143,0.3120517852160695,0.20503181093924583,
0.7587241249305468,0.0021507345721067726,0.002529228845033305,0.19306229536205177,0.04353361629026155,
0.675014956972584,0.002231062122825581,0.0026236927370280627,0.1629240671320898,0.1572062210354727,
0.0024593591800404833,0.06917771139465109,0.002359336889355749,0.7510513026058739,0.17495228993007886,
0.0025448291038407097,0.002075990255992096,0.0024413307460436438,0.9856700785406862,0.007267771353437395,
0.006219030636256874,0.0050732864470547645,0.005966102273809744,0.3704784610091694,0.6122631196337093,
0.0029557069444944373,0.0024111712676808095,0.002835498159384714,0.29716857275393277,0.6946290508745073,
0.004642053051033799,0.06718006158393053,0.00445326046497615,0.7202877275270071,0.2034368973730524,
0.0020468829291547747,0.0016697816799048412,0.5610201770795968,0.401464643197375,0.03379851511396867,
0.0029557069444944373,0.0024111712676808095,0.002835498159384714,0.01462063267464067,0.9771769909537994,
0.008345302339820667,0.006807830952038722,0.008005898375056237,0.953007639332883,0.02383332900020116,
0.00531605702905883,0.004336669435275058,0.005099852659330128,0.9700653063167676,0.015182114559568333,
0.004956245422621934,0.004043146625500317,0.27549037550594513,0.09220037598446258,0.6233098564614701,
0.5134993753050635,0.004336669435275058,0.005099852659330128,0.46188198804076297,0.015182114559568333,
0.003703057939314046,0.0030208363256251564,0.0035524543428022146,0.7768679633952016,0.21285568799705698,
0.09960746842359063,0.005544144462370287,0.006519823634732765,0.7761079943710582,0.1122205691082481,
0.006796226592592895,0.005544144462370288,0.006519823634732766,0.5904855107090629,0.3906542946012413,
