0.1254752470133455,0.0018275019184146551,0.002404679262550487,0.8659398478632543,0.004352723942435029,
7.645420586276575E-4,6.553760351146833E-4,0.15567858158851408,0.0230262321077582,0.8198752682099855,
0.005562227629983026,0.004768018514360049,0.9716955670025494,0.006617772867270443,0.011356413985837189,
0.0018978249525211704,0.001626841818169717,0.0021406449668716675,0.0022579756373008676,0.9920767126251365,
0.001318665806018519,0.11556910995639845,0.4210960661572768,0.001568909324211403,0.46044724875609483,
0.0015561038775280573,0.0013339137827309453,0.0017552018846283786,0.0018514060740428436,0.9935033743810697,
0.0013709628906755946,0.0011752083661599004,0.001546372760982974,0.12060839805481613,0.8752990579273654,
0.001556103877528057,0.9916601870068978,0.0017552018846283784,0.0018514060740428434,0.003177101156902677,
0.00189782495252117,0.9898287605177025,0.002140644966871667,0.002257975637300867,0.003874793925603506,
0.0020080681055655723,0.0017213437748972128,0.0022649933428286065,0.9318165066918163,0.06218908808489228,
0.0021319090170977026,0.0018275019184146551,0.18741968625692218,0.8042681788651305,0.004352723942435029,
0.003384143791668844,0.002900934900066811,0.9827791529622598,0.0040263535499204545,0.006909414796084035,
0.3446348599312589,0.0011303785813183275,0.0014873844486496836,0.001568909324211403,0.6511784677145618,
0.7609131700712584,8.66077694348885E-4,0.0011396097866561898,0.23501832813371826,0.0020628143140181167,
0.0016294534484839374,0.0013967900502272238,0.9917082221327177,0.0019386752102215142,0.003326859158349493,
0.0026158874523999724,0.7589639038855063,0.22996703971900972,0.003112305025599711,0.005340863917484391,
0.003384143791668844,0.002900934900066811,0.9827791529622598,0.0040263535499204545,0.006909414796084035,
9.545433663812792E-4,8.182477860366524E-4,0.9951426279983111,0.0011356872841053246,0.0019488935651656443,
0.0024318631335383356,0.0020846267388621442,0.9876250107508785,0.002893358368739466,0.0049651410079815245,
0.002008068105565572,0.9892379212469844,0.0022649933428286056,0.0023891396592633793,0.004099877645357718,
0.0037513906926605178,0.003215744026868944,0.004231367911115805,0.0044632929811424145,0.9843382043882123,
0.0016294534484839372,0.9912670759082557,0.0018379362746891233,0.0019386752102215138,0.0033268591583494925,
0.00189782495252117,0.9898287605177025,0.002140644966871667,0.002257975637300867,0.003874793925603506,
0.005562227629983026,0.004768018514360049,0.006273895052807758,0.006617772867270443,0.9767780859355788,
0.0016294534484839372,0.9912670759082557,0.0018379362746891233,0.0019386752102215138,0.0033268591583494925,
0.008201543612203896,0.24428397996072315,0.00925090221346265,0.7215184622226849,0.016745111990925515,
0.16662535856559876,9.807333998560644E-4,0.0012904770413430613,0.19993872646225253,0.6311647045309496,
0.821502261112498,0.002425951938155882,0.003192136904944126,0.1671015444358629,0.0057781056085391466,
0.006628830381674221,0.0056823251565616935,0.9662679599126484,0.00788678507242529,0.01353409947669066,
0.0013709628906755946,0.040834297438149876,0.9533645104887426,0.0016311308388461784,0.0027990983435857006,
0.0016294534484839372,0.9912670759082557,0.0018379362746891233,0.0019386752102215138,0.0033268591583494925,
0.004791291518544401,0.004107161408672103,0.0054043203828476214,0.42150666410853754,0.5641905625813984,
0.0020080681055655723,0.0017213437748972128,0.0022649933428286065,0.9899057171313508,0.004099877645357719,
0.0024318631335383356,0.0020846267388621442,0.0027430114510898387,0.002893358368739466,0.9898471403077702,
0.12593806161836837,0.003607196592549777,0.004746452386529909,0.857116708285591,0.008591581116961063,
0.0024318631335383356,0.0020846267388621442,0.07309172568678902,0.917426643432829,0.0049651410079815245,
0.005562227629983026,0.16567163050598363,0.8107919550109258,0.006617772867270443,0.011356413985837189,
0.0024318631335383356,0.0020846267388621442,0.0027430114510898387,0.002893358368739466,0.9898471403077702,
0.00420804753451213,0.003607196592549777,0.004746452386529909,0.9788467223694471,0.008591581116961063,
0.9572155566287562,0.007030476706585074,0.00925090221346265,0.009757952460270633,0.016745111990925515,
0.6907015789239319,0.0012764544039663727,0.0016795951916000812,0.0017716553103633028,0.3045707161701381,
9.04586760745079E-4,7.754242922076677E-4,0.995396841506113,0.0010762504017422085,0.0018468970391921776,
0.9224226173227437,0.0019476145588222691,0.06828776894358343,0.00270319226833053,0.00463880690652015,
0.002008068105565572,0.9892379212469844,0.0022649933428286056,0.0023891396592633793,0.004099877645357718,
0.0037513906926605178,0.003215744026868944,0.004231367911115805,0.0044632929811424145,0.9843382043882123,
0.001556103877528057,0.9916601870068978,0.0017552018846283784,0.0018514060740428434,0.003177101156902677,
0.9852367047568522,0.002425951938155882,0.003192136904944126,0.0033671007915087587,0.0057781056085391466,
0.0026158874523999724,0.00224237493217502,0.0029505810330103586,0.003112305025599711,0.989078851556815,
0.0015561038775280575,0.0013339137827309455,0.0017552018846283789,0.046866236675141344,0.9484885437799714,
0.9910792445069917,0.0014658871018732656,0.0019288561503523769,0.0020345784858095566,0.0034914337549727917,
0.9888786129870797,0.0018275019184146543,0.0024046792625504855,0.002536481889519761,0.004352723942435027,
0.0026158874523999724,0.00224237493217502,0.0029505810330103586,0.003112305025599711,0.989078851556815,
0.0015561038775280573,0.0013339137827309453,0.0017552018846283786,0.0018514060740428436,0.9935033743810697,
0.9468675465005963,0.001333913782730945,0.0017552018846283784,0.04686623667514133,0.003177101156902677,
0.8865290952304313,0.0015421761814222612,0.0020292395019111406,0.0021404639388940736,0.10775902514734084,
0.0030823895606299015,0.0026422669964692473,0.003476770441939147,0.7170040009631651,0.27379457203779667,
0.7345881320376495,0.003607196592549777,0.004746452386529909,0.005006609698597258,0.2520516092846736,
0.27058363916634137,0.0026422669964692473,0.627646352855266,0.0036673353479344164,0.09546040563398898,
0.0013186658060185188,0.0011303785813183273,0.0014873844486496836,0.0015689093242114028,0.994494661839802,
0.24905235612671786,0.644555857031444,0.10086577460105557,0.002034578485809557,0.0034914337549727926,
0.0026158874523999724,0.00224237493217502,0.9866885686723409,0.003112305025599711,0.005340863917484391,
