0.1194727247860929,0.0043827506970959326,0.002850765231257161,0.62830913607206,0.2449846232134941,
0.07005838173790808,0.0037965890350507743,0.0024694957040715328,0.744891575024872,0.1787839584980976,
0.6504608603900207,0.010409560375104382,0.006770910517379645,0.30053884487898835,0.031819823838506824,
0.5637278798830584,0.006340632036786261,0.05996481182242433,0.01554146300141537,0.35442521325631565,
0.09146600168447917,0.0049567062564239905,0.0032240952848929657,0.666938529699521,0.23341466707468275,
0.3097290663652852,0.0049567062564239905,0.0032240952848929657,0.5359806908910375,0.14610944120236036,
0.019419921541909375,0.02313483132756161,0.015048077642954282,0.8716788844832285,0.07071828500434608,
0.008004243286526437,0.009535405070454772,0.006202315194158236,0.2753007352915218,0.7009573011573387,
0.005991627046338245,0.007137787904835313,0.004642782351429517,0.45752177195839716,0.5247060307389998,
0.3564028078230697,0.005703643019606789,0.003709941161511094,0.5162873391591845,0.11789626883662792,
0.06885254244280159,0.007137787904835314,0.004642782351429517,0.7718263489407138,0.1475405383602198,
0.004350695017770812,0.0051829558207316115,0.003371259574192519,0.05834903649874182,0.9287460530885632,
0.6212456014549227,0.0043827506970959326,0.08004659241107714,0.08793834581332004,0.2063867096235841,
0.007384150408683237,0.3186787664131224,0.005721818619983613,0.6413256372242747,0.026889627333936048,
0.004350695017770812,0.0051829558207316115,0.003371259574192519,0.6060907486836753,0.3810043409036297,
0.008738029809167514,0.010409560375104382,0.6484937410982329,0.11718946471303028,0.2151692040044649,
0.005322475661787523,0.006340632036786261,0.00412427140029724,0.9648306501775759,0.019381970723553098,
0.0068532273335526065,0.15196492761366676,0.1491111384636201,0.66711445314973,0.024956253439430587,
0.008004243286526437,0.009535405070454774,0.006202315194158238,0.947110320441917,0.029147716006943585,
0.007384150408683237,0.008796692295258143,0.005721818619983613,0.951207711342139,0.026889627333936048,
0.013797588354235902,0.01643698089168447,0.01069145312415354,0.040288527847227425,0.9187854497826986,
0.005322475661787523,0.006340632036786261,0.00412427140029724,0.9648306501775759,0.019381970723553098,
0.013797588354235902,0.01643698089168447,0.01069145312415354,0.9088296044226609,0.05024437320726506,
0.006393530207816533,0.007616572632711189,0.004954208428297149,0.15282384155033887,0.8282118471808362,
0.013797588354235904,0.5954643652753069,0.010691453124153542,0.18504537394313303,0.19500121930317066,
0.5719844801183009,0.012746650920585587,0.008291073750431506,0.36801398000538255,0.038963815205299394,
0.2649569483514897,0.014358491017320731,0.6415997302034466,0.035193961044765076,0.04389086938297784,
0.04995221083209473,0.059507756998161646,0.03870688897565327,0.14585889834302673,0.7059742448510636,
0.008004243286526437,0.09351160321425417,0.006202315194158238,0.8631341222981176,0.029147716006943585,
0.2114742459314202,0.01146016769702843,0.007454279258163789,0.7345799989563863,0.03503130815700124,
0.008004243286526437,0.009535405070454774,0.006202315194158238,0.947110320441917,0.029147716006943585,
0.005040984370290979,0.006005293218094528,0.0039061498800267215,0.9138033758315766,0.07124419670001124,
0.19457437323572824,0.007137787904835314,0.004642782351429517,0.6461045181477871,0.1475405383602198,
0.05501849148810289,0.6084722756895404,0.003709941161511094,0.2651337422133788,0.06766554944746676,
0.09198044143032583,0.009535405070454772,0.006202315194158236,0.6112055278667193,0.28107631043834175,
0.5361419213134495,0.2849309394276685,0.018898526323507907,0.07121518424245905,0.08881342869291503,
0.0020762249737571225,0.08960391877378136,0.0016088218761292712,0.0931930371168167,0.8135179972595156,
0.004160775812156778,0.04860931919258519,0.0032240952848929657,0.012149335657103095,0.931856474053262,
0.008004243286526437,0.009535405070454772,0.006202315194158236,0.023372140860123677,0.9528858955887368,
0.003678984016362933,0.0043827506970959326,0.002850765231257161,0.9756903583812498,0.013397141674034156,
0.006853227333552606,0.008164206949498614,0.07721077813153603,0.02001121016097344,0.8877605774244393,
0.0015649078233706825,0.0018642649229417402,0.49375764749526935,0.004569482057410266,0.49824369770100796,
0.543013260868668,0.07469403896531761,0.13910914109351,0.018668908885126033,0.22451465018737846,
0.3617337814384384,0.004068666612430448,0.002646468877177773,0.009972670114796849,0.6215784129571565,
0.003678984016362933,0.0043827506970959326,0.002850765231257161,0.31952582735277996,0.669561672702504,
0.002582509677298655,0.7888111388622752,0.0020011309548189893,0.08882373856059107,0.1177814819450161,
0.0032971900468136586,0.00392792192405784,0.00255492133276403,0.49392041625189126,0.49629955044447316,
0.6732149894341454,0.21388320995933158,0.0867427724849216,0.011641168245555144,0.014517859876046268,
0.12295676688833251,0.012746650920585587,0.008291073750431506,0.7047847649278588,0.1512207435127915,
0.23526646555582287,0.0043827506970959326,0.002850765231257161,0.62830913607206,0.12919088244376414,
0.006393530207816534,0.00761657263271119,0.00495420842829715,0.7565210385437967,0.22451465018737848,
0.0030838358651251114,0.03602769499558903,0.002389597786807903,0.138420466892233,0.8200784044602449,
0.0038266861164202295,0.08485375581150781,0.7256206531177292,0.1717639012099058,0.013935003744437008,
0.005991627046338245,0.007137787904835313,0.004642782351429517,0.017495364183153842,0.9647324385142431,
0.008738029809167514,0.6521323909559577,0.006770910517379645,0.025514774630051244,0.30684389408744395,
0.0038266861164202295,0.8878042410561569,0.0832602649220099,0.01117380416097599,0.013935003744437008,
0.0032971900468136586,0.00392792192405784,0.24470128338618674,0.2517740541984686,0.49629955044447316,
0.008738029809167514,0.6521323909559577,0.006770910517379645,0.025514774630051244,0.30684389408744395,
0.002582509677298655,0.08435941847436945,0.0020011309548189893,0.11591803549858745,0.7951389053949255,
0.008738029809167514,0.19375894054106244,0.6484937410982329,0.11718946471303028,0.031819823838506824,
0.003986744018635717,0.004749383266984821,0.8396245485773699,0.011641168245555143,0.1399981558914543,
0.004350695017770812,0.6442149533698207,0.32288725834873705,0.01270389381666402,0.015843199447007354,
0.010699838580840407,0.012746650920585587,0.34506185867290784,0.031243195082906208,0.60024845674276,
0.005322475661787523,0.006340632036786261,0.00412427140029724,0.12722254384566956,0.8569900770554594,
0.013797588354235902,0.01643698089168447,0.01069145312415354,0.3298022200390386,0.6292717575908875,
0.42788523400552336,0.009535405070454772,0.006202315194158236,0.2753007352915218,0.28107631043834175,
0.00961993430521689,0.01146016769702843,0.007454279258163789,0.028089908264674602,0.9433757104749163,
