0.003592918726555675,0.006202100275327502,0.9852079297926454,0.002619011907262227,0.0023780392982092045,
0.003592918726555675,0.006202100275327502,0.9852079297926454,0.002619011907262227,0.0023780392982092045,
0.018307039575076938,0.616646110831294,0.3395853178586908,0.013344681102711926,0.01211685063222637,
0.011549858580554781,0.0199373786423283,0.9524491556834173,0.00841912090192643,0.007644486191773156,
0.9445419216947325,0.016831163245470158,0.0250659952340015,0.007107433771801278,0.00645348605399465,
0.9658339874465427,0.010369160856397771,0.015442387006555416,0.004378670860781774,0.003975793829722373,
0.005039512977650495,0.00869921286980114,0.9792522916743673,0.0036734881860024295,0.003335494292178629,
0.7887433359035464,0.016831163245470158,0.18086458102518757,0.007107433771801278,0.00645348605399465,
0.004663949640393655,0.9768594895790634,0.011989913865729729,0.003399726120376824,0.0030869207944364385,
0.04739752210796456,0.004818847996789715,0.9439010692911977,0.0020348945877390807,0.001847666016308892,
0.7887433359035464,0.016831163245470158,0.18086458102518757,0.007107433771801278,0.00645348605399465,
0.004340480793440932,0.9784644027537104,0.011158351796615553,0.0031639376636171308,0.002872826992616044,
0.002282521357463928,0.003940090889041313,0.9906028444451457,0.0016638145944116824,0.0015107287139373958,
0.008436077935622014,0.9581438127696813,0.021687165516682923,0.006149370538410879,0.0055835732396029925,
0.005480857618325975,0.9728063438476927,0.014089991492384645,0.003995200686926027,0.0036276063546706303,
0.6033515184657947,0.031601631940576184,0.3395853178586908,0.013344681102711926,0.01211685063222637,
0.004058970364541311,0.007006599127723894,0.9184322229644113,0.0678157034023298,0.0026865041409937407,
0.004058970364541311,0.7204332597352879,0.26986253150298944,0.0029587342561875974,0.0026865041409937407,
0.014163810119764569,0.25076850633148223,0.7153685782197305,0.010324527265726843,0.009374578063295759,
0.003222868446860805,0.005563319073677349,0.9867314292464572,0.002349268514058433,0.002133114718946231,
0.003397847996520481,0.005865368965621695,0.986011037280926,0.0024768176068611513,0.002248928150070669,
0.6004892410009962,0.004613077386120714,0.39118091102067737,0.001948002139119604,0.0017687684530859958,
0.018307039575076938,0.031601631940576184,0.9246297967494086,0.013344681102711926,0.01211685063222637,
0.0029219265600331354,0.6586830497610707,0.007511583631470833,0.32894950924768757,0.0019339307997376046,
0.003222868446860805,0.005563319073677349,0.9867314292464572,0.002349268514058433,0.002133114718946231,
0.0033978479965204806,0.33162402628242155,0.660252379964126,0.002476817606861151,0.0022489281500706684,
0.004058970364541311,0.007006599127723894,0.9832891921105535,0.0029587342561875974,0.0026865041409937407,
0.009750406947616152,0.9516226779925865,0.0250659952340015,0.007107433771801278,0.00645348605399465,
0.006644701607334666,0.9670318509752254,0.01708195972902789,0.0048435697977774125,0.004397917890634716,
0.007433995100685376,0.012832570556068106,0.13789644026678105,0.8369166677797804,0.00492032629668518,
0.025876487708567365,0.0446680216715243,0.0665223432273488,0.018862332990156612,0.844070814402403,
0.005480857618325975,0.009461062476143828,0.10166683525343455,0.8797636382974251,0.0036276063546706303,
0.0026723869966401668,0.09001548510102873,0.006870076303591332,0.8132708754307457,0.08717117616799401,
0.4313388170381838,0.2238171489712394,0.33560254630216474,0.0048435697977774125,0.004397917890634716,
0.008436077935622014,0.9581438127696813,0.021687165516682923,0.006149370538410879,0.0055835732396029925,
0.011549858580554781,0.3890402566260156,0.58334627769973,0.00841912090192643,0.007644486191773156,
0.018307039575076938,0.03160163194057619,0.04706307841333193,0.8909113994387886,0.012116850632226372,
0.003592918726555674,0.9821734839258635,0.009236546142109258,0.0026190119072622264,0.002378039298209204,
0.7297621828018176,0.00869921286980114,0.01295539857547789,0.0036734881860024295,0.244909717566901,
0.00975040694761615,0.17262974903665618,0.8040589241899317,0.007107433771801276,0.0064534860539946495,
0.006644701607334666,0.9670318509752254,0.01708195972902789,0.0048435697977774125,0.004397917890634716,
0.002282521357463928,0.07688342575528527,0.9176595095789016,0.0016638145944116824,0.0015107287139373958,
0.002921926560033136,0.00504383285614725,0.9879704089888561,0.0021299007952257833,0.001933930799737605,
0.004058970364541311,0.9798611363198567,0.010434654918420659,0.0029587342561875974,0.0026865041409937407,
0.025876487708567365,0.0446680216715243,0.8934663286214064,0.018862332990156612,0.01712682900834526,
0.007433995100685376,0.012832570556068106,0.9693941929056981,0.0054189151408633625,0.00492032629668518,
0.006006925164984108,0.8742135169098005,0.11142509323471128,0.004378670860781774,0.003975793829722373,
0.0024621163336705043,0.004250107935390157,0.24237766341625372,0.0017947280430496949,0.7491153842716359,
0.0013779264218038054,0.0023785781116855424,0.9943270677899719,0.001004421747523066,9.120059290156798E-4,
0.018307039575076938,0.32412387138593507,0.6321075573040497,0.013344681102711926,0.01211685063222637,
0.011549858580554781,0.0199373786423283,0.9524491556834173,0.00841912090192643,0.007644486191773156,
0.9445419216947325,0.016831163245470158,0.0250659952340015,0.007107433771801278,0.00645348605399465,
0.8698512812183868,0.010369160856397771,0.015442387006555416,0.10036137708893765,0.003975793829722373,
0.011549858580554781,0.0199373786423283,0.9524491556834173,0.00841912090192643,0.007644486191773156,
0.1495266591426452,0.25811308421285295,0.3843977534026985,0.1089955355386355,0.09896696770316799,
0.4580577543875366,0.20157750656615048,0.010434654918420659,0.0029587342561875974,0.3269713498717047,
0.0032228684468608047,0.9325123459576065,0.05978240236252791,0.0023492685140584324,0.0021331147189462304,
0.007433995100685376,0.012832570556068106,0.019111047032650055,0.0054189151408633625,0.9552034721697331,
0.49203583397172035,0.005865368965621695,0.00873506533052623,0.1653561462652611,0.3280075854668706,
0.0864683611624099,0.05951773690199296,0.00454245615045952,0.0012880081540472092,0.8481834376310905,
0.004058970364541311,0.5258623522968614,0.07529162406456284,0.32724357998689857,0.06754347328713593,
0.008436077935622014,0.014562367052862082,0.021687165516682923,0.006149370538410879,0.9491650189564221,
0.006006925164984108,0.010369160856397771,0.015442387006555416,0.004378670860781774,0.9638028561112809,
0.7887433359035464,0.1726297490366562,0.0250659952340015,0.007107433771801278,0.00645348605399465,
0.22057028620772037,0.33162402628242155,0.06302817488332621,0.38252858447646104,0.0022489281500706684,
0.004058970364541311,0.07186356827386609,0.010434654918420659,0.9109563023021783,0.0026865041409937407,
0.1495266591426452,0.25811308421285295,0.3843977534026985,0.1089955355386355,0.09896696770316799,
0.002282521357463928,0.3321850977871391,0.005867823750852313,0.0016638145944116824,0.6580007425101331,
0.8908116649849658,0.08922395396137527,0.01295539857547789,0.0036734881860024295,0.003335494292178629,
0.04411807686312388,0.07615667302388686,0.8183655851858348,0.03215930485040464,0.02920036007674974,
0.008436077935622014,0.014562367052862082,0.021687165516682923,0.006149370538410879,0.9491650189564221,
