0.003224114818431463,0.0013154469151005304,0.004576124228704553,0.9883952877621611,0.002489026275602389,
0.003224114818431463,0.0013154469151005304,0.004576124228704553,0.9883952877621611,0.002489026275602389,
0.01639989566001731,0.0066911984742639334,0.023277074206229043,0.9409710631962935,0.012660768463196217,
0.010354744103858124,0.004224761509797058,0.01469693172985491,0.9627296692615331,0.007993893394956852,
0.008743311757759087,0.0035672930795627856,0.9461454415798165,0.03479409077511172,0.006749862807749844,
0.0053888216861950325,0.0021986527348863963,0.9668074729169301,0.021444866214906266,0.0041601864470821835,
0.004521461659186942,0.0018447676730744887,0.006417504156328447,0.9837256845974197,0.003490581913990327,
0.008743311757759087,0.003567293079562786,0.01240975679435136,0.034794090775111725,0.940485547593215,
0.004184687596327405,0.0017073630125636781,0.00593950630716979,0.9849378517529784,0.0032305913309606067,
0.0025052743248894648,0.0010221581946513007,0.0035558431331721594,0.9909826450810668,0.0019340792662202982,
0.008743311757759087,0.003567293079562786,0.01240975679435136,0.034794090775111725,0.940485547593215,
0.003894604050727144,0.0015890081999497367,0.005527778308594452,0.9859819634739316,0.003006645966796988,
0.0020485375653596476,8.358084536613667E-4,0.002907577091443152,0.9197025682557067,0.07450550863382914,
0.007565888423128963,0.0030869014122275364,0.010738589434479136,0.9727677322556635,0.005840888474500906,
0.00491718547152939,0.002006223978911309,0.00697917190934495,0.9823013367604128,0.0037960818798014363,
0.01639989566001731,0.0066911984742639334,0.8989845994998946,0.06526353790262797,0.012660768463196217,
0.0036421306803778876,0.0014859984329673877,0.0051694320423408165,0.9868907030739827,0.0028117357703310577,
0.0036421306803778876,0.0014859984329673877,0.0051694320423408165,0.9868907030739827,0.0028117357703310577,
0.012694375584061652,0.005179337009252473,0.6958610217357238,0.2764651697809321,0.009800095890029961,
0.0028921733180960257,0.0011800139521942886,0.0041049854424821276,0.9895900608419435,0.0022327664452841452,
0.0030491365495542433,0.0012440553434702897,0.0043277700785581946,0.9890250954993381,0.0023539425290791485,
0.34390212196744546,9.78524332121119E-4,0.08877999957563856,0.5644878367841809,0.0018515173406139392,
0.01639989566001731,0.0066911984742639334,0.023277074206229043,0.9409710631962935,0.012660768463196217,
0.0026222022421677864,0.001069865077543185,0.983848506406621,0.010435078305851416,0.0020243479678166,
0.0028921733180960257,0.0011800139521942886,0.0041049854424821276,0.9895900608419435,0.0022327664452841452,
0.0030491365495542433,0.0012440553434702897,0.0043277700785581946,0.9890250954993381,0.0023539425290791485,
0.0036421306803778876,0.0014859984329673877,0.0051694320423408165,0.9868907030739827,0.0028117357703310577,
0.008743311757759087,0.003567293079562786,0.01240975679435136,0.968529775560577,0.006749862807749845,
0.005960531347866438,0.9572578930950579,0.008460037391036368,0.023719990151502765,0.004601548014536587,
0.006667945529417992,0.0027205384642593265,0.009464100632649512,0.14521822524260986,0.8359291901310634,
0.02316050523450325,0.009449544100826704,0.8573425245776434,0.09216744682718435,0.01787997925984245,
0.004917185471529391,0.0020062239789113093,0.9697125231747166,0.019567985495041334,0.0037960818798014368,
0.0023983292394177272,0.29979434296914537,0.2595318959396525,0.2229840440561532,0.21529138779563128,
0.005960531347866438,0.0024319117076994964,0.8571942430686883,0.12981176586120927,0.004601548014536587,
0.007565888423128964,0.003086901412227537,0.41473539313483065,0.030108523621510053,0.544503293408303,
0.010354744103858123,0.0042247615097970575,0.7519152264653718,0.22551137452601608,0.00799389339495685,
0.892107420953683,0.0066911984742639334,0.023277074206229043,0.06526353790262797,0.012660768463196217,
0.003224114818431463,0.0013154469151005304,0.9801410169677973,0.012830395023068349,0.002489026275602389,
0.1654768759439227,0.0018447676730744891,0.8111945755800072,0.017993198889005295,0.0034905819139903274,
0.008743311757759087,0.4704351354722954,0.01240975679435136,0.5016619331678442,0.006749862807749845,
0.005960531347866437,0.002431911707699496,0.008460037391036367,0.9785459715388609,0.004601548014536586,
0.0020485375653596476,0.5842280605416243,0.002907577091443152,0.4092343476787391,0.0015814771228337685,
0.0026222022421677864,0.001069865077543185,0.003721803933392545,0.9905617807790799,0.0020243479678166,
0.0036421306803778876,0.0014859984329673877,0.0051694320423408165,0.9868907030739827,0.0028117357703310577,
0.02316050523450325,0.009449544100826704,0.8573425245776434,0.09216744682718435,0.01787997925984245,
0.00666794552941799,0.3587697597160381,0.48419639563502126,0.14521822524260983,0.005147673876912726,
0.0053888216861950325,0.0021986527348863963,0.8708915841638162,0.021444866214906266,0.10007607520019614,
0.19886031200153434,0.787504097159945,0.0031362878450857355,0.00879342647782296,0.0017058765156121349,
0.0012368033724262152,5.04618871369944E-4,0.0017554479903592853,0.9955483138659504,9.548158998940866E-4,
0.01639989566001731,0.0066911984742639334,0.023277074206229043,0.9409710631962935,0.012660768463196217,
0.010354744103858124,0.004224761509797058,0.01469693172985491,0.9627296692615331,0.007993893394956852,
0.008743311757759087,0.0035672930795627856,0.9461454415798165,0.03479409077511172,0.006749862807749844,
0.0053888216861950325,0.0021986527348863963,0.9668074729169301,0.021444866214906266,0.0041601864470821835,
0.010354744103858124,0.004224761509797058,0.01469693172985491,0.9627296692615331,0.007993893394956852,
0.1319460063754085,0.053834300830144476,0.18727661719847263,0.5250803643328044,0.10186271126317006,
0.9112124867040301,0.001485998432967388,0.005169432042340817,0.01449389304864124,0.06763818977202049,
0.0028921733180960257,0.0011800139521942886,0.0041049854424821276,0.6292445655350346,0.36257826175219293,
0.9561325355341616,0.0027205384642593265,0.009464100632649512,0.026535151492016903,0.0051476738769127275,
0.9799401646805692,0.0012440553434702897,0.0043277700785581946,0.012134067368323221,0.0023539425290791485,
0.9331103757260503,0.0571030898656928,0.0022509760870368595,0.0063112168596741606,0.0012243414615458249,
0.0036421306803778876,0.0014859984329673877,0.0051694320423408165,0.07932034705033068,0.9103820917939832,
0.41156269212348046,0.0030869014122275364,0.010738589434479136,0.16477412485496054,0.40983769217485233,
0.005388821686195032,0.002198652734886396,0.007648585385790539,0.021444866214906263,0.9633190739782218,
0.9424789965432242,0.003567293079562786,0.01240975679435136,0.034794090775111725,0.006749862807749845,
0.9799401646805692,0.0012440553434702897,0.0043277700785581946,0.012134067368323221,0.0023539425290791485,
0.9112124867040301,0.001485998432967388,0.005169432042340817,0.07932034705033068,0.002811735770331058,
0.1319460063754085,0.053834300830144476,0.18727661719847263,0.5250803643328044,0.10186271126317006,
0.36666869512033656,8.358084536613668E-4,0.0029075770914431523,0.008152174368264578,0.6214357449662945,
0.9702539473676015,0.0018447676730744891,0.006417504156328448,0.017993198889005295,0.0034905819139903274,
0.7407643450361878,0.016077076239173285,0.05592829118398035,0.15681000623944993,0.03042028130120856,
0.007565888423128963,0.0030869014122275364,0.010738589434479136,0.7034365297887625,0.2751720909414019,
