0.015473758537353464,0.012832134774329191,0.948308448960184,0.01284700465455957,0.010538653073573824,
0.0015912535522787238,0.0013196005349107014,0.994684267302198,0.0013211296882629027,0.0010837489223497743,
0.015473758537353464,0.012832134774329191,0.3251472327518066,0.6360082208629368,0.010538653073573824,
0.002341510690491131,0.8506203839128439,0.002052920534438632,0.1433904612030985,0.0015947236591279275,
0.857997409319763,0.06845642152178491,0.06861141095876941,0.0027109291642535517,0.002223829035429041,
0.0014954221597869117,0.0012401291291046692,0.0013111120405934137,0.42280841610125597,0.573144920569259,
0.0014954221597869113,0.9949334182033343,0.0013111120405934133,0.001241566190976625,0.0010184814053085375,
0.0024573729023028355,0.05151967969430105,0.24956360554897292,0.6947857083653616,0.001673633489061807,
0.004430384174799599,0.7173580757765567,0.003884341286518034,0.27130981409193344,0.0030173846701921094,
0.24239076496566078,0.0012401291291046692,0.0013111120405934137,0.7540395124593325,0.0010184814053085377,
0.003759593681691727,0.003117769525983311,0.9874407224193782,0.0031213823979062308,0.0025605319750404854,
0.004067518775485282,0.986218997457945,0.0035661988870343123,0.0033770355479584282,0.002770249331576992,
0.004430384174799599,0.0036740451064843334,0.003884341286518034,0.9849938447620059,0.0030173846701921094,
0.0024573729023028355,0.0020378591404934597,0.9917909138560869,0.0020402206120551628,0.001673633489061807,
0.0028857492875292347,0.002393104667693297,0.9903598821046395,0.0023958777978398526,0.001965386142298231,
0.0079978415429415,0.006632479131363475,0.007012111113294593,0.006640164849449226,0.9717174033629512,
0.0053925236844501526,0.0044719316593692755,0.004727897527528423,0.00447711373463132,0.9809305333940207,
0.0079978415429415,0.006632479131363475,0.9732824553693707,0.006640164849449226,0.005447059106875057,
0.08597134133297948,0.003373126768014611,0.0035661988870343123,0.0033770355479584282,0.9037122974640132,
0.04004900683785632,0.001571341971668776,0.0016612829507779764,0.0015731628430460333,0.9551452053966509,
0.003759593681691727,0.003117769525983311,0.0032962254247371407,0.9872658793925473,0.0025605319750404854,
0.9894946696131522,0.0027077913750902867,0.0028627808120747934,0.0027109291642535517,0.002223829035429041,
0.004864333848214415,0.983519339226738,0.004264806854787276,0.004038586968931113,0.0033129331013292277,
0.0025852981620347265,0.991240851607693,0.0022666613080354185,0.0021464298696989383,0.001760759052537984,
0.003265217412732928,0.9889372435755096,0.0028627808120747934,0.0027109291642535517,0.002223829035429041,
0.0030637781934408767,0.0025407411264676684,0.9897651597393992,0.002543685337770884,0.0020866356029216222,
0.009533100213852683,0.007905644027340925,0.00835814983265122,0.9677104341149153,0.006492671811239787,
0.991682204304444,0.002143945465283781,0.0022666613080354185,0.0021464298696989383,0.001760759052537984,
0.9887553492284445,0.0028983541929571478,0.0030642511260372063,0.002901712806350198,0.0023803326462108615,
0.9939037155096373,0.001571341971668776,0.0016612829507779764,0.0015731628430460333,0.0012904967248700344,
0.0068884850696637025,0.005712507959297482,0.006039482334253348,0.005719127614613117,0.9756403970221724,
0.9826503917616208,0.0044719316593692755,0.004727897527528423,0.00447711373463132,0.003672665316850038,
0.002341510690491131,0.001941776503968491,0.002052920534438632,0.9920690686119739,0.0015947236591279275,
0.003759593681691727,0.003117769525983311,0.9874407224193782,0.0031213823979062308,0.0025605319750404854,
0.004067518775485282,0.986218997457945,0.0035661988870343123,0.0033770355479584282,0.002770249331576992,
0.004430384174799599,0.0036740451064843334,0.003884341286518034,0.9849938447620059,0.0030173846701921094,
0.0024573729023028355,0.0020378591404934597,0.9917909138560869,0.0020402206120551628,0.001673633489061807,
0.0028857492875292347,0.002393104667693297,0.9903598821046395,0.0023958777978398526,0.001965386142298231,
0.0079978415429415,0.16767753650737613,0.32910222586531995,0.006640164849449225,0.48858223123491307,
0.0053925236844501526,0.0044719316593692755,0.004727897527528423,0.00447711373463132,0.9809305333940207,
0.0079978415429415,0.006632479131363475,0.9732824553693707,0.006640164849449226,0.005447059106875057,
0.004067518775485282,0.003373126768014611,0.0035661988870343123,0.0033770355479584282,0.9856161200215073,
0.0018948184909850754,0.001571341971668776,0.0016612829507779764,0.0015731628430460333,0.9932993937435222,
0.003759593681691727,0.003117769525983311,0.0032962254247371407,0.9872658793925473,0.0025605319750404854,
0.9237460394664576,0.0027077913750902867,0.0028627808120747934,0.06845955931094817,0.002223829035429041,
0.02486794606837466,0.9249395827215156,0.0010315535411781103,0.0483595993469713,8.013183219601637E-4,
0.004864333848214415,0.1019824551460239,0.004264806854787276,0.004038586968931113,0.8848498171820433,
0.9326079141245379,0.06050073997000634,0.0025300819653177905,0.0023958777978398526,0.001965386142298231,
0.003759593681691727,0.6844485751376579,0.0032962254247371407,0.30593507378087276,0.0025605319750404854,
0.004864333848214415,0.004033912470389022,0.9837502336111362,0.004038586968931113,0.0033129331013292277,
0.0053925236844501526,0.0044719316593692755,0.9819857656046992,0.00447711373463132,0.003672665316850038,
0.9912254195477038,0.002261683582889524,0.002391138558030458,0.0022643044222578775,0.0018574538891184716,
0.9805370194407597,0.005016661918395388,0.0053038072329962185,0.005022475227185759,0.004120036180662859,
0.003759593681691727,0.003117769525983311,0.0032962254247371407,0.9115624565468057,0.0782639548207821,
0.8510201180993664,0.0019417765039684907,0.0020529205344386315,0.0019440266349526147,0.1430411582272738,
0.9879040906763328,0.003117769525983311,0.0032962254247371407,0.0031213823979062308,0.0025605319750404854,
0.022477226410983108,0.9238457813212803,0.019706918206149594,0.018661596122649452,0.015308477938937535,
0.09364088800855865,0.09288454894024338,0.8067788757903496,0.0036783025906563143,0.0030173846701921094,
0.0018948184909850754,0.688346732215351,0.2687406013788766,0.03972735118991727,0.0012904967248700344,
0.047261976204929175,0.947398122945269,0.00196048595180409,0.001856495097507394,0.0015229198004903946,
0.0024573729023028355,0.0020378591404934597,0.0021545027799349512,0.0020402206120551628,0.9913100445652137,
0.3714822523751323,0.005016661918395388,0.0053038072329962185,0.005022475227185759,0.6131748032462903,
0.0068884850696637025,0.005712507959297482,0.9769883653860846,0.005719127614613117,0.004691513970341108,
0.0014517084346592345,0.9950815229793314,0.0012727860127363334,0.001205273106214592,9.887094670582366E-4,
0.003495009499687035,0.0028983541929571478,0.0030642511260372063,0.9881620525351077,0.0023803326462108615,
0.0018948184909850754,0.993580238990321,0.0016612829507779764,0.0015731628430460333,0.0012904967248700344,
0.002727273853103559,0.002261683582889524,0.9908892842526308,0.0022643044222578775,0.0018574538891184716,
0.009533100213852683,0.007905644027340925,0.00835814983265122,0.9677104341149153,0.006492671811239787,
0.9912254195477038,0.002261683582889524,0.002391138558030458,0.0022643044222578775,0.0018574538891184716,
0.9879040906763328,0.003117769525983311,0.0032962254247371407,0.0031213823979062308,0.0025605319750404854,
0.9936618900695892,0.0016336734564224005,0.0017271821851807224,0.0016355665575361097,0.0013416877312716596,
0.14559546836278245,0.005712507959297482,0.006039482334253348,0.005719127614613117,0.8369334137290536,
0.0023415106904911306,0.6620251378219826,0.04920173205715392,0.049092838157667906,0.2373387812727044,
0.8740661841974907,0.11305613922349936,0.004727897527528423,0.00447711373463132,0.003672665316850038,
0.002341510690491131,0.001941776503968491,0.002052920534438632,0.9920690686119739,0.0015947236591279275,
0.002457372902302835,0.89271062910903,0.002154502779934951,0.0020402206120551623,0.10063727459667698,
0.003265217412732928,0.0027077913750902867,0.0028627808120747934,0.9889403813646729,0.002223829035429041,
0.003759593681691727,0.003117769525983311,0.9874407224193782,0.0031213823979062308,0.0025605319750404854,
0.004067518775485282,0.003373126768014611,0.0035661988870343123,0.9043190836803946,0.0846740718890712,
0.004864333848214415,0.19993099782165882,0.3960589775573268,0.3958327576714707,0.0033129331013292277,
0.003063778193440876,0.0025407411264676675,0.0026861688873864626,0.9279302392615326,0.0637790725311724,
0.004067518775485282,0.003373126768014611,0.0035661988870343123,0.9862229062378888,0.002770249331576992,
0.003759593681691727,0.9872622665206243,0.0032962254247371407,0.0031213823979062308,0.0025605319750404854,
0.004430384174799599,0.9849895872778339,0.003884341286518034,0.0036783025906563143,0.0030173846701921094,
0.2308698622189166,0.07882119237172493,0.6846270310364118,0.0031213823979062308,0.0025605319750404854,
0.03621520402934681,0.6892479320023248,0.2736455753162893,4.896329876378458E-4,4.0165566440122214E-4,
0.003759593681691727,0.23022803806320818,0.0032962254247371407,0.7601556108553225,0.0025605319750404854,
0.7607938221391078,0.003117769525983311,0.1547030711162204,0.07882480524364785,0.0025605319750404854,
0.003759593681691727,0.003117769525983311,0.0032962254247371407,0.0031213823979062308,0.9867050289696815,
0.041062011668920616,0.8608793914851014,0.03600113690824302,0.03409151395007014,0.027965945987664827,
0.406096603990876,0.0015135920938400668,0.0016002275667965646,0.0015153460446478526,0.5892742303038394,
0.0019699815376109423,0.0016336734564224005,0.0017271821851807224,0.0016355665575361097,0.9930335962632498,
0.0017604791823749185,0.10780730646055289,0.0015435009024840891,0.8876897106847368,0.001199002769851375,
0.9887553492284445,0.0028983541929571478,0.0030642511260372063,0.002901712806350198,0.0023803326462108615,
0.558295710547698,0.0025407411264676684,0.002686168887386463,0.43439074383552645,0.0020866356029216222,
0.002236082078044108,0.0018543462806827327,0.04698638007868915,0.9474002717620936,0.0015229198004903946,
0.004864333848214415,0.004033912470389022,0.9837502336111362,0.004038586968931113,0.0033129331013292277,
0.23711601457368126,0.19663643120811472,0.2078915707450638,0.19686429354220142,0.1614916899309387,
0.23711601457368126,0.19663643120811472,0.2078915707450638,0.19686429354220142,0.1614916899309387,
0.756722495053936,0.23768583411754501,0.002052920534438632,0.0019440266349526152,0.0015947236591279275,
0.011797794540222624,0.9600283500768714,0.010343721585841181,0.009795055351671559,0.008035078445393315,
0.0030637781934408767,0.0025407411264676684,0.002686168887386463,0.002543685337770884,0.9891656264549342,
0.0021397384415171314,0.0017744500792796446,0.6050787901829919,0.38954971788483256,0.0014573034113789,
0.011797794540222624,0.9600283500768714,0.010343721585841181,0.009795055351671559,0.008035078445393315,
0.003759593681691727,0.003117769525983311,0.0032962254247371407,0.0031213823979062308,0.9867050289696815,
0.002341510690491131,0.001941776503968491,0.002052920534438632,0.0019440266349526152,0.9917197656361492,
0.39665850455075397,0.004033912470389023,0.004264806854787277,0.5917298430227406,0.003312933101329228,
0.3741034074411453,0.0012786311657284736,0.001351817869220537,0.001280112843767832,0.6219860306801378,
0.2993482962251484,0.0020378591404934597,0.5959363494256261,0.10100386171967035,0.001673633489061807,
0.9557495271627661,0.001571341971668776,0.0016612829507779764,0.03972735118991727,0.0012904967248700344,
0.9934000868509105,0.0017011542943783792,0.0017985255131269763,0.001703125592300016,0.0013971077492841565,
0.9620424266396854,0.0097837179774084,0.010343721585841181,0.009795055351671559,0.008035078445393315,
0.9573758182224382,0.0015135920938400668,0.0016002275667965646,0.0015153460446478526,0.037995016072277205,
0.24988853720034468,0.0017011542943783792,0.0017985255131269763,0.7452146752428659,0.0013971077492841565,
0.14424648660379524,0.0028983541929571478,0.8475731137506866,0.002901712806350198,0.0023803326462108615,
0.004067518775485282,0.003373126768014611,0.9864120695769647,0.0033770355479584282,0.002770249331576992,
0.9620424266396854,0.0097837179774084,0.010343721585841181,0.009795055351671559,0.008035078445393315,
