0.015510786187174134,0.944693976534682,0.012191002004860771,0.012731216697309368,0.014873018575973796,
0.0016061211407540858,0.7061280620751876,0.0012623619338633662,0.0013183004419194645,0.28968515440827564,
0.015510786187174134,0.017126620072144463,0.9397583584673983,0.012731216697309368,0.014873018575973796,
0.0023625028801452686,0.9915761433270072,0.0018568547719493476,0.0019391367885670443,0.002265362232331422,
0.0032929721816018225,0.20056049689008512,0.00258817509205653,0.7904007830455474,0.003157572790709182,
0.001509466614487536,0.09193499293193276,0.6631537653670009,0.001238966634862492,0.24216280845171645,
0.4528508558815347,0.5432763821989799,0.0011863944419983354,0.0012389666348624918,0.0014474008426245708,
0.0024792604054851104,0.002737536996014141,0.3973175385825779,0.5950883450573295,0.002377318958593314,
0.004465446482542483,0.00493063371747324,0.9826568542020917,0.0036652279345128214,0.00428183766337966,
0.03159889256562401,0.001666715078523308,0.9640480248783656,0.0012389666348624918,0.0014474008426245708,
0.003790615506069989,0.9109225721014957,0.002979307475230866,0.0031113282616108476,0.07919617665559256,
0.004100451450485287,0.9853792282736473,0.003222829020429407,0.003365640873580732,0.0039318503818572235,
0.004465446482542483,0.00493063371747324,0.9826568542020917,0.0036652279345128214,0.00428183766337966,
0.0024792604054851113,0.9911598269418623,0.0019486226042387,0.002034971089820728,0.0023773189585933148,
0.0029108297576969054,0.9896210019956405,0.002287822872655847,0.0023892021956217415,0.0027911431783852582,
0.008046819290216375,0.008885095514158921,0.006324553050760124,0.006604810283088439,0.9701387218617761,
0.9800633374346206,0.005998533097094499,0.004269851769050551,0.004459059896429995,0.005209217802804283,
0.008046819290216375,0.9713078646616968,0.006324553050760123,0.006604810283088438,0.0077159527142380575,
0.004100451450485287,0.004527615381276146,0.9840744419128005,0.0033656408735807317,0.0039318503818572235,
0.0019122324518077397,0.0021114389881034842,0.0015029560315275763,0.0015695558836161666,0.9929038166449451,
0.003790615506069988,0.004185502322617469,0.9852777997356822,0.003111328261610847,0.003634754174019375,
0.9222738779735395,0.003636017077527004,0.00258817509205653,0.06834435706616766,0.003157572790709182,
0.004901769544432509,0.0054124106705901905,0.003852640454353992,0.004023360873999074,0.9818098184566243,
0.002608158505618363,0.002879863036897156,0.05404047773937724,0.002140770346213346,0.938330730371894,
0.0032929721816018225,0.003636017077527004,0.00258817509205653,0.002702863795314963,0.9877799718534997,
0.003090131345669038,0.0034120453271453484,0.002428748419050812,0.9881060026078836,0.002963072300251194,
0.009584153955120231,0.010582581793179231,0.9627765375661586,0.007866650947964645,0.00919007573757716,
0.9904285169937738,0.0028798630368971566,0.0020499325557901313,0.002140770346213346,0.002500917067325859,
0.987066389754494,0.0038914582051116447,0.0027700021709191674,0.002892748100273326,0.0033794017692017463,
0.0019122324518077397,0.0021114389881034842,0.0015029560315275763,0.9926397666472014,0.0018336058813597737,
0.9745516072137101,0.007656899739152257,0.005450303660489568,0.005691820651014947,0.006649368735632909,
0.005432593466415946,0.005998533097094497,0.0042698517690505505,0.9790898038646345,0.005209217802804282,
0.0023625028801452686,0.00260861627252994,0.9908243818264265,0.0019391367885670443,0.002265362232331422,
0.0037906155060699886,0.9864839945830689,0.0029793074752308656,0.003111328261610847,0.0036347541740193753,
0.004100451450485287,0.9853792282736473,0.003222829020429407,0.003365640873580732,0.0039318503818572235,
0.004465446482542483,0.00493063371747324,0.9826568542020917,0.0036652279345128214,0.00428183766337966,
0.0024792604054851113,0.9911598269418623,0.0019486226042387,0.002034971089820728,0.0023773189585933148,
0.0029108297576969054,0.9896210019956405,0.002287822872655847,0.0023892021956217415,0.0027911431783852582,
0.008046819290216375,0.16928889037208192,0.006324553050760124,0.006604810283088439,0.8097349270038531,
0.9800633374346206,0.005998533097094499,0.004269851769050551,0.004459059896429995,0.005209217802804283,
0.008046819290216375,0.9713078646616968,0.006324553050760123,0.006604810283088438,0.0077159527142380575,
0.004100451450485287,0.004527615381276146,0.9840744419128005,0.0033656408735807317,0.0039318503818572235,
0.0019122324518077397,0.0021114389881034842,0.0015029560315275763,0.0015695558836161666,0.9929038166449451,
0.003790615506069988,0.004185502322617469,0.9852777997356822,0.003111328261610847,0.003634754174019375,
0.9879153712443922,0.003636017077527004,0.00258817509205653,0.002702863795314963,0.003157572790709182,
0.2142849106198413,0.0013115429171400897,9.335772186784871E-4,9.749464293360139E-4,0.7824950228150042,
0.9820113678697411,0.0054124106705901905,0.003852640454353992,0.004023360873999074,0.004700220131315568,
0.8152459543238605,0.0032140650224416335,0.0022878228726558466,0.1764610146026568,0.002791143178385258,
0.9860891077665214,0.00418550232261747,0.0029793074752308656,0.003111328261610847,0.0036347541740193753,
0.004901769544432509,0.9825220089958988,0.003852640454353992,0.004023360873999074,0.004700220131315568,
0.005432593466415947,0.9806292770652991,0.004269851769050551,0.004459059896429995,0.005209217802804283,
0.0027511946134793,0.003037799910397367,0.0021623545476000673,0.9894105790668769,0.0026380718616463316,
0.8561984289770544,0.128170743180316,0.004788398476814299,0.005000584744148369,0.005841844621666688,
0.003790615506069988,0.004185502322617469,0.9852777997356822,0.003111328261610847,0.003634754174019375,
0.9913300299346225,0.00260861627252994,0.0018568547719493476,0.0019391367885670443,0.002265362232331422,
0.4571591503955091,0.004185502322617469,0.0029793074752308656,0.003111328261610847,0.5325647115450316,
0.9176013885983849,0.02479205313458701,0.017647379821307662,0.01842938066577395,0.021529797779946437,
0.44953233297622314,0.5390108975098901,0.0035097039159942053,0.0036652279345128214,0.00428183766337966,
0.306856912686757,0.11646569407620948,0.001502956031527576,0.0015695558836161664,0.5736048813218897,
0.0022562478398319074,0.002491292128915471,0.0017733415706289737,0.36165691177683923,0.6318222066837844,
0.002479260405485111,0.05215865149330654,0.0019486226042386996,0.0020349710898207277,0.9413784944071489,
0.0060923478581369605,0.006727017306184945,0.0047883984768143,0.12644431061827946,0.8559479257405843,
0.006934499288845921,0.14588791515699,0.0054503036604895685,0.8350779131580416,0.00664936873563291,
0.0014653743417410237,0.0016180294997051746,0.0011517392685619255,0.0012027758014489741,0.9945620810885428,
0.0035243133742414697,0.0038914582051116442,0.7053000567282424,0.21365176446747028,0.07363240722493405,
0.0019122324518077397,0.0021114389881034842,0.0015029560315275763,0.0015695558836161666,0.9929038166449451,
0.0027511946134793,0.003037799910397367,0.0021623545476000673,0.9894105790668769,0.0026380718616463316,
0.009584153955120231,0.010582581793179231,0.9627765375661586,0.007866650947964645,0.00919007573757716,
0.989903599634373,0.0030377999103973676,0.0021623545476000677,0.0022581740459834527,0.0026380718616463325,
0.9860891077665214,0.00418550232261747,0.0029793074752308656,0.003111328261610847,0.0036347541740193753,
0.001988011648879088,0.002195112471958631,0.0015625161551909054,0.9923480905106493,0.0019062692133220514,
0.9745516072137101,0.007656899739152257,0.005450303660489568,0.005691820651014947,0.006649368735632909,
0.002362502880145268,0.002608616272529939,0.001856854771949347,0.47287605443355607,0.5202959716418194,
0.005432593466415946,0.005998533097094497,0.0042698517690505505,0.9790898038646345,0.005209217802804282,
0.0023625028801452686,0.00260861627252994,0.9908243818264265,0.0019391367885670443,0.002265362232331422,
0.002479260405485111,0.0027375369960141414,0.0019486226042386996,0.0020349710898207277,0.9907996089044413,
0.06893446545245452,0.4631264699734959,0.4620786279880254,0.0027028637953149626,0.0031575727907091817,
0.0037906155060699886,0.9864839945830689,0.0029793074752308656,0.003111328261610847,0.0036347541740193753,
0.004100451450485287,0.004527615381276146,0.9840744419128005,0.0033656408735807317,0.0039318503818572235,
0.20032368920949425,0.005412410670590191,0.0038526404543539924,0.6880000797017153,0.10241117996384644,
0.003090131345669037,0.003412045327145348,0.6800078691073023,0.31052688191963207,0.002963072300251193,
0.004100451450485287,0.004527615381276146,0.9840744419128005,0.0033656408735807317,0.0039318503818572235,
0.07935203798764316,0.45755403721205656,0.0029793074752308656,0.45647986315104994,0.003634754174019375,
0.004465446482542484,0.9840777840035707,0.0035097039159942057,0.003665227934512822,0.00428183766337966,
0.003790615506069988,0.004185502322617469,0.0029793074752308656,0.9854098205220622,0.003634754174019375,
5.955535412851966E-4,6.575952444400267E-4,4.6808680928200674E-4,0.32102346563210754,0.6772552987728853,
0.0037906155060699886,0.9864839945830689,0.0029793074752308656,0.003111328261610847,0.0036347541740193753,
0.003790615506069988,0.004185502322617469,0.0029793074752308656,0.9854098205220622,0.003634754174019375,
0.0037906155060699886,0.00418550232261747,0.0029793074752308656,0.003111328261610847,0.9859332464344709,
0.0406443964079043,0.04487852046567543,0.03194524843007911,0.8435586417524615,0.038973192943879804,
0.6260556359854657,0.2957814950448206,0.07488466602338947,0.001511924227359707,0.0017662787189647127,
0.001988011648879088,0.2795956863394146,0.0015625161551909052,0.0016317552697350474,0.7152220305867802,
0.0017767777231491642,0.9936646338062222,0.0013964927711410686,0.001458374962003466,0.0017037207374843218,
0.9168133842987618,0.003891458205111645,0.002770002170919168,0.0028927481002733266,0.07363240722493408,
0.24948253886866958,0.06501014720789548,0.0024287484190508115,0.6801154932041329,0.002963072300251193,
0.0022562478398319083,0.002491292128915472,0.8113345665384831,0.1817544173395384,0.0021634761532313028,
0.004901769544432509,0.0054124106705901905,0.003852640454353992,0.29715624037159166,0.6886769389590316,
0.2141408269760564,0.23644891634096565,0.16830811923294672,0.17576628541418235,0.20533585203584895,
0.2141408269760564,0.23644891634096565,0.16830811923294672,0.17576628541418235,0.20533585203584895,
0.002362502880145268,0.0026086162725299394,0.09604423830094716,0.8967192803140462,0.0022653622323314214,
0.01184762840157449,0.013081853359406152,0.00931187238696339,0.00972450543186309,0.9560341404201929,
0.003090131345669038,0.0034120453271453484,0.002428748419050812,0.002536372515881361,0.9885327023922534,
0.002159139207514595,0.0023840672190137777,0.9916142168044562,0.0017722163660056987,0.0020703604030098796,
0.01184762840157449,0.013081853359406152,0.00931187238696339,0.00972450543186309,0.9560341404201929,
0.0037906155060699886,0.00418550232261747,0.0029793074752308656,0.003111328261610847,0.9859332464344709,
0.14364357817364196,0.19098338333052556,0.001856854771949347,0.0019391367885670436,0.661577046935316,
0.004901769544432509,0.9825220089958988,0.003852640454353992,0.004023360873999074,0.004700220131315568,
0.746105577982188,0.0017184213917430084,0.0012231998224803001,0.00127740295653285,0.24967539784705597,
0.0024792604054851113,0.8923175979472775,0.10079085159882352,0.002034971089820728,0.0023773189585933148,
0.535565422862969,0.0021114389881034842,0.0015029560315275763,0.4208684912066715,0.039951690910728435,
0.00207004473419286,0.002285691341950182,0.001626991643116338,0.9920323429926169,0.001984929288123744,
0.011847628401574486,0.9577555124234983,0.009311872386963389,0.009724505431863087,0.011360481356100446,
0.001842018243766211,0.0020339102251973108,0.0014477698184836624,0.9929100229935881,0.0017662787189647124,
0.0020700447341928606,0.0022856913419501824,0.9919602468031691,0.0016990878325642677,0.0019849292881237443,
0.4952953515643677,0.4956624963952379,0.0027700021709191674,0.0028927481002733258,0.003379401769201746,
0.004100451450485287,0.9853792282736473,0.003222829020429407,0.003365640873580732,0.0039318503818572235,
0.9565212874656668,0.013081853359406148,0.009311872386963389,0.009724505431863087,0.011360481356100446,
