0.007936691878324457,0.011695030715183196,0.013491560610750875,0.9582550493646937,0.008621667431047652,
8.087251156028859E-4,0.0011916885790849872,0.0013747495911226296,0.9957463146426818,8.785220715076633E-4,
0.00793669187832446,0.011695030715183196,0.957830631876001,0.013915978099443574,0.008621667431047654,
0.0013871224146090153,0.0020439799721689946,0.0023579655627477256,0.9927040941476987,0.0015068379027756203,
0.0011906166949083785,0.0017544209893030384,0.23813108527449348,0.757630504268517,0.0012933727727780036,
0.9951370432970721,0.0011916885790849872,0.0013747495911226296,0.0014179964612127092,8.785220715076633E-4,
0.0030835295276789433,0.004543703231804526,0.0052416833304738475,0.9837814306150636,0.003349653294979089,
0.0015586174282339418,0.0022966846862478903,0.002649489462910863,0.9918020746428814,0.0016931337797259612,
0.0012496258151757287,0.001841373271763107,0.002124235472999307,0.993427290769649,0.0013574746704128648,
0.001001455957856003,0.0014756851301000404,0.0017023722177386875,0.0017559254398097596,0.9940645612544955,
0.0014678778750651664,0.7589966738479581,0.002495241547011243,0.2354456437732292,0.0015945629567361429,
0.002255871533856289,0.00332411630467963,0.0038347497919391264,0.9881346980248017,0.00245056434472322,
0.003513180454664421,0.005176810937752523,0.005972045754989894,0.00615991435928397,0.9791780484933092,
0.004081948460337102,0.0060149131846498494,0.006938892917463949,0.9785300047444188,0.004434240693130355,
0.004081948460337102,0.0060149131846498494,0.006938892917463949,0.9785300047444188,0.004434240693130355,
0.002070612114591818,0.0030511291921910965,0.9889983880134368,0.003630554553566143,0.002249316126214265,
0.004081948460337102,0.006014913184649849,0.006938892917463948,0.3309481193134753,0.6520161261240738,
0.9884940757808321,0.0028195765089876097,0.003252705212502712,0.0033550288070502525,0.0020786136906272095,
0.0017784998666148498,0.0026206901925744106,0.9905504438456798,0.00311837294090602,0.0019319931542249793,
0.002477539050673298,0.0036507521949821517,0.9868362968008428,0.004344049094792938,0.0026913628587088585,
0.0013147891471199159,0.0019373940295642571,0.9930142396353122,0.002305315269536392,0.0014282619184671954,
0.00166131462774565,0.002448013088693858,0.9911730744772241,0.0029129035535740626,0.0018046942527623446,
0.003513180454664421,0.005176810937752523,0.14530942622395113,0.8421841971730513,0.0038163852105807007,
0.002477539050673298,0.9862754872040728,0.004211561791752161,0.004344049094792938,0.0026913628587088585,
7.599727039522616E-4,0.8752239865805425,0.12185796331032056,0.0013325153182848861,8.255620868998253E-4,
0.002747516852594684,0.004048575209191798,0.985401846089001,0.004817420776152336,0.0029846410730601566,
0.0015586174282339418,0.0022966846862478903,0.002649489462910863,0.9918020746428814,0.0016931337797259612,
0.0015586174282339418,0.0022966846862478903,0.002649489462910863,0.9918020746428814,0.0016931337797259612,
0.0012496258151757287,0.001841373271763107,0.002124235472999307,0.993427290769649,0.0013574746704128648,
0.001001455957856003,0.0014756851301000404,0.0017023722177386875,0.0017559254398097596,0.9940645612544955,
0.0014678778750651666,0.9336506040396501,0.002495241547011244,0.06079171358153734,0.0015945629567361433,
0.002255871533856289,0.00332411630467963,0.0038347497919391264,0.9881346980248017,0.00245056434472322,
0.003513180454664421,0.005176810937752523,0.005972045754989894,0.00615991435928397,0.9791780484933092,
0.004081948460337102,0.0060149131846498494,0.006938892917463949,0.9785300047444188,0.004434240693130355,
0.004081948460337102,0.0060149131846498494,0.006938892917463949,0.9785300047444188,0.004434240693130355,
0.002070612114591818,0.0030511291921910965,0.906875174663703,0.003630554553566143,0.08437252947594791,
0.004081948460337102,0.0060149131846498494,0.006938892917463949,0.007157176598003534,0.9758070688395456,
0.9884940757808321,0.0028195765089876097,0.003252705212502712,0.0033550288070502525,0.0020786136906272095,
0.0017784998666148498,0.0026206901925744106,0.9905504438456798,0.00311837294090602,0.0019319931542249793,
0.0048704526951428,0.007176805492739736,0.008279269089149308,0.20170830985677407,0.777965162866194,
0.9707134103749433,0.0071768054927397375,0.008279269089149308,0.00853971832081401,0.005290796722353786,
0.039164928526919524,0.0014193114053143393,0.19264598824951185,0.765723444432228,0.0010463273860261454,
0.0012496258151757287,0.2000886194919784,0.7951132203538603,0.0021910596685726412,0.0013574746704128648,
0.0012496258151757287,0.001841373271763107,0.002124235472999307,0.39868555210900325,0.5960992133310588,
7.599727039522616E-4,0.001119849964151422,0.0012918755011631824,0.0013325153182848861,0.9954957865124482,
0.003083529527678944,0.004543703231804527,0.3721322537380087,0.6168908602075289,0.00334965329497909,
0.011582686279700986,0.01706754827856961,0.019689376427057263,0.9390780599293677,0.012582329085304331,
0.9126032600801693,0.0028195765089876097,0.003252705212502712,0.07924584450771306,0.0020786136906272095,
9.63198607828123E-4,0.0014193114053143395,0.9948823165504314,0.0016888460504000855,0.0010463273860261454,
0.004870452695142801,0.0071768054927397375,0.9741222267689498,0.00853971832081401,0.005290796722353786,
0.0015586174282339418,0.0022966846862478903,0.002649489462910863,0.9918020746428814,0.0016931337797259612,
0.002477539050673298,0.9862754872040728,0.004211561791752161,0.004344049094792938,0.0026913628587088585,
7.599727039522616E-4,0.9957900743896998,0.0012918755011631824,0.0013325153182848861,8.255620868998253E-4,
0.0011906166949083787,0.6156330350187954,0.33257394897133846,0.0493090265421798,0.0012933727727780038,
0.002747516852594684,0.004048575209191798,0.985401846089001,0.004817420776152336,0.0029846410730601566,
0.007936691878324457,0.9560341019804334,0.013491560610750875,0.013915978099443572,0.008621667431047652,
0.0010428781030939846,0.9942228987807009,0.0017727856080621551,0.0018285538944355444,0.0011328836137073721,
0.0012496258151757287,0.001841373271763107,0.9933604665740757,0.0021910596685726412,0.0013574746704128648,
0.3699740999352137,0.4937311304418509,0.0052416833304738475,0.005406576194970883,0.12564651009749067,
0.7002000827994705,0.283851571875675,0.005972045754989894,0.00615991435928397,0.0038163852105807007,
0.7923405228904739,0.20011781515437593,0.002824064148813763,0.0029129035535740626,0.0018046942527623446,
0.9884940757808321,0.0028195765089876097,0.003252705212502712,0.0033550288070502525,0.0020786136906272095,
0.00166131462774565,0.002448013088693858,0.06871399817070778,0.6618122437725142,0.2653644303403384,
0.9834788666297662,0.004048575209191798,0.00467049631182939,0.004817420776152336,0.0029846410730601566,
0.22958591877420417,0.7617277335156156,0.003252705212502712,0.0033550288070502525,0.0020786136906272095,
0.006036518464761619,0.00889504971850585,0.010261461071415779,0.9682494710411025,0.006557499704214345,
3.2251861619686756E-4,0.3842206824611483,0.6145409500576281,5.65495305659512E-4,3.5035355936712046E-4,
0.002747516852594684,0.9847799249863635,0.00467049631182939,0.004817420776152336,0.0029846410730601566,
7.599727039522615E-4,0.0011198499641514217,0.9959620999267115,0.001332515318284886,8.255620868998252E-4,
8.641612444294085E-4,0.0012733759167435966,0.9954085235771393,0.001515196650724247,9.387426109634412E-4,
0.33209226872172504,0.001367086342097454,0.4799258306389773,0.18560698763319755,0.0010078266640026572,
0.0010878746935099697,0.9939736368040756,0.0018492751878746644,0.0019074496833080582,0.0011817636312317,
0.0010014559578560031,0.0014756851301000406,0.9946790469386703,0.0017559254398097598,0.0010878865335639729,
9.63198607828123E-4,0.8036556397062338,0.0016373386540548696,0.07809230588858289,0.11565151714330037,
0.0011906166949083787,0.9934044898061752,0.002023926032381069,0.002087594693757311,0.0012933727727780038,
0.0010014559578560031,0.9944523598510315,0.0017023722177386877,0.0017559254398097598,0.0010878865335639729,
7.167639889378974E-4,0.0010561802063979852,0.14335746113873463,0.85409097041871,7.786242472195213E-4,
0.0015586174282339414,0.00229668468624789,0.0026494894629108625,0.0027328370975255216,0.9907623713250817,
0.0010878746935099695,0.0016030265694975594,0.0018492751878746642,0.13134709449651388,0.864112729052604,
0.00166131462774565,0.002448013088693858,0.002824064148813763,0.9912619138819844,0.0018046942527623446,
0.978874843737393,0.005176810937752523,0.005972045754989894,0.00615991435928397,0.0038163852105807007,
0.0011906166949083787,0.0017544209893030386,0.002023926032381069,0.3326376176327147,0.6623934186506928,
0.0015586174282339418,0.9913659222316037,0.002649489462910863,0.002732837097525522,0.0016931337797259612,
0.0014678778750651666,0.9918685807702141,0.002495241547011244,0.002573736850973359,0.0015945629567361433,
0.4806970417855181,0.5153800336393386,0.0014689853134556374,0.001515196650724247,9.387426109634412E-4,
0.99062785497359,0.0022966846862478903,0.002649489462910863,0.002732837097525522,0.0016931337797259612,
0.0014678778750651666,0.002162976350626468,0.002495241547011244,0.9922793412705609,0.0015945629567361433,
0.9900103249561559,0.002448013088693858,0.002824064148813763,0.0029129035535740626,0.0018046942527623446,
0.004081948460337102,0.0060149131846498494,0.006938892917463949,0.007157176598003534,0.9758070688395456,
