0.05105541428959441,0.04582594866624709,0.042077027937360185,0.04386818444740155,0.8171734246593969,
0.03409097492403885,0.03059913015277839,0.1942333976729579,0.19542939759810776,0.5456470996521171,
0.012809533770648163,0.13634836880082746,0.19783322455826693,0.13585717609922637,0.517151696771031,
0.1002734246104114,0.5977297374862499,0.014070276998205606,0.18107089818021865,0.10685566272491454,
0.08596817644723687,0.22713135910254653,0.44005019990695765,0.012576480417835881,0.234273784125423,
0.017072589403941782,0.015323891040962608,0.014070276998205603,0.014669227767279391,0.9388640147896106,
0.0037295647196803412,0.0033475556661255183,0.18482872927875565,0.0032045422666329005,0.8048896080688056,
0.009762417669963525,0.008762480086140261,0.29350016127511525,0.10353963854496502,0.5844353024238159,
0.012056877863015403,0.010821925034077398,0.009936606993371023,0.3041469870564766,0.6630376030530595,
0.679480825022643,0.012263012415589539,0.07784164305629285,0.011739115199683502,0.21867540430579102,
0.19097944058797858,0.008364531211712213,0.007680247190111457,0.008007183892337058,0.7849685971178607,
0.15729938019715445,0.013137747852793726,0.012062977407452036,0.15523888791767107,0.6622610066249287,
0.003944652869676039,0.0035406129286621145,0.0032509631213466605,0.38786344132496553,0.6014003297553496,
0.007594525915918196,0.00681663952021405,0.00625898513569058,0.006525420825700193,0.972804428602477,
0.05733817109303997,0.008762480086140261,0.055621394159732926,0.008388131698812116,0.8698898229622747,
0.05017660213998129,0.007668041527315799,0.0070407358049381814,0.6734767019443605,0.26163791858340424,
0.5243970056188656,0.022967577595383995,0.021088650257365293,0.2713905947975732,0.16015617173081176,
0.009319056534158682,0.008364531211712213,0.18934063124393138,0.008007183892337058,0.7849685971178607,
0.06020234291505828,0.009200185860065197,0.00844753875762093,0.008807137920899873,0.9133427945463557,
0.007071110422759217,0.006346836036012172,0.5916484737331958,0.006075688163336791,0.388857891644696,
0.06796616359855794,0.06100457644790977,0.05601392534610326,0.0583983548544327,0.7566169797529964,
0.08596817644723688,0.512456174102217,0.01206297740745204,0.012576480417835885,0.3769361916252583,
0.009762417669963525,0.008762480086140261,0.24592440785203876,0.29384265223727085,0.4417080421545866,
0.010250072596377408,0.009200185860065197,0.20825662003234446,0.5083298411077086,0.26396328040350425,
0.2600114241897818,0.15905699681610783,0.00844753875762093,0.358473030151666,0.21401101008482337,
0.0408832098309177,0.036695655124766705,0.03369366376045811,0.23436645877496987,0.6543610125088877,
0.00788640853151783,0.007078625402517719,0.7367320451745848,0.0452095040391562,0.20309341685222343,
0.0058595815633072056,0.005259400744506954,0.17616416260561227,0.11925805796122387,0.6934587971253497,
0.12238103424245707,0.3432011622310524,0.009385158729278194,0.009784670980493834,0.5152479738167185,
0.02048059454773503,0.018382823593892754,0.016878964962868375,0.31702526745417114,0.6272323494413328,
0.007071110422759217,0.006346836036012172,0.005827615247992183,0.006075688163336791,0.9746787501298996,
0.015761240989707662,0.014146860437050632,0.01298953669614154,0.013542481957635567,0.9435598799194646,
0.03409097492403885,0.03059913015277839,0.028095882175281504,0.029291882100431346,0.8779221306474699,
0.012056877863015403,0.010821925034077398,0.30372400047267145,0.3629044657523367,0.31049273087789897,
0.200124811259182,0.2889688459958782,0.015347174755961222,0.01600048116381411,0.4795586868251644,
0.009762417669963525,0.008762480086140261,0.4362274215443446,0.055963885121888574,0.48928379557766305,
0.10162760835893873,0.09121817202998132,0.08375581269149927,0.08732117309146661,0.6360772338281141,
0.007323477838917573,0.2920927716919858,0.006035602411898887,0.006292529031530574,0.6882556190256672,
0.00788640853151783,0.007078625402517719,0.006499538525412436,0.006776214215515549,0.9717592133250365,
0.009319056534158682,0.008364531211712213,0.18934063124393138,0.008007183892337058,0.7849685971178607,
0.48399726782016106,0.21999870175459302,0.008891699325942862,0.009270205744140995,0.2778421253551622,
0.01138776169767097,0.0102213445966941,0.009385158729278194,0.12077794352527994,0.8482277914510767,
0.022751394469985805,0.3530480827085551,0.01875043174260568,0.019548609739679337,0.5859014813391742,
0.6773473969663876,0.12121461714148021,0.009385158729278194,0.009784670980493834,0.18226815618236009,
0.05235638241339228,0.5727493142866579,0.0942309323757398,0.007659334481462282,0.2730040364427477,
0.010250072596377408,0.20900926713478868,0.00844753875762093,0.40842530047034686,0.363867821040866,
0.012056877863015403,0.010821925034077398,0.30372400047267145,0.010359593577176201,0.6630376030530595,
0.029234095011075715,0.16870792941301854,0.30902951700069237,0.025118720314842417,0.4679097382603711,
0.004186068076547081,0.22815957914352053,0.003449924084554175,0.02399698935941564,0.7402074393359627,
0.29284289537886316,0.006573354152040138,0.006035602411898887,0.006292529031530574,0.6882556190256672,
0.08161620877273003,0.11784916380543181,0.00625898513569058,0.15456878653932385,0.6397068557468237,
0.034415418553976555,0.20515025967919243,0.14760832561494294,0.34770475388657873,0.26512124226530953,
0.009319056534158682,0.008364531211712213,0.007680247190111457,0.008007183892337058,0.9666289811716806,
0.022751394469985805,0.131296715387834,0.12962611540296623,0.019548609739679337,0.6967771649995347,
0.24849843934118734,0.0661489521131384,0.03540713860912174,0.03562515948315073,0.6143203104534017,
0.022751394469985805,0.3530480827085551,0.24050179906332678,0.019548609739679337,0.36415011401845304,
0.09257140629078096,0.3213875216413438,0.01298953669614154,0.09035264725870888,0.48269888811302464,
0.14682609789257392,0.012263012415589539,0.011259802165034218,0.011739115199683502,0.8179119723271188,
0.014636972697319272,0.08446895160271133,0.012062977407452036,0.012576480417835881,0.8762546178746815,
0.21340793878383255,0.012263012415589539,0.011259802165034218,0.011739115199683502,0.7513301314358601,
0.11862705020113595,0.00681663952021405,0.00625898513569058,0.19157962796772976,0.6767176971752297,
0.006835556790566622,0.03944752290381091,0.005633485068060717,0.0058732941503205046,0.9422101410872412,
0.00788640853151783,0.19924507452072096,0.4676990164091002,0.006776214215515549,0.3183932863231454,
0.3473305212057057,0.004844393602418999,0.004448084346995504,0.004637432683270462,0.6387395681616094,
0.21340793878383255,0.012263012415589539,0.011259802165034218,0.011739115199683502,0.7513301314358601,
0.006214502186117038,0.005577967824370818,0.03540713860912174,0.24762360449383725,0.7051767868865532,
0.1717022973369166,0.02623972708717762,0.02409311234901051,0.025118720314842417,0.7528461429120529,
0.017072589403941782,0.09852472624743222,0.014070276998205603,0.014669227767279391,0.855663179583141,
0.010250072596377408,0.30891380777215044,0.00844753875762093,0.008807137920899873,0.6635814429529513,
0.008201623920686062,0.007361554146585877,0.08669821582883594,0.4067415274601066,0.4909970786437855,
0.013662416110056664,0.5449177395456587,0.011259802165034218,0.011739115199683502,0.4184209269795669,
0.2100591538711009,0.009200185860065197,0.00844753875762093,0.20861621919562337,0.5636769023155895,
0.010789008042591353,0.21999870175459296,0.00889169932594286,0.009270205744140994,0.7510503851327318,
0.18832931395059566,0.010821925034077398,0.009936606993371023,0.010359593577176201,0.7805525604447797,
0.11594639910427348,0.16742000622375192,0.061470394856783926,0.06184890127498206,0.5933142985402086,
0.013662416110056664,0.1454266941981068,0.011259802165034218,0.011739115199683502,0.8179119723271188,
0.2476411847853458,0.008762480086140261,0.055621394159732926,0.008388131698812116,0.6795868092699688,
0.3099636945084627,0.05915245617874608,0.00844753875762093,0.008807137920899873,0.6136291726342704,
0.1355679552512351,0.005937615009844882,0.0054518716998116145,0.19911309644130373,0.6539294615978046,
0.020480594547735025,0.11819208694460599,0.715543808417861,0.01759747740203136,0.1281860326877665,
0.04153116092188884,0.006346836036012172,0.07474771624625143,0.5229764456502811,0.3543978411455664,
0.008201623920686062,0.007361554146585877,0.006759321487138803,0.6065887633143494,0.3710887371312398,
0.2583441810418248,0.007668041527315799,0.0070407358049381814,0.0073404494584612,0.71960659216746,
0.008543086359612593,0.007668041527315799,0.0070407358049381814,0.0073404494584612,0.9694076868496722,
0.2799897796750912,0.012263012415589539,0.011259802165034218,0.41123016054723527,0.28525724519704965,
0.009762417669963525,0.008762480086140261,0.008045640736656475,0.055963885121888574,0.9174655763853512,
0.005258893177944322,0.0047202392178584355,0.08121948961047579,0.004518582389924151,0.9042827956037974,
0.04014767018006152,0.0727596362933058,0.005633485068060717,0.0058732941503205046,0.8755859143082514,
0.012809533770648163,0.011497488467778809,0.010556904058693972,0.011006295766177725,0.9541297779367013,
0.05248081946432569,0.004383232612653185,0.027823345268173913,0.02799466863097779,0.8873179340238695,
0.03409097492403885,0.03059913015277839,0.5265084286683107,0.029291882100431346,0.37950958415444075,
0.6298290306708941,0.004602289588186422,0.004225786333160509,0.12934598118176924,0.23199691222598953,
0.029234095011075715,0.02623972708717762,0.1665613146748514,0.025118720314842417,0.7528461429120529,
0.008201623920686062,0.5669338145384658,0.006759321487138803,0.04701650292246952,0.3710887371312398,
0.1369100254124546,0.3730802612406084,0.004448084346995504,0.004637432683270462,0.48092419631667105,
0.008914216534365733,0.008001157859312717,0.4417682594079522,0.007659334481462282,0.533657031716907,
0.03649999433050082,0.005577967824370818,0.03540713860912174,0.0053396673387669435,0.9171752318972397,
0.3903684450545752,0.008762480086140261,0.008045640736656475,0.008388131698812116,0.5844353024238159,
0.008201623920686062,0.04733100131743445,0.006759321487138803,0.04701650292246952,0.8906915503522712,
0.014636972697319272,0.013137747852793726,0.22605658865720482,0.012576480417835881,0.7335922103748462,
0.22863058394707206,0.22713135910254653,0.012062977407452036,0.012576480417835881,0.5195985991250934,
0.5663541244216015,0.06571798086908716,0.009385158729278194,0.06528130725288689,0.29326142872714617,
0.008914216534365733,0.3555384848915251,0.007346600617686707,0.18142799799756845,0.44677269995885394,
0.029234095011075715,0.16870792941301854,0.02409311234901051,0.16758692264068334,0.610377940586212,
0.012809533770648163,0.13634836880082746,0.010556904058693972,0.011006295766177725,0.8292788976036527,
0.029234095011075715,0.16870792941301854,0.02409311234901051,0.025118720314842417,0.7528461429120529,
0.11015461323373915,0.009200185860065197,0.00844753875762093,0.008807137920899873,0.8633905242276748,
0.03409097492403885,0.03059913015277839,0.028095882175281504,0.029291882100431346,0.8779221306474699,
0.009762417669963525,0.24664124720152253,0.008045640736656475,0.008388131698812116,0.7271625626930454,
0.06688439797006401,0.6206843435930177,0.009385158729278194,0.009784670980493834,0.29326142872714617,
0.020480594547735032,0.4176198769967458,0.11668822831358165,0.2172160041034579,0.2279952960384798,
0.013662416110056664,0.012263012415589539,0.011259802165034218,0.011739115199683502,0.951075654109636,
0.006835556790566622,0.006135409514316002,0.5386272992999791,0.0058732941503205046,0.44252844024481774,
0.03649999433050082,0.005577967824370818,0.005121646464737948,0.0053396673387669435,0.9474607240416234,
0.007071110422759217,0.006346836036012172,0.005827615247992183,0.9020370011407071,0.07871743715252934,
0.010789008042591353,0.009683919631228714,0.00889169932594286,0.009270205744140994,0.9613651672560961,
0.05733817109303997,0.34179275404767545,0.10319714758280939,0.008388131698812116,0.48928379557766305,
0.022751394469985805,0.24217239904819454,0.01875043174260568,0.019548609739679337,0.6967771649995347,
