0.006428587909054049,0.0028769021422088686,0.004193308034099142,0.9694159464046068,0.017085255510031146,
0.776784466111748,0.0028769021422088686,0.05234055042176751,0.006471098651239393,0.16152698267303625,
0.011344403702190333,0.005076813100268547,0.0073998489029698375,0.011419421579810246,0.964759512714761,
0.008466870157821878,0.003789068025426812,0.06893592351531592,0.00852285958185838,0.910285278719577,
0.07187993310737273,0.7013327604704863,0.005522860565765073,0.00852285958185838,0.21274158627451756,
0.0058639243363259805,0.09046053619239794,0.0038249832434014983,0.005902701090907625,0.893947855136967,
0.831255697413648,0.015850973039132604,0.023104022767437577,0.03565404910700503,0.09413525767277682,
0.009040132659212833,0.004045612719476478,0.14130987869814568,0.821578418977053,0.02402595694611197,
0.009696659976846149,0.3674576075739358,0.006325041013683475,0.009760781712158205,0.6067599097233763,
0.012397774400189666,0.005548214356732077,0.00808695280094783,0.6624561762617354,0.31151088218039513,
0.012397774400189666,0.09840198839828466,0.00808695280094783,0.012479757970867176,0.8686335264297106,
0.00846687015782188,0.0037890680254268126,0.8298926789099264,0.00852285958185838,0.1493285233249667,
0.019723309173628967,0.008826515436328607,0.012865330922879085,0.16757248125111202,0.7910123632160513,
0.47134523924774296,0.006813540201276873,0.12396127043162403,0.015325891749934624,0.3825540583694215,
0.01522521100497068,0.006813540201276873,0.009931263370930974,0.24338590587132075,0.7246440795515007,
0.8325316747414923,0.006116119097414641,0.008914718012968132,0.013757162421837403,0.13868032572628758,
0.017184793081376604,0.0076904864223134375,0.268622277717052,0.017298432082433427,0.6892040106968245,
0.17348701919415943,0.07763838407843293,0.11316396721808666,0.17463424811127193,0.4610763813980491,
0.22756757262244118,0.004339419831277468,0.5873141414019368,0.009760781712158207,0.17101808443218638,
0.30019121017097283,0.004339419831277467,0.1515723161107468,0.009760781712158205,0.5341362721748447,
0.059646125648288625,0.6167175176010381,0.25404499804755726,0.003757441762087658,0.06583391694102819,
0.008466870157821878,0.003789068025426812,0.3860012382630702,0.5792404261278161,0.022502397425864976,
0.0024831742138336234,0.559047122476349,0.0016197514179235296,0.0024995948617735704,0.43435035703012026,
0.019723309173628967,0.008826515436328607,0.899177809716722,0.019853734785471512,0.052418630887848844,
0.6861055543621329,0.004045612719476478,0.005896794357561689,0.00909991293354895,0.29485212562727997,
0.004808107940120625,0.3622574464515938,0.003136284039256525,0.004839902828816772,0.6249582587402123,
0.005617226073179008,0.002513803956921876,0.3402281111338639,0.0056543714700798406,0.6459864873659553,
0.08876687055918553,0.23961181400987155,0.16344207405726163,0.010525156891379155,0.4976540844823021,
0.26647815477027453,0.002232088659803049,0.0032534423651919163,0.7147804566229715,0.01325585758175898,
0.009040132659212833,0.8842306609332726,0.005896794357561689,0.00909991293354895,0.09173249911640398,
0.3006984498810307,0.5464082205717499,0.023104022767437577,0.03565404910700503,0.09413525767277682,
0.007113587115218488,0.0031834509071173083,0.004640126637997418,0.0071606275962924305,0.9779022077433743,
0.3434592846227327,0.05102414452987724,0.19678227758477262,0.006471098651239393,0.4022631946113781,
0.0058639243363259805,0.6613966849480466,0.0038249832434014983,0.005902701090907625,0.3230117063813183,
0.004339323368727894,0.42443655585332557,0.0028305002283648237,0.00436801829514043,0.5640256022544413,
0.008466870157821878,0.003789068025426812,0.005522860565765073,0.00852285958185838,0.9736983416691278,
0.005181268868594541,0.002318705712404754,0.0033796934382596447,0.005215531382879452,0.9839048005978616,
0.017184793081376607,0.007690486422313438,0.011209480512971859,0.01729843208243343,0.9466168079009047,
0.027993696763238735,0.012527654179400891,0.018260027738921783,0.8668197846475338,0.07439883667090481,
0.007113587115218488,0.0031834509071173083,0.004640126637997418,0.9128794782629065,0.07218335707676031,
0.010456013728033313,0.004679243516414899,0.006820360394957208,0.010525156891379155,0.9675192254692154,
0.9799776604517808,0.0018807957335138475,0.002741405675268329,0.004230527884780113,0.011169610254656884,
0.007513910055170322,0.05963842107526276,0.9053143553488424,0.007563597777836341,0.019969715742888167,
0.006428587909054049,0.0028769021422088686,0.004193308034099142,0.6323852496909281,0.35411595222370973,
0.008466870157821878,0.003789068025426812,0.005522860565765073,0.3255881743296127,0.6566330269213735,
0.007113587115218488,0.0031834509071173083,0.004640126637997418,0.32682610430215625,0.6582367310375106,
0.00846687015782188,0.0037890680254268126,0.005522860565765074,0.8963057408755705,0.08591546037541585,
0.5631629996198704,0.0030224234990140846,0.15615339033102846,0.006798424020403928,0.2708627625296831,
0.004808107940120625,0.002151709866706934,0.9754217728184511,0.004839902828816772,0.012778506545904612,
0.04820851449333109,0.021574128032571242,0.03144596511656267,0.04852730607863057,0.8502440862789044,
0.06510662134000084,0.18491980968056124,0.002657748753066277,0.3397781776102818,0.4075376426160898,
0.017184793081376607,0.39380968222843366,0.011209480512971859,0.01729843208243343,0.5604976120947844,
0.004808107940120625,0.002151709866706934,0.003136284039256525,0.004839902828816772,0.9850639953250991,
0.0061332870507866755,0.0027447499987266256,0.004000686033907632,0.41959398675552817,0.5675272901610509,
0.02799369676323874,0.012527654179400893,0.018260027738921786,0.028178812506035177,0.9130398088124034,
0.2432852251263568,0.006813540201276873,0.009931263370930974,0.015325891749934624,0.7246440795515007,
0.00846687015782188,0.0037890680254268126,0.7030665530108245,0.00852285958185838,0.2761546492240684,
0.007513910055170322,0.003362602213720853,0.45510780445650717,0.007563597777836341,0.5264520854967653,
0.008466870157821878,0.32085438277318107,0.06893592351531592,0.00852285958185838,0.5932199639718226,
0.08232029752537781,0.004339419831277467,0.5873141414019368,0.3002553319062849,0.025770809335123036,
0.006428587909054049,0.19546587169288235,0.004193308034099142,0.006471098651239393,0.7874411337127251,
0.0061332870507866755,0.0027447499987266256,0.27961411384576423,0.006173845037743264,0.7053340040669792,
0.17348701919415943,0.07763838407843293,0.11316396721808666,0.17463424811127193,0.4610763813980491,
0.005390447231350899,0.002412316578186017,0.003516138536547958,0.5302625345672861,0.4584185630866289,
0.15087031507205914,0.0028769021422088686,0.004193308034099142,0.006471098651239393,0.8355883761003934,
0.1352929960569236,0.13061519392452853,0.005522860565765074,0.642653489077367,0.08591546037541585,
0.07674667482950483,0.004045612719476478,0.14130987869814568,0.00909991293354895,0.768797920819324,
0.00969665997684615,0.004339419831277468,0.006325041013683476,0.9538680698430699,0.02577080933512304,
0.002795067940839211,0.0012508403183371713,0.0018231967918905946,0.6936291567456506,0.30050173820328246,
0.8609893996485748,0.09004131269490699,0.0073998489029698375,0.011419421579810246,0.030150017173738167,
0.004987718546216982,0.002232088659803049,0.04060921896862871,0.8268477864332818,0.12532318739206938,
0.7812889043900931,0.002318705712404754,0.0033796934382596447,0.04402091315895438,0.1689917833002881,
0.007513910055170322,0.003362602213720853,0.004901253564171977,0.007563597777836341,0.9766586363891004,
0.006428587909054049,0.33990759885588745,0.19678227758477262,0.006471098651239393,0.4504104369990464,
0.007513910055170322,0.003362602213720853,0.004901253564171977,0.007563597777836341,0.9766586363891004,
0.012397774400189666,0.09840198839828466,0.00808695280094783,0.6624561762617354,0.21865710813884257,
0.004202736177388457,0.06483401665444238,0.002741405675268329,0.09866035926617292,0.8295614822267279,
0.22756757262244118,0.004339419831277468,0.5873141414019368,0.009760781712158207,0.17101808443218638,
0.7654936311282268,0.0030224234990140846,0.004405416699761228,0.006798424020403928,0.220280104652594,
0.9693734356624215,0.0028769021422088686,0.004193308034099142,0.006471098651239393,0.017085255510031146,
0.010456013728033314,0.0046792435164149,0.7116180718753273,0.010525156891379157,0.26272151398884547,
0.0038401147856905083,0.001718516509313257,0.00250487111796662,0.4640373285614762,0.5278991690255533,
0.005181268868594541,0.002318705712404754,0.19740660231863427,0.3932693491436287,0.4018240739567377,
0.1488504025740754,0.002151709866706934,0.43526316794112074,0.004839902828816772,0.40889481678928014,
0.009040132659212835,0.004045612719476478,0.8183753004010659,0.14451299727413297,0.024025956946111975,
0.03168944177944777,0.0016704724865390023,0.8970487270308973,0.003757441762087659,0.0658339169410282,
0.010456013728033313,0.004679243516414899,0.006820360394957208,0.010525156891379155,0.9675192254692154,
0.8818281807484011,0.00194192081866813,0.0028305002283648237,0.00436801829514043,0.10903137990942557,
0.0061332870507866755,0.0027447499987266256,0.9686476833754057,0.006173845037743264,0.016300434537337632,
0.006753762971890522,0.05360508137610317,0.9148932584873647,0.006798424020403928,0.017949473144237702,
0.017184793081376607,0.39380968222843366,0.011209480512971859,0.01729843208243343,0.5604976120947844,
0.03807637722517796,0.002007152444792875,0.8427078400108784,0.004514745666099906,0.11269388465305084,
0.2202239049191277,0.0031834509071173083,0.004640126637997418,0.11371578649824703,0.6582367310375106,
0.13182874364958416,0.002513803956921876,0.003664064263450157,0.7208529710697091,0.14114041706033464,
0.00969665997684615,0.004339419831277468,0.006325041013683476,0.8812444322945383,0.09839444688365472,
0.012397774400189666,0.005548214356732077,0.47235582300871076,0.3838948541370776,0.12580333409728997,
0.35731523218704986,0.006813540201276873,0.2379912774923171,0.015325891749934624,0.3825540583694215,
0.009696659976846149,0.44008124512246743,0.5146905038534051,0.009760781712158205,0.025770809335123036,
0.32553218490557617,0.003789068025426812,0.005522860565765073,0.00852285958185838,0.6566330269213735,
0.11366874601717307,0.0031834509071173083,0.1644728649909293,0.5932140015570426,0.1254609365277376,
0.019723309173628967,0.008826515436328607,0.012865330922879085,0.9061662135793146,0.052418630887848844,
0.13529299605692358,0.003789068025426812,0.005522860565765073,0.00852285958185838,0.8468722157700261,
0.006753762971890522,0.0030224234990140846,0.004405416699761228,0.006798424020403928,0.9790199728089302,
0.010456013728033313,0.004679243516414899,0.006820360394957208,0.010525156891379155,0.9675192254692154,
0.7060105626028813,0.2574413198236302,0.005522860565765073,0.00852285958185838,0.022502397425864976,
0.013666787167736678,0.10847423004413409,0.008914718012968132,0.3208314952619957,0.5481127695131653,
0.06039116656619578,0.0031834509071173083,0.004640126637997418,0.9128794782629065,0.01890577762578301,
0.5702720986705894,0.003362602213720853,0.004901253564171977,0.007563597777836341,0.41390044777368146,
0.004640983463268757,0.03683580505402782,0.0030272702991643134,0.004671673197046154,0.9508242679864929,
0.8811803105592262,0.004339419831277467,0.07894867856221513,0.009760781712158205,0.025770809335123036,
0.8718754388707077,0.004679243516414899,0.006820360394957208,0.010525156891379155,0.106099800326541,
0.1812734028914672,0.005076813100268547,0.0073998489029698375,0.011419421579810246,0.7948305135254841,
0.04820851449333109,0.021574128032571242,0.03144596511656267,0.04852730607863057,0.8502440862789044,
0.691060400459298,0.005076813100268547,0.0073998489029698375,0.011419421579810246,0.2850435159576535,
0.7320870586418645,0.002412316578186017,0.003516138536547958,0.005426092993026323,0.25655839325037516,
0.004339323368727894,0.00194192081866813,0.42532513526302224,0.00436801829514043,0.5640256022544413,
0.9693734356624215,0.0028769021422088686,0.004193308034099142,0.006471098651239393,0.017085255510031146,
0.005617226073179008,0.002513803956921876,0.003664064263450157,0.04772487732888156,0.9404800283775674,
0.8049568373904118,0.002513803956921876,0.003664064263450157,0.0056543714700798406,0.18321092291913635,
0.019723309173628967,0.008826515436328607,0.012865330922879085,0.16757248125111202,0.7910123632160513,
0.0231417845832436,0.010356341172266286,0.015095170601872711,0.023294815770192365,0.928111887872425,
0.9762379102355737,0.002232088659803049,0.0032534423651919163,0.005020701157672393,0.01325585758175898,
0.012397774400189666,0.7483784066891528,0.00808695280094783,0.012479757970867176,0.21865710813884257,
0.651342990707363,0.002412316578186017,0.003516138536547958,0.005426092993026323,0.33730246118487667,
0.004640983463268757,0.002076918828259204,0.0030272702991643134,0.004671673197046154,0.9855831542122615,
0.9642028307013827,0.003362602213720853,0.004901253564171977,0.007563597777836341,0.019969715742888167,
0.0035350986403405566,0.0015820166100539359,0.0023059119264738012,0.1359399980074422,0.8566369748156895,
0.14445321699979682,0.004045612719476478,0.005896794357561689,0.00909991293354895,0.836504462989616,
0.870389957844674,0.0016704724865390023,0.002434843227989437,0.03171412563092853,0.09379060080986908,
0.6032957139764761,0.0027447499987266256,0.004000686033907632,0.09804498764169547,0.29191386234919425,
0.017184793081376607,0.007690486422313438,0.011209480512971859,0.01729843208243343,0.9466168079009047,
0.005390447231350899,0.002412316578186017,0.003516138536547958,0.005426092993026323,0.9832550046608888,
0.0036312404687697595,0.001625041709201184,0.0567613517975004,0.5747788912505709,0.36320347477395776,
0.004202736177388457,0.22221706895676374,0.034218016135732596,0.03570713834524438,0.7036550403848708,
0.010456013728033313,0.31792267084102377,0.006820360394957208,0.5587011547094447,0.106099800326541,
0.012397774400189666,0.005548214356732077,0.00808695280094783,0.012479757970867176,0.9614873004712632,
0.008466870157821878,0.003789068025426812,0.005522860565765073,0.3890012372791636,0.5932199639718226,
0.013666787167736678,0.006116119097414641,0.008914718012968132,0.013757162421837403,0.957545213300043,
0.40201029788379444,0.23961181400987155,0.006820360394957208,0.010525156891379155,0.3410323708199976,
0.005617226073179008,0.0445843098157236,0.0878050759810536,0.0056543714700798406,0.8563390166599639,
0.0058639243363259805,0.0026242056146058524,0.0038249832434014983,0.5329206845576602,0.45476620224800646,
0.0231417845832436,0.010356341172266286,0.015095170601872711,0.023294815770192365,0.928111887872425,
0.013666787167736678,0.006116119097414641,0.31598905085312645,0.013757162421837403,0.6504708804598848,
0.4866118021740142,0.0031834509071173083,0.004640126637997418,0.0071606275962924305,0.49840399268457863,
0.027993696763238735,0.012527654179400891,0.2279202707742964,0.028178812506035173,0.7033795657770288,
0.006753762971890522,0.0030224234990140846,0.8137279427331865,0.006798424020403928,0.16969744677550494,
0.8666346689047374,0.012527654179400891,0.018260027738921783,0.028178812506035173,0.07439883667090481,
0.6400359208046426,0.002232088659803049,0.0032534423651919163,0.005020701157672393,0.3494578470126901,
0.12925521806566376,0.0068135402012768735,0.8081413127957826,0.015325891749934628,0.04046403718734232,
0.009696659976846149,0.004339419831277467,0.006325041013683475,0.15500805680922153,0.8246308223689713,
0.009040132659212835,0.004045612719476478,0.8860818425713578,0.009099912933548952,0.09173249911640399,
0.4912653906240294,0.002076918828259204,0.48965167745992494,0.004671673197046154,0.012334339890740275,
0.004202736177388457,0.0018807957335138475,0.002741405675268329,0.004230527884780113,0.9869445345290493,
0.2202239049191277,0.0031834509071173083,0.004640126637997418,0.4866588426550881,0.2852936748806695,
0.017184793081376607,0.007690486422313438,0.011209480512971859,0.01729843208243343,0.9466168079009047,
0.007513910055170322,0.28474169652143033,0.23000452901033958,0.007563597777836341,0.4701762666352234,
0.005181268868594541,0.002318705712404754,0.0033796934382596447,0.12163167671110424,0.8674886552696368,
0.02799369676323874,0.012527654179400893,0.018260027738921786,0.028178812506035177,0.9130398088124034,
0.97788979778479,0.002076918828259204,0.0030272702991643134,0.004671673197046154,0.012334339890740275,
0.15850173660315775,0.0030224234990140846,0.8137279427331865,0.006798424020403928,0.017949473144237702,
0.19901755745972755,0.4843493260188926,0.004193308034099142,0.006471098651239393,0.30596870983604135,
0.1812734028914672,0.005076813100268547,0.17732884809224672,0.4362419195530025,0.20007901636301506,
0.21838300906117555,0.006116119097414641,0.008914718012968132,0.6279058281021541,0.13868032572628758,
0.9348897856882117,0.006116119097414641,0.008914718012968132,0.013757162421837403,0.036322214779568145,
