19,reported visit Kerry agency the official saying spoken diplomat the will conduct tomorrow Egypt MENA news had Shoukri Egyptian phone conflict the US Tuesday to talks officials senior counterpart Sameh raging Gaza 
19,reported visit Kerry agency the official saying spoken diplomat the will conduct tomorrow Egypt MENA news had Shoukri Egyptian phone conflict the US Tuesday to talks officials senior counterpart Sameh raging Gaza 
19,reported visit Kerry agency the official saying spoken diplomat the will conduct tomorrow Egypt MENA news had Shoukri Egyptian phone conflict the US Tuesday to talks officials senior counterpart Sameh raging Gaza 
19,reported visit Kerry agency the official saying spoken diplomat the will conduct tomorrow Egypt MENA news had Shoukri Egyptian phone conflict the US Tuesday to talks officials senior counterpart Sameh raging Gaza 
19,reported visit Kerry agency the official saying spoken diplomat the will conduct tomorrow Egypt MENA news had Shoukri Egyptian phone conflict the US Tuesday to talks officials senior counterpart Sameh raging Gaza 
19,reported visit Kerry agency the official saying spoken diplomat the will conduct tomorrow Egypt MENA news had Shoukri Egyptian phone conflict the US Tuesday to talks officials senior counterpart Sameh raging Gaza 
