0.003711825423435707,0.0018350064853892684,0.2627117107670538,0.7272439590856242,0.004497498238497021,
0.005491919873906965,0.0027150276309410733,0.2927866080429775,0.6923520636176358,0.00665438083453851,
0.002166748638775153,0.2281209530296274,0.0019893549236596492,0.1974731081124976,0.5702498352954402,
0.005011265486153804,0.002477407641275324,0.004600988545806237,0.8067977825445972,0.18111255578216728,
0.9874714427999884,9.619636561730681E-4,0.0017865383515390145,0.0074223360868987615,0.0023577191054007323,
0.9761009851390315,0.0018350064853892684,0.003407934842894875,0.014158575294187242,0.004497498238497021,
0.00208774496537249,0.6938073473386416,0.0019168193540701692,0.2996584356150097,0.0025296527269061736,
0.005491919873906965,0.0027150276309410733,0.005042291314269446,0.9800963803463439,0.00665438083453851,
0.002444229530478756,0.0012083480575056124,0.002244118198113154,0.009323393181440886,0.9847799110324615,
0.0046079742689013135,0.0022780335019404355,0.0042307151535204285,0.822346102159424,0.1665371749162137,
0.007710601688263596,0.003811872189592545,0.0070793275963919305,0.9720555130395852,0.00934268548616679,
0.002444229530478756,0.0012083480575056124,0.002244118198113154,0.009323393181440886,0.9847799110324615,
0.005491919873906965,0.0027150276309410733,0.005042291314269446,0.9800963803463439,0.00665438083453851,
0.005491919873906965,0.0027150276309410733,0.005042291314269446,0.9800963803463439,0.00665438083453851,
