the,spacex,military,improve,down,help,launch,provider,resiliency,would,that,noting,alternate,cost,vehicle,drive,investment,services,u.s,our,
launch,the,almost,decade,first,time,commercial,viable,compete,opportunity,emergence,services,statement,provider,spacex,force,james,secretary,deborah,ultimately,
fiscal,seven,another,missions,funded,two,opportunities,certification,allow,same,hearing,compete,lee,launch,spacex,would,that,force,the,deborah,
the,air,force,important,defense,department,very,james,deborah,secretary,this,pentagon,milestone,news,drive,said,statement,

