0.49736378845813467,0.021110842646637998,0.03600202943364882,0.4332751290569379,0.01224821040464069,
0.009129471616854847,0.011718298491333677,0.019984163316401987,0.9523692765929975,0.006798789982411999,
0.010021188307072179,0.11053739015677279,0.5103086695881105,0.3616698934680201,0.007462858480024327,
0.0904806805907181,0.6511591202991027,0.22482849367355304,0.030243767506986204,0.003287937929639796,
0.007750197900318784,0.009947906754556594,0.243583844575729,0.7329464168723016,0.005771633897094094,
0.006732983768399822,0.008642243149072295,0.2116134443102865,0.7023721798953794,0.070639148876862,
0.0029965980988227183,0.0038463377130981157,0.006559471162595437,0.42942842991767344,0.5571691631078103,
0.012454080862660534,0.6229228026910939,0.027261641895637626,0.32808682167224384,0.009274652878364022,
0.006732983768399822,0.008642243149072295,0.014738317055060849,0.9648723495690136,0.005014106458453445,
0.19535761253205208,0.004215726969698259,0.35932367794465253,0.43865707777387447,0.0024459047797225526,
0.007750197900318784,0.009947906754556594,0.016964970928707895,0.9595652905193226,0.005771633897094094,
0.008383483063336156,0.010760771384823889,0.0183512148051036,0.9562612843617537,0.006243246384982627,
0.5860626371118643,0.0076395513820615,0.013028345590963514,0.38883710694722,0.004432358967890579,
0.0029965980988227183,0.0038463377130981157,0.09418119317050402,0.8675370399572164,0.03143883106035875,
0.003284381238686935,0.1322645478319417,0.007189420573483112,0.7267669247139222,0.13049472564196596,
0.01002118830707218,0.012862877584649345,0.02193610672749326,0.947716968900761,0.007462858480024328,
0.11528610250398574,0.007220672359439378,0.0123139972746029,0.8609898965405398,0.004189331321432181,
