0.9948809682618561,0.001315921188439904,6.74976772805214E-4,0.002135494920045819,9.926388568529895E-4,
0.012844806530528208,0.9738731057435536,0.0023573074177540626,0.0074580611043527775,0.003466719203811379,
0.16383296037785738,0.0034139504334814376,0.0017511210142000823,0.8284267228745041,0.0025752452999570686,
0.016212095964033984,0.9670238928145024,0.0029752798520186387,0.009413205410453495,0.004375525958991488,
0.5947730944782201,0.004298178774097054,0.0022046691423210506,0.006975143358254547,0.39174891424710717,
0.7809978484074662,0.0034139504334814367,0.20747275035740304,0.005540205501692,0.002575245299957068,
0.8667665795912058,0.00702898716298658,0.003605385423565302,0.011406736597516696,0.11119231122472538,
0.013800254691044346,0.00493761028184615,0.002532653385847172,0.008012821563082535,0.9707166600781798,
0.016212095964033984,0.005800545969215942,0.0029752798520186387,0.009413205410453495,0.9655988728042779,
0.36955458972106037,0.311996394448286,0.0017511210142000823,0.05697061283749275,0.25972728197896083,
0.8014235806739167,0.189630075703577,0.0015877987420575032,0.005023485672887657,0.0023350592075609272,
0.9884946519594641,0.0029576162136486766,0.0015170530458983706,0.004799660082363922,0.0022310186986248723,
0.013800254691044346,0.00493761028184615,0.002532653385847172,0.975004893976884,0.003724587664378324,
0.00954173837045511,0.0034139504334814367,0.0017511210142000819,0.9827179448819062,0.002575245299957068,
0.0072916600815616335,0.9458660645753676,0.0013381816500820111,0.04353612804303235,0.0019679656499563534,
0.2638454636984098,0.42938437131090307,0.001452342706296126,0.3031819683382691,0.0021358539461217847,
0.9821221529773624,0.004595759296719261,0.0023573074177540626,0.0074580611043527775,0.003466719203811379,
0.005547439410626429,0.0019848252430879412,0.0010180783993227764,0.27232957669660357,0.7191200802503593,
0.010635739165670654,0.003805374338020647,0.0019518944694842226,0.9807364839249912,0.002870508101833048,
0.00865180650497257,0.32953097702750833,0.6544586715870704,0.005023485672887657,0.0023350592075609272,
0.9128880568025886,0.004595759296719261,0.0023573074177540626,0.0074580611043527775,0.07270081537858525,
0.9525652091014714,0.012193799453805072,0.006254577763369759,0.019788264691238698,0.009198148990115186,
0.9752748628968176,0.0063559543025916545,0.0032601660045818567,0.010314529657600166,0.004794487138408556,
0.9909216205351193,0.0023337288193617757,0.0011970418600545782,0.003787207077667019,0.0017604017077972169,
0.7608764443961662,0.007028987162986582,0.003605385423565303,0.22318700698759644,0.005302176029685519,
0.8943332487803897,0.027163167559088115,0.013932830734291263,0.04408076018865255,0.020489992737578604,
0.012013091030749018,0.0042981787740970535,0.0022046691423210506,0.9782418157707065,0.0032422452821264307,
0.08207890270530209,0.9046390095687796,0.0023573074177540626,0.0074580611043527775,0.003466719203811379,
0.5624325028533068,0.002831458232478694,0.4280052557847205,0.004594929183372066,0.0021358539461217847,
0.02492388517172658,0.008917547859992207,0.5419376224128818,0.2831532865817109,0.14106765797368842,
0.4007685978073045,0.006355954302591656,0.003260166004581857,0.010314529657600168,0.5793007522279219,
0.9807923271048458,0.00493761028184615,0.002532653385847172,0.008012821563082535,0.003724587664378324,
0.6630433818040752,0.16641773578175476,0.0011184022807137295,0.16777572788988562,0.0016447522435706504,
0.9807923271048458,0.00493761028184615,0.002532653385847172,0.008012821563082535,0.003724587664378324,
0.9842965775040744,0.004036792004908477,0.002070595765077194,0.006550961330734221,0.0030450733952055637,
0.00791371585135519,0.17345262346384846,0.0014523427062961263,0.8150454640323784,0.002135853946121785,
0.012844806530528208,0.9738731057435536,0.0023573074177540626,0.0074580611043527775,0.003466719203811379,
0.2314257684209668,0.007028987162986582,0.003605385423565303,0.011406736597516698,0.7465331223949647,
0.9774354428093203,0.005800545969215942,0.0029752798520186387,0.009413205410453495,0.004375525958991488,
0.5522481595231864,0.003599051097445416,0.0018460648831065706,0.4395918522086901,0.002714872287571551,
0.014909265585397525,0.005334404668415783,0.0027361815278565877,0.008656744925868974,0.9683634032924611,
0.25883370436970815,0.007861435646412283,0.004032374057691195,0.7233423690150611,0.005930116911127166,
0.6633684008129495,0.0019848252430879412,0.0010180783993227764,0.332131482278633,0.001497213266006886,
0.009075007060745693,0.9815410415650022,0.0016654654478152422,0.005269207988506077,0.002449277937930702,
0.009541738370455112,0.0034139504334814376,0.0017511210142000823,0.005540205501692001,0.9797529846801715,
0.9873690905677894,0.003246958057958377,0.0016654654478152422,0.005269207988506077,0.002449277937930702,
0.4002636680277731,0.0021804146715659273,0.0011184022807137297,0.5947927627763766,0.0016447522435706506,
0.10191907405426012,0.8891345823232337,0.0015877987420575032,0.005023485672887657,0.0023350592075609272,
0.06796286095109863,0.9210393229048683,0.0019518944694842226,0.006175413572715591,0.002870508101833048,
0.26384546369840983,0.0028314582324786945,0.044107634014138565,0.6870795901088511,0.002135853946121785,
0.014909265585397525,0.005334404668415783,0.0027361815278565877,0.9729962466362565,0.004023901582073595,
0.1160747762048419,0.038856934157115476,0.8393185361486944,0.003925205967435154,0.0018245475219129835,
0.008266318056080585,0.0029576162136486766,0.0015170530458983706,0.9850279939857474,0.0022310186986248723,
0.7794498925854199,0.0017727925032912373,9.093202337925898E-4,0.0028769119445230663,0.21499108273297332,
0.2148541089477292,0.0019848252430879412,0.7784428509657046,0.003221001577471428,0.001497213266006886,
0.9792487672957849,0.005334404668415783,0.0027361815278565877,0.008656744925868974,0.004023901582073595,
0.1951863416035477,0.003095540605001918,0.0015877987420575034,0.797795259841832,0.0023350592075609272,
0.3373159036160066,0.6423697983332257,0.003605385423565302,0.011406736597516696,0.005302176029685518,
0.005718425790218679,0.988368473625563,0.001049458199399154,0.0033202811473100418,0.0015433612375091285,
0.04483203643679211,0.002510233951165316,0.0012875768140433925,0.8360282520567099,0.11534190074128928,
0.478920246306601,0.002608892125288832,0.0013381816500820114,0.00423374585761241,0.5128989340604158,
0.02492388517172658,0.008917547859992207,0.00457408675287735,0.9548577061567166,0.006726774058687286,
0.9851968095179463,0.003805374338020647,0.0019518944694842226,0.006175413572715591,0.002870508101833048,
