0.0030104077755335698,0.0025821302445023227,0.5521384259415033,0.4408407306942684,0.0014283053441924514,
0.6012821459308638,0.0032941327667758307,0.06098765249624462,0.3326139192668805,0.0018221495392352787,
0.005661950200613235,0.0048564493404147455,0.9707041993932621,0.016091056114101516,0.002686344951608442,
0.006073445663753866,0.005209403146037504,0.677865710382586,0.30796985945850963,0.002881581349112943,
0.014509596134733046,0.012445379433145968,0.056786284175051986,0.9093745786262944,0.006884161630774477,
0.5654163269297271,0.006661913557198714,0.030397250517020902,0.39383947151331816,0.0036850374827351227,
0.017558184503447097,0.015060258485037644,0.06871756081645654,0.8903334142172914,0.008330581977767322,
0.004705509936885798,0.004036077644559467,0.018415979465126863,0.9706098766052057,0.0022325563482221093,
0.002905732336936742,0.002492346522159422,0.01137218022401997,0.49505454241881475,0.4881751984980691,
0.010769743205778245,0.009237579002809516,0.04214960171852576,0.5461078414320988,0.39173523464078763,
0.004705509936885798,0.004036077644559467,0.07472403763348531,0.9143018184368473,0.0022325563482221093,
0.07341516409637987,0.0048564493404147455,0.1576656326440625,0.7613764089675344,0.002686344951608442,
0.022228600765763006,0.01906623507842587,0.884985802995928,0.06317287323034255,0.010546487929540518,
0.0053026768048351205,0.0045482881973219974,0.08420711600599597,0.9034260333764741,0.0025158856153728055,
0.14116837799214652,0.0048564493404147455,0.22541884653982913,0.28710391169716803,0.3414524144304416,
0.008562703665479836,0.007344525312829943,0.8532304377877084,0.12679970905876586,0.004062624175216079,
0.0030104077755335698,0.5789624789296292,0.11985316442765817,0.2967456435229867,0.0014283053441924514,
0.0021018213734544317,0.0018028044509605272,0.9891248531537715,0.005973299740151396,9.972212816620153E-4,
0.1514281197815389,0.1505640772638225,0.6051883733236936,0.08993784828183213,0.002881581349112943,
0.05219634381424056,0.0034528139058021875,0.0639254788832848,0.8785154393854188,0.001909924011253662,
0.0017138679951711913,0.021978889525939543,0.9706233375382333,0.004870750378460657,8.131545621953292E-4,
0.39841594055992574,0.4758574799626319,0.10400588464596945,0.018613274443434805,0.003107420388038059,
0.5461446614151405,0.0015008236622785632,0.4465515988701083,0.004972735444005122,8.301806084673783E-4,
0.009540242912706139,0.008182994332198486,0.950637316788796,0.027113022653199446,0.004526423313099891,
0.0038405045275526776,0.0032941327667758307,0.6584292938995557,0.3326139192668805,0.0018221495392352787,
0.002475373940028649,0.03174455122364601,0.4243866147735114,0.5402190046099173,0.0011744554528965731,
0.0030104077755335698,0.0025821302445023227,0.9844236874553484,0.008555469180423325,0.0014283053441924514,
0.0026312566230632575,0.0967170009413717,0.010297963151233283,0.007477935423686067,0.8828758438606457,
