0.013272178963441574,0.9614113951618883,0.008603004453388522,0.008335985369041588,0.008377436052240018,
0.0013427518628060964,0.6750854089817345,0.3218809353627134,8.433551049482299E-4,8.475486877979328E-4,
0.013272178963441572,0.009520774829090055,0.00860300445338852,0.008335985369041588,0.9602680563850383,
0.9939513005681573,0.0016530692517210293,0.0014937189871210143,0.0014473571052489684,0.0014545540877517783,
0.0019775740169500327,0.001418609331226056,0.0012818602070985743,0.0012420739742057835,0.9940798824705196,
0.0013427518628060962,9.632207471231288E-4,8.703695367080205E-4,8.433551049482297E-4,0.9959803027484145,
0.005131358662608088,0.9850806734704656,0.0033261381984035577,0.0032229018952072645,0.003238927773315687,
0.00258976452711317,0.0018577631443130987,0.9922912274310515,0.001626578368687119,0.00163466652883532,
0.9945516194158561,0.0014890061106207497,0.001345470975918179,0.0013037103991392679,0.0013101930984657222,
0.9956347265912696,0.0011930001364159626,0.001077998972848364,0.0010445401620089102,0.0010497341374571237,
0.002438772134952704,0.001749449010618454,0.0015808080644172896,0.0015317431215620416,0.9926992276684495,
0.9901544633267259,0.002690719571152974,0.0024313433380149666,0.0023558795770269015,0.00236759418707932,
0.9846477204729461,0.004195675701192375,0.0037912268056214306,0.003673555134558904,0.003691821885681102,
0.9821520733073554,0.004877719442837815,0.0044075238457376795,0.00427072361648026,0.004291959787588742,
0.006799653026243171,0.004877719442837816,0.9797599441268501,0.004270723616480261,0.004291959787588743,
0.0034422480547929334,0.002469290741620509,0.9897536988006072,0.0021620059148091124,0.002172756488170326,
0.9821520733073554,0.004877719442837815,0.0044075238457376795,0.00427072361648026,0.004291959787588742,
0.0031805124380387185,0.0022815351455926125,0.00206160290212132,0.001997615103185032,0.9904787344110624,
0.0029557670130091313,0.002120314400192116,0.0019159232893211872,0.001856457077817367,0.9911515382196603,
0.004120415119801995,0.9880199723598522,0.0026708462659453206,0.0025879488400253276,0.0026008174143752807,
0.00218409166376886,0.99364979553278,0.0014157246042092193,0.0013717835032192652,0.0013786046960226916,
0.0027606877736857964,0.9919733534430475,0.001789473249031261,0.001733931779651752,0.0017425537545838286,
0.005848868372419071,0.9829945278017194,0.0037912268056214306,0.003673555134558904,0.003691821885681102,
0.004120415119801995,0.0029557727232334134,0.0026708462659453206,0.9876521484766441,0.0026008174143752807,
0.0012617451574235454,9.051107258735574E-4,8.178611242551715E-4,0.9962188659610278,7.964170314200117E-4,
0.004570653869366331,0.0032787507184624315,0.0029626902787678886,0.9863028957756325,0.0028850093577709613,
0.00258976452711317,0.9305570253453385,0.0016786810832910073,0.001626578368687119,0.06354795067557034,
0.00258976452711317,0.0018577631443130987,0.9922912274310515,0.001626578368687119,0.00163466652883532,
0.9945516194158561,0.0014890061106207497,0.001345470975918179,0.0013037103991392679,0.0013101930984657222,
0.9956347265912696,0.0011930001364159626,0.001077998972848364,0.0010445401620089102,0.0010497341374571237,
0.002438772134952704,0.001749449010618454,0.0015808080644172896,0.0015317431215620416,0.9926992276684495,
0.9901544633267259,0.002690719571152974,0.0024313433380149666,0.0023558795770269015,0.00236759418707932,
0.9846477204729461,0.004195675701192375,0.0037912268056214306,0.003673555134558904,0.003691821885681102,
0.9821520733073554,0.004877719442837815,0.0044075238457376795,0.00427072361648026,0.004291959787588742,
0.006799653026243171,0.004877719442837816,0.9797599441268501,0.004270723616480261,0.004291959787588743,
0.0034422480547929334,0.002469290741620509,0.9897536988006072,0.0021620059148091124,0.002172756488170326,
0.9821520733073554,0.004877719442837815,0.0044075238457376795,0.00427072361648026,0.004291959787588742,
0.0031805124380387185,0.0022815351455926125,0.00206160290212132,0.001997615103185032,0.9904787344110624,
0.0029557670130091313,0.002120314400192116,0.0019159232893211872,0.001856457077817367,0.9911515382196603,
0.9786875480405616,0.005824551113824433,0.0052630841576168,0.005099729143653723,0.0051250875443433945,
0.9786875480405616,0.005824551113824433,0.0052630841576168,0.005099729143653723,0.0051250875443433945,
0.4222234721158819,0.4982484675690744,0.001036777860530388,0.0774816886231919,0.0010095938313213957,
0.0020757087456195465,0.7458459391132982,0.001345470975918179,0.24942268806669843,0.0013101930984657222,
0.4983136640807378,0.0014890061106207497,0.348712039710501,0.15017509699967474,0.0013101930984657222,
0.03142618120343367,9.051107258735574E-4,0.9660798145965792,7.924764426936558E-4,7.964170314200117E-4,
0.005131358662608088,0.0036809713407695015,0.9847258403280995,0.0032229018952072645,0.003238927773315687,
0.9489716696047442,0.013945702690894016,0.012601384289524266,0.012210263941659366,0.012270979473178243,
0.0031805124380387185,0.0022815351455926125,0.00206160290212132,0.001997615103185032,0.9904787344110624,
0.001599476250982704,0.995349553591228,0.001036777860530388,0.001004598465937496,0.0010095938313213957,
0.008119558140183343,0.005824551113824434,0.005263084157616801,0.975667719044032,0.005125087544343395,
0.9932023108748734,0.0018577631443130987,0.0016786810832910073,0.001626578368687119,0.00163466652883532,
0.004120415119801995,0.0029557727232334134,0.0026708462659453206,0.9876521484766441,0.0026008174143752807,
0.0012617451574235454,9.051107258735574E-4,8.178611242551715E-4,0.9962188659610278,7.964170314200117E-4,
0.0019775740169500327,0.9942502416153065,0.0012818602070985743,0.0012420739742057835,0.0012482501864391955,
0.004570653869366331,0.0032787507184624315,0.0029626902787678886,0.9863028957756325,0.0028850093577709613,
0.9651627992962399,0.009520774829090056,0.008603004453388522,0.008335985369041588,0.008377436052240018,
0.0017319291529595702,0.0012423964091114801,0.0011226336125293602,0.9948098423561885,0.0010931984692110193,
0.0020757087456195465,0.9939649167808573,0.001345470975918179,0.0013037103991392679,0.0013101930984657222,
0.005131358662608088,0.2490308968731935,0.0033261381984035577,0.7392726784924794,0.003238927773315687,
0.005848868372419072,0.004195675701192376,0.003791226805621431,0.982472407235086,0.0036918218856811028,
0.0027606877736857964,0.0019803746422560886,0.001789473249031261,0.13373299561975724,0.8597364687152697,
0.0031805124380387185,0.0022815351455926125,0.00206160290212132,0.001997615103185032,0.9904787344110624,
0.7947550708143188,0.0019803746422560886,0.001789473249031261,0.001733931779651752,0.19974114951474212,
0.9880028150137871,0.0032787507184624315,0.0029626902787678886,0.0028707346312116947,0.0028850093577709613,
0.0031805124380387185,0.0022815351455926125,0.00206160290212132,0.9904688012709322,0.002007548243315296,
0.9735540246044361,0.007227508863811837,0.006530801542779571,0.006328099259239816,0.006359565729732569,
0.12849162389849225,0.870487439907306,3.469335943716071E-4,3.3616550850111695E-4,3.378370913288494E-4,
0.11384089399652418,0.8774406717357254,0.0029626902787678886,0.0028707346312116947,0.0028850093577709613,
0.0012617451574235452,0.061233982817893794,0.9359153785505689,7.924764426936556E-4,7.964170314200116E-4,
0.0014348737924037853,0.9958281320708416,9.300828191137722E-4,9.01215013212689E-4,9.05696304428132E-4,
0.590823949290539,0.0011051232420136352,9.985931127724325E-4,0.40609992407756945,9.72410277105381E-4,
0.0018067372639173178,0.0012960598792756597,0.0011711241063278406,0.9945856611948269,0.0011404175556521878,
0.0016630696133621476,0.0011930001364159626,0.9950496559507559,0.0010445401620089102,0.0010497341374571237,
0.11631511148686431,0.0011473815469208123,0.001036777860530388,0.8804911352743631,0.0010095938313213957,
0.09653296756781483,0.8996948480644417,0.0012818602070985743,0.0012420739742057835,0.0012482501864391955,
0.0016630696133621476,0.0011930001364159626,0.001077998972848364,0.9950161971399164,0.0010497341374571237,
0.5132573565707599,8.536132040692064E-4,0.48439053903443413,7.473874036176211E-4,7.51103787119073E-4,
0.00258976452711317,0.0018577631443130987,0.9922912274310515,0.001626578368687119,0.00163466652883532,
0.0018067372639173178,0.0012960598792756597,0.9946220104130825,0.0011347748880724542,0.0011404175556521878,
0.8607546027343715,0.0019803746422560886,0.13378853708913677,0.001733931779651752,0.0017425537545838286,
0.28550568325828396,0.004195675701192376,0.0037912268056214315,0.003673555134558905,0.7028338591003433,
0.0019775740169500327,0.001418609331226056,0.9941134924911791,0.0012420739742057835,0.0012482501864391955,
0.00258976452711317,0.0018577631443130987,0.0016786810832910073,0.001626578368687119,0.9922472128765957,
0.002438772134952704,0.001749449010618454,0.0015808080644172896,0.0015317431215620416,0.9926992276684495,
0.0014348737924037853,0.001029304255410411,9.300828191137722E-4,0.5497557407044851,0.44684999842858697,
0.00258976452711317,0.0018577631443130987,0.0016786810832910073,0.001626578368687119,0.9922472128765957,
0.11904581542377148,0.001749449010618454,0.0015808080644172896,0.8760845677877028,0.0015393597134899784,
0.0027606877736857964,0.0019803746422560886,0.001789473249031261,0.991726910580443,0.0017425537545838286,
0.9821520733073554,0.004877719442837815,0.0044075238457376795,0.00427072361648026,0.004291959787588742,
