0.014809399693971227,0.00695856331827406,0.009908635892026446,0.007399309616341475,0.9609240914793868,
0.22616673762801634,7.051526084830345E-4,0.25776525880872,7.498160522926634E-4,0.514613034902488,
0.014809399693971227,0.00695856331827406,0.009908635892026446,0.007399309616341475,0.9609240914793868,
0.9939086931580644,0.0012100158469322637,0.0017230002663549237,0.0012866566678525484,0.0018716340607959465,
0.002210040131548084,0.6154818125174887,0.0014786880915362741,0.0011042156694927602,0.3797252435899343,
0.0015007245528466102,0.9956546390842347,0.0010041010085260079,7.498160522926634E-4,0.001090719302100047,
0.9864414410807425,0.0026933581872642916,0.0038352033866423992,0.0028639519716578115,0.004166045373693083,
0.9931546954023915,0.0013597947460404925,0.0019362777070695261,0.0014459223665041832,0.002103309777994362,
0.9945130685960217,0.001089958874528529,0.001552045318984734,0.0011589954438635522,0.0016859317666015731,
0.001858645538067366,8.733306501366452E-4,0.0012435778809148058,0.9946735913984576,0.0013508545324235866,
0.0027252802489224244,0.0012805404381035423,0.0018234236531070541,0.001361648194375242,0.9928091074654917,
0.9900870771729638,0.001969165898449267,0.002803990853613218,0.0020938902905867775,0.003045875784386992,
0.006532941164758199,0.0030696642462851023,0.00437104383994526,0.981278240901425,0.0047481098475864285,
0.9820374246059166,0.0035681999680136954,0.005080933039746703,0.0037942050864174146,0.00551923729990562,
0.9820374246059166,0.0035681999680136954,0.005080933039746703,0.0037942050864174146,0.00551923729990562,
0.9909024616215238,0.001807192757101784,0.0025733494397907437,0.0019216579823437695,0.002795338199239948,
0.007593938158981479,0.0035681999680136954,0.005080933039746703,0.9782376915333525,0.00551923729990562,
0.003553799073320318,0.9897099440624216,0.0023777669438746424,0.0017756060475880855,0.002582883872795489,
0.0033027777738144914,0.0015518919564735893,0.0022098142442821597,0.0016501867629633265,0.9912853292624664,
0.0046034218606578374,0.0021630318014277767,0.0030800459179464454,0.00230003540626353,0.9878534650137043,
0.0024407650387469715,0.0011468539183302996,0.00163306093202258,0.0012194941453151943,0.9935598259655849,
0.00308487850722019,0.0014495065880633367,0.0020640227511467915,0.0015413164392484953,0.9918602757143211,
0.006532941164758199,0.0030696642462851023,0.00437104383994526,0.0032640927642102126,0.9827622579848012,
0.004603421860657838,0.002163031801427777,0.987587766324751,0.0023000354062635304,0.003345744606899905,
0.001410203201179512,6.626189089241197E-4,0.9961976607418458,7.045883238421135E-4,0.001024928824208411,
0.0051061236789895605,0.0023992387041624525,0.9862323284294254,0.002551203345234648,0.0037111058421879922,
0.9931546954023915,0.0013597947460404925,0.0019362777070695261,0.0014459223665041832,0.002103309777994362,
0.9931546954023915,0.0013597947460404925,0.0019362777070695261,0.0014459223665041832,0.002103309777994362,
0.9945130685960217,0.001089958874528529,0.001552045318984734,0.0011589954438635522,0.0016859317666015731,
0.001858645538067366,8.733306501366452E-4,0.0012435778809148058,0.9946735913984576,0.0013508545324235866,
0.0027252802489224244,0.0012805404381035423,0.0018234236531070541,0.001361648194375242,0.9928091074654917,
0.9900870771729638,0.001969165898449267,0.002803990853613218,0.0020938902905867775,0.003045875784386992,
0.006532941164758199,0.0030696642462851023,0.00437104383994526,0.981278240901425,0.0047481098475864285,
0.9820374246059166,0.0035681999680136954,0.005080933039746703,0.0037942050864174146,0.00551923729990562,
0.9820374246059166,0.0035681999680136954,0.005080933039746703,0.0037942050864174146,0.00551923729990562,
0.9909024616215238,0.001807192757101784,0.0025733494397907437,0.0019216579823437695,0.002795338199239948,
0.007593938158981479,0.0035681999680136954,0.005080933039746703,0.9782376915333525,0.00551923729990562,
0.003553799073320318,0.9897099440624216,0.0023777669438746424,0.0017756060475880855,0.002582883872795489,
0.0033027777738144914,0.0015518919564735893,0.0022098142442821597,0.0016501867629633265,0.9912853292624664,
0.009066384753810164,0.0042600654773944395,0.006066113903259426,0.97401803154581,0.006589404319726004,
0.009066384753810164,0.0042600654773944395,0.006066113903259426,0.0045298924521315325,0.9760775434134045,
0.11647805963416143,0.07730025668674445,0.0011960357035317457,8.931439785522565E-4,0.8041325039970101,
0.002319679491956918,0.0010899588745285288,0.15038105368459442,0.001158995443863552,0.8450503125050566,
0.002319679491956918,0.0010899588745285288,0.0015520453189847338,0.9933523845479282,0.001685931766601573,
0.12204706690197631,6.626189089241199E-4,9.435352102723155E-4,0.8753218501546189,0.0010249288242084112,
0.9864414410807425,0.0026933581872642916,0.0038352033866423992,0.0028639519716578115,0.004166045373693083,
0.02167399117834754,0.010184061683178296,0.0145015794935068,0.9378878163277198,0.01575255131724768,
0.003553799073320318,0.9897099440624216,0.0023777669438746424,0.0017756060475880855,0.002582883872795489,
0.0017875892277074317,8.399430824417966E-4,0.0011960357035317457,8.931439785522565E-4,0.9952832880077668,
0.009066384753810164,0.0042600654773944395,0.006066113903259426,0.0045298924521315325,0.9760775434134045,
0.4361330268880292,0.0013597947460404925,0.0019362777070695261,0.5584675908808665,0.002103309777994362,
0.004603421860657838,0.002163031801427777,0.987587766324751,0.0023000354062635304,0.003345744606899905,
0.001410203201179512,6.626189089241197E-4,0.9961976607418458,7.045883238421135E-4,0.001024928824208411,
0.0022100401315480835,0.0010384421049534239,0.001478688091536274,0.00110421566949276,0.9941686140024695,
0.0051061236789895605,0.0023992387041624525,0.9862323284294254,0.002551203345234648,0.0037111058421879922,
0.014809399693971227,0.00695856331827406,0.9600693277401553,0.007399309616341475,0.010763399631257942,
0.0019355846359823093,9.094823912980355E-4,0.9533858210136086,9.67087816266926E-4,0.04280202414284428,
0.05192934894716015,0.0010899588745285288,0.0015520453189847338,0.001158995443863552,0.944269651415463,
0.005732076592517076,0.9834027226754899,0.0038352033866423992,0.0028639519716578115,0.004166045373693083,
0.006532941164758199,0.9810838123835,0.00437104383994526,0.0032640927642102126,0.0047481098475864285,
0.003084878507220191,0.33132224026375673,0.6618094901025335,0.0015413164392484957,0.0022420746872411253,
0.003553799073320318,0.9897099440624216,0.0023777669438746424,0.0017756060475880855,0.002582883872795489,
0.860753986064023,0.0014495065880633369,0.13401311622142412,0.0015413164392484955,0.002242074687241125,
0.2235096650219873,0.7668116334046544,0.00341639238593572,0.002551203345234648,0.0037111058421879922,
0.003553799073320318,0.0016698405325767662,0.9904178704737193,0.0017756060475880855,0.002582883872795489,
0.9733960885210134,0.0052847698064291265,0.00752524010919964,0.0056195002129492775,0.008174401350408476,
0.026187662922312248,2.811084453488431E-4,0.32026778952396895,2.9891348655865983E-4,0.6529645256218113,
0.0051061236789895605,0.0023992387041624525,0.9862323284294254,0.002551203345234648,0.0037111058421879922,
0.9966643287327528,6.626189089241196E-4,9.435352102723152E-4,7.045883238421133E-4,0.0010249288242084108,
0.0016036642235360782,7.535213628726231E-4,0.0010729756244310857,8.01248420314014E-4,0.9957685903688461,
0.0017217658493116578,8.090143374653092E-4,0.0011519947631030585,0.7741312767289334,0.22218594832118646,
0.002019168627415692,9.487564002924745E-4,0.9945557036500596,0.0010088493896166547,0.001467521932615609,
0.9956035906654145,8.733306501366453E-4,0.0012435778809148058,9.286462711105459E-4,0.0013508545324235868,
0.11647805963416144,8.399430824417967E-4,0.8804896421530125,8.931439785522566E-4,0.0012992111518321363,
0.002210040131548084,0.001038442104953424,0.9940410556810163,0.0011042156694927602,0.0016062464129895555,
0.0018586455380673664,8.733306501366453E-4,0.9949885230082619,9.286462711105459E-4,0.0013508545324235868,
0.9968540853699713,6.249244462984204E-4,8.898602362553664E-4,6.645063432619123E-4,9.666236042127194E-4,
0.6218069163928165,0.001359794746040492,0.0019362777070695257,0.37279370137607903,0.0021033097779943615,
0.0020191686274156915,9.487564002924743E-4,0.0013509802657166211,0.9942135727739595,0.0014675219326156087,
0.6628303458586069,0.0014495065880633367,0.06803856948628546,0.26543950337980315,0.002242074687241125,
0.006532941164758199,0.9810838123835,0.00437104383994526,0.0032640927642102126,0.0047481098475864285,
0.47485878660272896,0.0010384421049534239,0.23780306132712672,0.00110421566949276,0.28519549429569807,
0.0028939513768584256,0.0013597947460404925,0.9921970217326027,0.0014459223665041832,0.002103309777994362,
0.0027252802489224244,0.17613260873971845,0.0018234236531070541,0.001361648194375242,0.8179570391638767,
0.0016036642235360784,7.535213628726232E-4,0.995676030639451,8.012484203140141E-4,0.0011655353538264303,
0.0028939513768584256,0.9916205387715736,0.0019362777070695261,0.0014459223665041832,0.002103309777994362,
0.002725280248922425,0.0012805404381035427,0.9926518106955917,0.0013616481943752425,0.001980720423007254,
0.0030848785072201904,0.9910677076151435,0.0020640227511467915,0.0015413164392484955,0.002242074687241125,
0.007593938158981479,0.0035681999680136954,0.005080933039746703,0.9782376915333525,0.00551923729990562,
