0.1662081197433716,0.002968993372322046,0.00403310822500708,0.0036357319770636094,0.8231540466822358,
0.0025787775561578684,0.002744723862830591,0.8346378930628925,0.003361098886016746,0.15667750663210234,
0.143137210879372,0.15234819979780212,0.20695121228545804,0.18656061236665628,0.3110027646707116,
0.0022403221378106764,0.002384488579634657,0.0032391114754960256,0.9216451674929028,0.07049091031415573,
0.0025787775561578684,0.9847286011487228,0.0037284584363681513,0.0033610988860167455,0.005603063972734279,
0.0015351374203355613,0.09156802141743103,0.002219538498839087,0.7664406728323576,0.13823662983103674,
0.0011676096903959297,0.9588839973259475,0.0016881580926382943,0.001521826347651006,0.03673840854336728,
0.0017745225434453824,0.0018887144253659722,0.9901682941619041,0.002312857784008397,0.0038556110852761517,
0.39597969396419425,0.002384488579634657,0.5938481692150713,0.0029199665646745484,0.004867681676425133,
0.18684841199036206,0.0022376469614714904,0.8036058718996971,0.002740149131703304,0.00456792001676603,
0.001686842035088831,0.9900106011643277,0.0024388766691136625,0.0021985777220236533,0.0036651024094462056,
0.0018718179298704085,0.4406246760933749,0.0027063192539834757,0.4410720748297138,0.11372511189305749,
0.0021023585800345732,0.9875499318165515,0.003039640454944695,0.002740149131703304,0.00456792001676603,
0.002397664632163759,0.002551956183754659,0.00346660102730677,0.9863742290480909,0.005209549108683774,
0.002397664632163759,0.9858011433277993,0.00346660102730677,0.003125041904046265,0.005209549108683774,
0.0025787775561578684,0.0027447238628305905,0.0037284584363681513,0.0033610988860167455,0.9875869412586266,
0.9912056571016604,0.0015636135983237462,0.0021240272622098607,0.0019147499661647947,0.0031919520716412178,
0.002397664632163759,0.002551956183754659,0.00346660102730677,0.003125041904046265,0.9884587362527285,
0.9339656790842197,0.001992270844269342,0.0027063192539834757,0.0024396695806082366,0.05889606123691932,
0.0027894877064353046,0.0029689933723220457,0.00403310822500708,0.003635731977063609,0.9865726787191719,
0.0025787775561578684,0.0027447238628305905,0.9857123357222604,0.0033610988860167455,0.005603063972734279,
0.0036953119396186643,0.00393310808722318,0.005342770625323261,0.004816355258745831,0.982212454089089,
0.004143853421413127,0.004410513556186897,0.977041064918556,0.005400970349408337,0.00900359775443547,
0.003334388994614167,0.0035489594748578375,0.8838553913668643,0.1020164341017213,0.007244826061942267,
0.9932414851664111,0.001201648129989057,0.0016323300017449679,0.0014714989168072865,0.002453037785047585,
0.0018718179298704085,0.001992270844269342,0.0027063192539834757,0.0024396695806082366,0.9909899223912685,
0.0012533419744239925,0.0013339954883949455,0.993055884439118,0.001633567154318998,0.0027232109437440796,
0.002397664632163759,0.002551956183754659,0.00346660102730677,0.003125041904046265,0.9884587362527285,
0.006516964941825708,0.006936336616683492,0.009422384206363103,0.00849401048720762,0.9686303037479201,
0.0036953119396186643,0.00393310808722318,0.005342770625323261,0.9789997844528994,0.008029024894935387,
9.167704815667614E-4,9.757653627341169E-4,0.0013254887487479093,0.9947900534421167,0.001991921964834455,
0.0022403221378106764,0.002384488579634657,0.0032391114754960256,0.0029199665646745484,0.9892161112423841,
0.0022403221378106764,0.921109689507863,0.06886234011322662,0.0029199665646745484,0.004867681676425133,
0.0018718179298704085,0.9889151826547568,0.0027063192539834757,0.0024396695806082366,0.004067010580781126,
0.0021023585800345732,0.9875499318165515,0.003039640454944695,0.002740149131703304,0.00456792001676603,
0.9874146434351145,0.0022376469614714904,0.003039640454944695,0.002740149131703304,0.00456792001676603,
0.002397664632163759,0.002551956183754659,0.00346660102730677,0.9863742290480909,0.005209549108683774,
0.002397664632163759,0.002551956183754659,0.00346660102730677,0.9863742290480909,0.005209549108683774,
0.0022403221378106764,0.4617470890437488,0.0032391114754960256,0.5279057956665193,0.004867681676425133,
0.0014084681128337172,0.6203491130296002,0.0020363969761992605,0.0018357537639224384,0.3743702681174445,
0.0010270967960114077,0.001093191259834578,0.0315705887570531,0.06150986134216259,0.9047992618449383,
0.10050836299059326,0.0017953916092833388,0.0024388766691136625,0.7433599848883069,0.15189738384270285,
0.0013011092500354842,0.801735266364624,0.0018811749576257213,0.0016958255435555807,0.1933866238841592,
0.8730365686389487,0.0014397066155800364,0.12082169816070175,0.0017630175360615762,0.0029390090487079346,
0.0013526617952310037,0.0014397066155800364,0.7943956261763018,0.0017630175360615762,0.2010489878768256,
0.0010270967960114077,0.09134995399075715,0.001485001180078906,0.0013386861882142016,0.9047992618449383,
0.002240322137810677,0.3961238604060182,0.003239111475496026,0.002919966564674549,0.5954767394160005,
0.0019804014619469903,0.06011750735658235,0.00286331192877035,0.9307358427483522,0.004302936504348178,
0.0021023585800345732,0.0022376469614714904,0.9883519253100246,0.002740149131703304,0.00456792001676603,
0.003334388994614167,0.0035489594748578375,0.0048209395755813055,0.004345939458245419,0.9839497724967012,
0.0018718179298704085,0.001992270844269342,0.0027063192539834757,0.8797044800788193,0.11372511189305749,
0.41916645912800016,0.005019826198292303,0.006818978619883119,0.006147114641134781,0.5628476214126896,
0.0567008685860086,0.001992270844269342,0.0027063192539834757,0.0024396695806082366,0.9361608717351303,
0.0047163269541510375,0.005019826198292303,0.9738692870255311,0.006147114641134781,0.010247445180890788,
0.010541637934561586,0.011220000392519348,0.9415942707478417,0.013739644753010934,0.02290444617206647,
0.5946159677681154,0.05120615208703556,0.0024388766691136625,0.0021985777220236533,0.3495404257537117,
0.0014690773481679737,0.0015636135983237462,0.0021240272622098607,0.9916513297196572,0.0031919520716412178,
0.0017745225434453824,0.0018887144253659722,0.054544733930424825,0.002312857784008397,0.9394791713167554,
0.0012089578292561857,0.001286755189563231,0.49752486705528937,0.001575718232637446,0.4984037016932538,
0.0036953119396186643,0.00393310808722318,0.9795261998194768,0.004816355258745831,0.008029024894935387,
0.005472329518188381,0.005824478105130669,0.007912025257841538,0.968901110026837,0.011890057092002465,
0.0014084681128337172,0.0014991041123726962,0.5383730713711297,0.4556590936365559,0.0030602627671079824,
9.420687228196513E-4,0.0010026915651468237,0.9947804875197301,0.0012278632281637971,0.00204688896413966,
0.0018718179298704085,0.001992270844269342,0.9896292310644709,0.0024396695806082366,0.004067010580781126,
0.010541637934561584,0.011220000392519344,0.015241352941202867,0.6313082566241034,0.3316887521076127,
0.9778787411337723,0.00393310808722318,0.005342770625323261,0.004816355258745831,0.008029024894935387,
0.0027894877064353046,0.0029689933723220457,0.00403310822500708,0.003635731977063609,0.9865726787191719,
0.001686842035088831,0.0017953916092833388,0.0024388766691136625,0.990413787277068,0.0036651024094462056,
0.0019804014619469903,0.0021078418096243624,0.00286331192877035,0.0025811939970244078,0.9904672508026339,
0.0019804014619469903,0.0021078418096243624,0.9890276262270561,0.0025811939970244078,0.004302936504348178,
0.0017745225434453824,0.2617841478229991,0.0025656472508981966,0.002312857784008397,0.731562824598649,
0.0047163269541510375,0.005019826198292303,0.42126911079373225,0.006147114641134781,0.5628476214126896,
0.0021023585800345732,0.0022376469614714904,0.9883519253100246,0.002740149131703304,0.00456792001676603,
0.003334388994614167,0.0035489594748578375,0.9815258860103402,0.004345939458245419,0.007244826061942267,
0.0030376957483012053,0.35915235033880355,0.004391973364599866,0.003959238659919509,0.6294587418883759,
0.9856468517762085,0.002551956183754659,0.00346660102730677,0.003125041904046265,0.005209549108683774,
0.0014084681128337172,0.0014991041123726962,0.0020363969761992605,0.0018357537639224384,0.9932202770346719,
0.0025787775561578684,0.0027447238628305905,0.0037284584363681513,0.0033610988860167455,0.9875869412586266,
0.6934374887236199,0.0017953916092833388,0.0024388766691136625,0.0021985777220236533,0.3001296652759595,
0.21309391902017333,0.7751048889397898,0.00346660102730677,0.003125041904046265,0.005209549108683774,
0.008054526545553435,0.9523014743394117,0.011645427647688696,0.010498020713344013,0.017500550754002125,
0.0015351374203355613,0.49627145670606104,0.002219538498839087,0.0020008506205009815,0.4979730167542634,
0.004143853421413127,0.004410513556186897,0.005991282656872545,0.005400970349408337,0.980053380016119,
0.8823688407858972,0.0035489594748578375,0.1024914342190572,0.004345939458245419,0.007244826061942267,
0.005472329518188381,0.005824478105130669,0.007912025257841538,0.007132464994345378,0.9736587021244941,
0.8621095814816396,0.0015636135983237462,0.0021240272622098607,0.0019147499661647947,0.13228802769166195,
0.9887947297403579,0.001992270844269342,0.0027063192539834757,0.0024396695806082366,0.004067010580781126,
0.003334388994614167,0.0035489594748578375,0.0048209395755813055,0.004345939458245419,0.9839497724967012,
0.004143853421413127,0.004410513556186897,0.977041064918556,0.005400970349408337,0.00900359775443547,
0.0013011092500354842,0.0013848366247000892,0.5735600533432856,0.0016958255435555807,0.4220581752384232,
0.9932414851664111,0.001201648129989057,0.0016323300017449679,0.0014714989168072865,0.002453037785047585,
0.0018718179298704085,0.001992270844269342,0.0027063192539834757,0.0024396695806082366,0.9909899223912685,
0.0012533419744239925,0.0013339954883949455,0.993055884439118,0.001633567154318998,0.0027232109437440796,
0.002397664632163759,0.002551956183754659,0.00346660102730677,0.003125041904046265,0.9884587362527285,
0.006516964941825708,0.006936336616683492,0.009422384206363103,0.00849401048720762,0.9686303037479201,
0.0036953119396186643,0.00393310808722318,0.005342770625323261,0.9789997844528994,0.008029024894935387,
9.167704815667614E-4,9.757653627341169E-4,0.0013254887487479093,0.9947900534421167,0.001991921964834455,
0.02756478223750891,0.029338597041980722,0.039853823232902146,0.8433511492520142,0.059891648235594064,
0.0019804014619469903,0.0021078418096243624,0.00286331192877035,0.9887455082953102,0.004302936504348178,
0.006516964941825708,0.5796186395547316,0.009422384206363103,0.00849401048720762,0.3959480008098721,
