0,AHEAD DATA show Metal confidence 0600 GMT Euro_Dollar SILVER Palladium Platinum Gold pct delayed minutes 20 at least -0.01 contracts gold silver months the Trending NYSE Reuters quotes AMEX 0040 GMT YTD Last GfK consumer sentiment Jun 0645 France Consumer prices May 7.35 COMEX 1.0880 1187.60 0.70 +0.06 0.30 COMEX JUL5 0.00 16.75 Spot 779.98 +0.38 2.98 +0.00 6.70 Spot 1.00 1124.00 chg Spot Silver 1188.20 active most Reporting Jr. Manolo Change Pct chg Precious metals Dollar_Yen 123.01 JUN5 -1.60 -6.33 +0.09 1.65 +0.14 0.39 Spot 0.00 16.71 Serapio Editing Pullin Richard COMEX GOLD 
