0.03929568910220382,0.003008193624188617,0.8480728154217297,0.039998862225137245,0.06962443962674057,
0.021308899377300412,0.9410357873181637,0.006126506034222518,0.024065672451075118,0.007463134819238237,
0.894710105623545,0.003942704654315592,0.09080678601254817,0.008045401178748808,0.0024950025308425636,
0.011045217112693243,0.14373069720482248,0.003175602272649419,0.01247415797871961,0.8295743254311152,
0.0060498337265808095,0.00334832004042746,0.0017393832584062748,0.9867435959258469,0.002118867048738541,
0.007454614346215264,0.004125805061290095,0.3272254062424897,0.1941802523715292,0.46701392197847574,
0.049314553595680204,0.0037751653958885095,0.001961120624086122,0.7300927575784,0.2148564028059452,
0.25319528785811957,0.24479505923131867,0.005408529712484009,0.021245372774543515,0.4753557504235341,
0.0068210692704725314,0.0037751653958885086,0.0019611206240861215,0.347651398651531,0.6397912460580218,
0.44032330013333093,0.004793662509407786,0.0024902088852442102,0.009781848092907212,0.5426109803791099,
0.0068210692704725314,0.2587360713471345,0.0019611206240861215,0.13518397702549262,0.5972977617328142,
0.008661316950920515,0.0047936625094077865,0.0024902088852442107,0.9810213102533306,0.0030335014010968806,
0.09259702712189691,0.007088558388235235,0.0036823600007954054,0.8921463086193396,0.004485745869732734,
0.3703870963257696,0.010411442296018507,0.005408529712484009,0.607204415112794,0.006588516552933818,
0.007454614346215266,0.004125805061290096,0.0021432707042364158,0.9836654386787158,0.002610871209542513,
0.011861385080338835,0.15435143827573652,0.0034102581265339437,0.8262226393859321,0.0041542791314585735,
0.008661316950920515,0.0047936625094077865,0.0024902088852442107,0.9810213102533306,0.0030335014010968806,
0.9743687640379454,0.00611304764407216,0.0031756022726494187,0.012474157978719608,0.0038684280666132706,
0.9609253657204522,0.009319297024115249,0.004841182750795849,0.019016763830092747,0.0058973906745437765,
0.28628051623419387,0.35015717154594794,0.003175602272649419,0.3565182818805954,0.003868428066613271,
0.1539237977007102,0.004326740195979856,0.2944599091808703,0.39844539854396877,0.14884415437847087,
0.013918328618035502,0.2678258726042228,0.004001648454707249,0.7093794563702573,0.004874693952777041,
0.6208712547035173,0.0077031899961591144,0.004001648454707249,0.3625492128928392,0.004874693952777041,
0.009155317251078605,0.062102311262163715,0.002632238549293884,0.9229036150527117,0.003206517884752127,
0.011045217112693243,0.006113047644072161,0.003175602272649419,0.9757977049039719,0.003868428066613271,
0.006286775295519971,0.00347945690129747,0.0018075061551435078,0.9862244092305134,0.0022018524175257495,
0.878539043012309,0.004548249224382201,0.0023627217411809165,0.009281062843759963,0.10526892317836808,
0.28628051623419387,0.6942012954478238,0.003175602272649419,0.01247415797871961,0.003868428066613271,
0.5810621664316068,0.3754726467881532,0.00156269459453768,0.039998862225137245,0.0019036299605652107,
0.8246881093087012,0.08045809970952175,0.003410258126533943,0.08728925372378434,0.004154279131458573,
0.5897449810686137,0.0057194958558920055,0.002971160229054021,0.3979449802431872,0.0036193826032529033,
0.18371504947149944,0.002649360013734093,0.0013762879287942235,0.8105827479061425,0.001676554679829828,
0.8560268088393456,0.009319297024115249,0.004841182750795849,0.019016763830092747,0.1107959475556503,
0.9743687640379454,0.00611304764407216,0.0031756022726494187,0.012474157978719608,0.0038684280666132706,
0.0633711465028289,0.03507317546398229,0.018219791861177132,0.8611410556635845,0.02219483050842707,
0.011045217112693243,0.14373069720482248,0.003175602272649419,0.08128298275909476,0.7607655006507401,
0.010334137271895071,0.005719495855892006,0.0029711602290540214,0.977355824039906,0.0036193826032529038,
0.22902036415070204,0.13708065294888416,0.0020481538161691184,0.629355826553402,0.002495002530842563,
0.0060498337265808095,0.00334832004042746,0.0017393832584062748,0.9867435959258469,0.002118867048738541,
0.130679114138959,0.005373552042228329,0.1842465055765486,0.6763003640633662,0.0034004641788978256,
0.011045217112693243,0.006113047644072161,0.003175602272649419,0.9757977049039719,0.003868428066613271,
0.006543033000237618,0.6558035372679019,0.0018811826199139551,0.33348064412753736,0.002291602984409258,
0.6329263284405922,0.00347945690129747,0.04097247822671052,0.32041988401387417,0.0022018524175257495,
0.15111020932583782,0.0758667618281148,0.0016762088124890142,0.26082454027166874,0.5105222797618897,
0.724952958545192,0.055743610713421134,0.002362721741180916,0.00928106284375996,0.20765964615644592,
0.898581447874916,0.006564761143306986,0.003410258126533943,0.013395915157569585,0.07804761769767334,
0.9563461386640199,0.010411442296018505,0.005408529712484008,0.02124537277454351,0.006588516552933816,
0.013918328618035502,0.0077031899961591144,0.004001648454707249,0.969502138978321,0.004874693952777041,
0.10062588948739006,0.0077031899961591144,0.004001648454707249,0.8827945781089664,0.004874693952777041,
0.5848769473473668,0.2932531368147137,0.004381563104274006,0.01721132108613937,0.1002770316475059,
0.005625775298213625,0.0031136221300079466,0.5273241772094395,0.4619660786649383,0.0019703466974007365,
0.5772025042562944,0.003621284403836944,0.0018811826199139547,0.4150034257355454,0.002291602984409257,
0.005435284269116128,0.815657909618293,0.00156269459453768,0.14158007672440032,0.035764034793652894,
0.673757597056153,0.0045482492243822,0.05355808323021983,0.2652578702889546,0.0028782002002902185,
0.9702785708114278,0.007088558388235233,0.0036823600007954045,0.014464764929808645,0.004485745869732733,
0.2511113778242619,0.0036212844038369446,0.3279723090519464,0.41500342573554544,0.0022916029844092575,
0.007454614346215266,0.004125805061290096,0.0021432707042364158,0.9836654386787158,0.002610871209542513,
0.02457062223187781,0.01359877156016745,0.007064281580331532,0.9461608183993467,0.008605506228276522,
0.004517498334485299,0.002500238996568852,0.0012988226334813473,0.9901012513677635,0.0015821886677011112,
0.01881167092281939,0.010411442296018507,0.005408529712484009,0.4900126066451439,0.4753557504235341,
0.010334137271895071,0.07009847849997186,0.0029711602290540214,0.9129768413958261,0.0036193826032529038,
0.006286775295519971,0.00347945690129747,0.0018075061551435078,0.9862244092305134,0.0022018524175257495,
0.1802610404190509,0.005067070206172923,0.5159494080532108,0.2955159634368131,0.0032065178847521256,
0.05941325918768594,0.004548249224382201,0.0023627217411809165,0.9307975696464608,0.0028782002002902198,
0.9677014981809354,0.007703189996159114,0.004001648454707248,0.015718969415420933,0.00487469395277704,
0.3949978743269208,0.008434527284044648,0.004381563104274006,0.5868485401474776,0.00533749513728288,
0.0925970271218969,0.8847701020777662,0.0036823600007954045,0.014464764929808645,0.004485745869732733,
0.008661316950920515,0.0047936625094077865,0.0024902088852442107,0.9270635623555293,0.056991249298898185,
0.5663796042889468,0.17834919368961208,0.0016174625306270628,0.2516833927934134,0.001970346697400737,
0.42389816579494416,0.07492187242444732,0.003175602272649419,0.49413593144134577,0.003868428066613271,
0.010334137271895071,0.5851303396526106,0.32486607344945323,0.07605006702278795,0.0036193826032529033,
0.013918328618035502,0.0077031899961591144,0.004001648454707249,0.18913409115413005,0.7852427417769681,
0.9760188769330927,0.0057194958558920055,0.002971160229054021,0.011671084378708108,0.0036193826032529033,
0.008661316950920515,0.0047936625094077865,0.0024902088852442107,0.9810213102533306,0.0030335014010968806,
0.2641947051438417,0.004548249224382201,0.6167070596096482,0.11167178582183784,0.0028782002002902198,
0.01881167092281939,0.010411442296018507,0.9429429974536847,0.021245372774543515,0.006588516552933818,
0.008661316950920515,0.38249789779401694,0.3801944441698534,0.22561283968411247,0.0030335014010968806,
0.0139183286180355,0.8747787986897045,0.004001648454707248,0.10242653028477547,0.00487469395277704,
0.02665839326708135,0.002040773695266471,0.5753368664392611,0.3946725344519347,0.0012914321464564892,
0.035411352842338005,0.9020126519264793,0.0101810920886732,0.03999258729716325,0.012402315845346339,
0.0036045244251308698,0.9900258600382386,0.00103633417428359,0.004070848645026967,0.001262432717320238,
0.012807795877394085,0.007088558388235235,0.0036823600007954054,0.9719355398638425,0.004485745869732734,
0.00712378365975448,0.003942704654315592,0.0020481538161691184,0.9843903553389183,0.0024950025308425636,
0.2335414007789831,0.006564761143306986,0.7423436437886816,0.013395915157569585,0.004154279131458573,
0.01881167092281939,0.010411442296018507,0.005408529712484009,0.9587798405157442,0.006588516552933818,
0.05651971209569065,0.004326740195979857,0.0996517379708311,0.8367637837665569,0.0027380259709414933,
0.008661316950920513,0.7062443851808247,0.056447956783045504,0.1716550917863111,0.05699124929889818,
0.4952962607398391,0.003942704654315591,0.002048153816169118,0.49621787825883346,0.0024950025308425627,
0.355089341014569,0.006113047644072161,0.003175602272649419,0.6317535810020961,0.003868428066613271,
0.08575472364655361,0.006564761143306987,0.668450305222467,0.013395915157569587,0.22583429483010287,
0.021308899377300412,0.5427891140598459,0.40437317929254046,0.024065672451075118,0.007463134819238237,
0.8433801057302952,0.09700641521507676,0.0021432707042364158,0.05485933714084923,0.002610871209542513,
0.17763919685999752,0.01359877156016745,0.77240715472093,0.027749370630628392,0.008605506228276522,
0.6368449207443567,0.013598771560167453,0.007064281580331534,0.3338865198868679,0.008605506228276525,
0.015239728286028764,0.008434527284044648,0.004381563104274006,0.49190900363725454,0.480035177688398,
0.035411352842338,0.2402021465908346,0.4513880956457696,0.2605960890757114,0.012402315845346337,
0.9760188769330927,0.0057194958558920055,0.002971160229054021,0.011671084378708108,0.0036193826032529033,
0.27404101122609914,0.0077031899961591144,0.004001648454707249,0.015718969415420937,0.6985351809076135,
0.008217897698646996,0.055743610713421134,0.002362721741180916,0.47003931624511036,0.46363645360164063,
0.006821069270472532,0.0037751653958885095,0.001961120624086122,0.9850536635296461,0.0023889811799068517,
0.978754415202922,0.005067070206172925,0.002632238549293884,0.010339758156859261,0.003206517884752127,
0.898581447874916,0.08045809970952175,0.003410258126533943,0.013395915157569585,0.004154279131458573,
0.6991334649164448,0.00611304764407216,0.0031756022726494187,0.2877094571002202,0.0038684280666132706,
0.5413311381960261,0.42891352454854137,0.00484118275079585,0.01901676383009275,0.005897390674543777,
0.5540742448743184,0.005373552042228329,0.002791449547108875,0.010965158622087176,0.42679559491425717,
0.010334137271895071,0.005719495855892006,0.0029711602290540214,0.7198398934635866,0.2611353131795723,
0.008217897698646994,0.6700879485818881,0.0023627217411809156,0.3164532317779935,0.0028782002002902185,
0.006543033000237618,0.73732631887591,0.20568813663993427,0.04815090849950892,0.002291602984409258,
0.2335414007789831,0.6716048082392398,0.003410258126533943,0.08728925372378434,0.004154279131458573,
0.006049833726580809,0.3802371983625283,0.0017393832584062746,0.609854717603746,0.0021188670487385405,
0.016838353790493362,0.00931929702411525,0.10973973963190238,0.8582052188789452,0.005897390674543777,
0.977469375609678,0.0053735520422283295,0.0027914495471088752,0.01096515862208718,0.0034004641788978264,
0.010334137271895071,0.90702525287301,0.002971160229054021,0.07605006702278795,0.0036193826032529033,
0.015239728286028764,0.2932531368147137,0.004381563104274006,0.6817880766577006,0.00533749513728288,
0.035411352842338,0.01959864481228639,0.010181092088673196,0.9224065944113561,0.012402315845346337,
0.008661316950920513,0.004793662509407786,0.0024902088852442102,0.009781848092907212,0.9742729635615203,
0.009155317251078604,0.005067070206172924,0.0026322385492938837,0.01033975815685926,0.9728056158365953,
0.015239728286028764,0.008434527284044648,0.004381563104274006,0.9666066861883696,0.00533749513728288,
0.8529426092192162,0.03507317546398229,0.018219791861177132,0.07156959294719722,0.02219483050842707,
0.9945646747068526,0.0012963246301204087,6.734139305283637E-4,0.0026452530994925056,8.203336330058972E-4,
0.49270699057531936,0.006113047644072162,0.4848373757352756,0.012474157978719612,0.0038684280666132715,
0.11479018289581193,0.0032267089680629493,0.0016762088124890144,0.8782649895821095,0.0020419097415266462,
0.5924412247924709,0.10705907352103268,9.709269574006726E-4,0.29834601921686155,0.0011827555122344005,
0.007817669293180843,0.004326740195979856,0.48926808039090947,0.49584948414898833,0.002738025970941493,
0.944055021492331,0.003621284403836945,0.0018811826199139551,0.007389517695504858,0.04305299378841332,
0.8107001083224222,0.16666702087724086,0.0036823600007954045,0.014464764929808645,0.004485745869732733,
0.011861385080338833,0.8193914853716694,0.003410258126533943,0.1611825922899991,0.004154279131458573,
0.005257270946548757,0.7889439481435383,0.0015115141147029132,0.005937414145423808,0.19834985264978627,
0.007817669293180845,0.9783675962461759,0.002247652365811503,0.008829056123890382,0.0027380259709414933,
0.008217897698646998,0.004548249224382201,0.0023627217411809165,0.9819929311354997,0.0028782002002902198,
0.006543033000237618,0.003621284403836945,0.0018811826199139551,0.6595717705595697,0.32838272941644175,
0.010334137271895071,0.9714042355170898,0.002971160229054021,0.011671084378708108,0.0036193826032529033,
0.009709076785999192,0.9126488321894269,0.002791449547108875,0.07145017729856708,0.0034004641788978256,
0.009709076785999193,0.0053735520422283295,0.0027914495471088752,0.9787254574457659,0.0034004641788978264,
0.011861385080338835,0.006564761143306987,0.0034102581265339437,0.013395915157569587,0.9647676804922506,
0.7640697875201389,0.16666690620281172,0.0024902088852442107,0.06373959599070853,0.0030335014010968806,
0.1217369106715999,0.42891352454854137,0.00484118275079585,0.438610991354519,0.005897390674543777,
0.6750442822272781,0.005373552042228328,0.002791449547108874,0.31339025200448667,0.0034004641788978247,
0.015239728286028762,0.7679508193658288,0.004381563104274005,0.2070903941065854,0.005337495137282879,
0.7519439020281052,0.01605652022440465,0.18907416989296189,0.032764601476965964,0.010160806377562292,
0.007454614346215263,0.46852885583022325,0.23434479608870298,0.2870608625253158,0.002610871209542512,
0.0633711465028289,0.03507317546398229,0.018219791861177132,0.46635532430539084,0.4169805618666207,
0.6715209472247093,0.03816073644192878,0.0016174625306270628,0.2867305071053342,0.001970346697400737,
0.9760188769330927,0.0057194958558920055,0.002971160229054021,0.011671084378708108,0.0036193826032529033,
0.9864708172164343,0.0032267089680629493,0.0016762088124890144,0.006584355261487216,0.0020419097415266462,
0.013918328618035502,0.0077031899961591144,0.004001648454707249,0.015718969415420937,0.9586578635156772,
0.28680668154951233,0.011793549715421944,0.0061265060342225175,0.687810127881605,0.007463134819238236,
0.005625775298213626,0.003113622130007947,0.9829366632644102,0.0063535926099675755,0.001970346697400737,
0.3703870963257697,0.010411442296018508,0.00540852971248401,0.021245372774543518,0.5925475588911843,
0.5292801223844746,0.0029096709866495733,0.0015115141147029132,0.46445740915360895,0.0018412833605640827,
0.015239728286028764,0.008434527284044648,0.9537769282065043,0.01721132108613937,0.00533749513728288,
0.2051188013064748,0.008434527284044648,0.004381563104274006,0.6817880766577006,0.1002770316475059,
0.9646350933882589,0.008434527284044646,0.004381563104274005,0.017211321086139368,0.005337495137282879,
0.7402480674723108,0.003621284403836945,0.24644952744393833,0.007389517695504858,0.002291602984409258,
0.20347108520413465,0.005719495855892006,0.06735014287313387,0.01167108437870811,0.7117881916881313,
0.729210302799003,0.0037751653958885095,0.001961120624086122,0.09269049270028498,0.17236291848073754,
0.2521754896109025,0.007088558388235235,0.0036823600007954054,0.09425399617431146,0.6427995958257553,
0.35609691841742186,0.17834919368961205,0.0016174625306270625,0.4619660786649383,0.0019703466974007365,
0.898581447874916,0.006564761143306986,0.003410258126533943,0.08728925372378434,0.004154279131458573,
0.09259702712189691,0.007088558388235235,0.0036823600007954054,0.09425399617431146,0.802378058314761,
0.011045217112693243,0.006113047644072161,0.003175602272649419,0.01247415797871961,0.9671919749918655,
0.013918328618035502,0.0077031899961591144,0.004001648454707249,0.969502138978321,0.004874693952777041,
0.9416777244250414,0.046268649721096185,0.001961120624086122,0.007703524049869638,0.0023889811799068517,
0.9178253599565309,0.019598644812286393,0.0101810920886732,0.03999258729716325,0.012402315845346339,
0.82734368152327,0.10693897220246008,0.0023627217411809165,0.0604764243327989,0.0028782002002902198,
0.7969398006534019,0.004125805061290096,0.0021432707042364158,0.19418025237152925,0.002610871209542513,
0.4817291544996374,0.0014676459537131437,7.624118275236474E-4,0.5151120393877268,9.287483313991177E-4,
0.008217897698646996,0.2093296951805379,0.002362721741180916,0.5212346777341492,0.25885500764548486,
0.008217897698646998,0.004548249224382201,0.0023627217411809165,0.9819929311354997,0.0028782002002902198,
0.5523044637217244,0.011793549715421948,0.006126506034222518,0.4223123457093931,0.007463134819238238,
0.008661316950920515,0.0047936625094077865,0.0024902088852442107,0.9810213102533306,0.0030335014010968806,
0.7519439020281052,0.01605652022440465,0.18907416989296189,0.032764601476965964,0.010160806377562292,
0.009155317251078604,0.005067070206172924,0.0026322385492938837,0.8088331329407301,0.17431224105272444,
0.010334137271895071,0.005719495855892006,0.8398979346020922,0.1404290496668678,0.0036193826032529038,
0.9609253657204522,0.009319297024115249,0.004841182750795849,0.019016763830092747,0.0058973906745437765,
0.015239728286028764,0.008434527284044648,0.004381563104274006,0.9666066861883696,0.00533749513728288,
0.6303246401360697,0.006113047644072161,0.003175602272649419,0.01247415797871961,0.347912551968489,
0.009709076785999192,0.06585857071870824,0.002791449547108875,0.37387527068096665,0.5477656322672171,
0.0139183286180355,0.8747787986897045,0.004001648454707248,0.10242653028477547,0.00487469395277704,
0.007454614346215266,0.004125805061290096,0.0021432707042364158,0.9836654386787158,0.002610871209542513,
0.355089341014569,0.14373069720482248,0.003175602272649419,0.49413593144134577,0.003868428066613271,
0.20974448643465757,0.7389890743490016,0.008341031361812638,0.032764601476965964,0.010160806377562292,
0.005090548221885344,0.002817397204358257,0.033176368866221176,0.925420005497992,0.033495680209543334,
0.0454343237660743,0.025145923617837167,0.013062789109145342,0.9004442465860333,0.015912716920909793,
0.6462296950771327,0.009319297024115252,0.004841182750795851,0.3337124344734124,0.005897390674543778,
0.07471311991597492,0.90702525287301,0.002971160229054021,0.011671084378708108,0.0036193826032529033,
0.009709076785999192,0.9126488321894269,0.002791449547108875,0.07145017729856708,0.0034004641788978256,
0.009155317251078605,0.9176309271020254,0.002632238549293884,0.06737499921285005,0.003206517884752127,
0.009709076785999193,0.973133850865907,0.0027914495471088752,0.01096515862208718,0.0034004641788978264,
0.009709076785999193,0.0053735520422283295,0.0027914495471088752,0.9787254574457659,0.0034004641788978264,
0.011861385080338835,0.006564761143306987,0.0034102581265339437,0.013395915157569587,0.9647676804922506,
0.009155317251078605,0.005067070206172925,0.002632238549293884,0.9799388561087026,0.003206517884752127,
0.006286775295519971,0.04264442897286449,0.0018075061551435078,0.9470594371589464,0.0022018524175257495,
0.012807795877394085,0.007088558388235235,0.0036823600007954054,0.9719355398638425,0.004485745869732734,
0.8391543301963701,0.010411442296018508,0.00540852971248401,0.13843718124219362,0.0065885165529338185,
0.6303246401360696,0.00611304764407216,0.0031756022726494187,0.2877094571002202,0.07267725284698842,
0.9885501174082073,0.002730796045351979,0.0014185922689758483,0.005572405657661718,0.0017280886198032424,
0.8696955568780359,0.008434527284044646,0.004381563104274005,0.11215085759636237,0.005337495137282879,
0.01881167092281939,0.010411442296018507,0.005408529712484009,0.9587798405157442,0.006588516552933818,
0.9217191741469312,0.005067070206172925,0.002632238549293884,0.010339758156859261,0.060241758940742914,
0.2135364020241722,0.2113988278824434,0.0013762879287942235,0.5720119274847605,0.001676554679829828,
0.878539043012309,0.10693897220246008,0.0023627217411809165,0.009281062843759963,0.0028782002002902198,
0.3121341701683988,0.0053735520422283295,0.3657015616059884,0.31339025200448684,0.0034004641788978264,
0.9799007791113441,0.0047936625094077865,0.0024902088852442107,0.009781848092907214,0.0030335014010968806,
0.601213985208918,0.03247071256640685,0.001376287928794223,0.12469163919466911,0.24024737510121189,
0.6065887953521693,0.0024318012100640815,0.001263270613766534,0.3881772526121704,0.001538880211829895,
0.5472017615985191,0.44319345645432856,0.00156269459453768,0.006138457392049559,0.0019036299605652107,
0.9724747864411307,0.006564761143306986,0.003410258126533943,0.013395915157569585,0.004154279131458573,
0.9848164122963351,0.003621284403836945,0.0018811826199139551,0.007389517695504858,0.002291602984409258,
0.011861385080338833,0.9671781625040989,0.003410258126533943,0.013395915157569585,0.004154279131458573,
0.010334137271895071,0.13447746114405174,0.0029711602290540214,0.8485978587517462,0.0036193826032529038,
0.013918328618035502,0.18111831173486823,0.004001648454707249,0.796087017239612,0.004874693952777041,
0.007454614346215266,0.004125805061290096,0.0021432707042364158,0.9836654386787158,0.002610871209542513,
0.0454343237660743,0.025145923617837167,0.013062789109145342,0.9004442465860333,0.015912716920909793,
0.43643258131491947,0.00931929702411525,0.00484118275079585,0.5435095482356255,0.005897390674543777,
0.024570622231877812,0.9320102193288857,0.007064281580331533,0.027749370630628396,0.008605506228276523,
0.012807795877394083,0.964559333322269,0.0036823600007954045,0.014464764929808645,0.004485745869732733,
0.25319528785811957,0.713562293101919,0.005408529712484009,0.021245372774543515,0.006588516552933818,
0.012807795877394083,0.964559333322269,0.0036823600007954045,0.014464764929808645,0.004485745869732733,
0.011861385080338833,0.9671781625040989,0.003410258126533943,0.013395915157569585,0.004154279131458573,
0.029011347903508324,0.9197222128801509,0.008341031361812638,0.032764601476965964,0.010160806377562292,
0.016838353790493362,0.11421785390522181,0.00484118275079585,0.8582052188789452,0.005897390674543777,
0.007454614346215266,0.004125805061290096,0.0021432707042364158,0.9372251336018225,0.04905117628643584,
0.6368449207443567,0.013598771560167453,0.007064281580331534,0.3338865198868679,0.008605506228276525,
0.009155317251078604,0.005067070206172924,0.1737379617172662,0.5236569276607762,0.288382723164706,
0.0454343237660743,0.025145923617837167,0.013062789109145342,0.9004442465860333,0.015912716920909793,
0.035411352842338005,0.9020126519264793,0.0101810920886732,0.03999258729716325,0.012402315845346339,
0.00712378365975448,0.8915290266181061,0.04642746991435864,0.05242471727693833,0.0024950025308425636,
0.07471311991597493,0.005719495855892006,0.0029711602290540214,0.01167108437870811,0.9049251396203709,
0.008217897698646998,0.05574361071342115,0.0023627217411809165,0.9307975696464608,0.0028782002002902198,
0.011861385080338833,0.9671781625040989,0.003410258126533943,0.013395915157569585,0.004154279131458573,
0.06619055830706938,0.746525203934053,0.0026322385492938837,0.18144548132483157,0.0032065178847521265,
0.009709076785999192,0.6707087574835073,0.002791449547108875,0.010965158622087176,0.30582555756129737,
0.007454614346215264,0.004125805061290095,0.0021432707042364153,0.008419032063955898,0.9778572778243023,
0.035411352842338,0.01959864481228639,0.010181092088673196,0.9224065944113561,0.012402315845346337,
0.12322579936306018,0.803560444990044,0.002632238549293884,0.06737499921285005,0.003206517884752127,
0.008217897698646996,0.0045482492243822,0.002362721741180916,0.00928106284375996,0.9755900684920299,
0.23729628147504167,0.005067070206172924,0.6300198901651924,0.1244102402688408,0.0032065178847521265,
0.10062588948739006,0.0077031899961591144,0.004001648454707249,0.015718969415420937,0.8719503026463226,
0.010334137271895071,0.7782672875848502,0.002971160229054021,0.20480803231094766,0.0036193826032529033,
0.051503099757943996,0.2702186012434527,0.0020481538161691184,0.008045401178748806,0.6681847440036853,
0.15392379770071024,0.8322614678386464,0.002247652365811503,0.008829056123890382,0.0027380259709414933,
0.0454343237660743,0.8742779210618427,0.013062789109145342,0.0513122491420279,0.015912716920909793,
0.012807795877394085,0.007088558388235235,0.5622069787123151,0.41341092115232275,0.004485745869732734,
0.5922421829232983,0.004326740195979856,0.14835378077334088,0.00882905612389038,0.24624823998349044,
0.3966080331363742,0.26323542643221143,0.32486607344945334,0.011671084378708112,0.003619382603252904,
0.7570159885509589,0.05795166651092328,0.030104696477274307,0.11825496630773491,0.03667268215310865,
0.009709076785999193,0.0053735520422283295,0.0027914495471088752,0.9787254574457659,0.0034004641788978264,
0.25319528785811957,0.1276032507636686,0.005408529712484009,0.607204415112794,0.006588516552933818,
0.3949978743269209,0.00843452728404465,0.004381563104274007,0.017211321086139375,0.5749747141986211,
0.9429820700005961,0.013598771560167451,0.007064281580331533,0.027749370630628396,0.008605506228276523,
0.978754415202922,0.005067070206172925,0.002632238549293884,0.010339758156859261,0.003206517884752127,
0.67981648385759,0.00843452728404465,0.004381563104274007,0.017211321086139375,0.290156104667952,
0.584876947347367,0.00843452728404465,0.19426063612472008,0.20709039410658545,0.005337495137282881,
0.32847832291407614,0.025145923617837167,0.5791507874051489,0.0513122491420279,0.015912716920909793,
0.944055021492331,0.04438267520784101,0.0018811826199139551,0.007389517695504858,0.002291602984409258,
0.704059190499615,0.004125805061290094,0.002143270704236415,0.2870608625253158,0.002610871209542512,
0.7899134953724765,0.013598771560167453,0.007064281580331534,0.18081794525874814,0.008605506228276525,
0.8367511144771951,0.14373069720482246,0.0031756022726494187,0.012474157978719608,0.0038684280666132706,
