0.0034929439773309055,0.6782628117675927,0.006188836294636013,0.005148185080601065,0.3069072228798393,
0.8067112972597764,0.007039805590492152,0.15636217458752025,0.020118547468144305,0.009768175094066944,
0.0045764775977838535,0.0023602495105847715,0.008108652999466687,0.671473212002759,0.3134814078894057,
0.007090055530118038,0.9648240567850688,0.012562237837352632,0.0104499008107993,0.005073749036661195,
0.0038873948490438376,0.19021805288339574,0.7973831159044699,0.005729558874730551,0.0027818774883600237,
0.004788689331849434,0.28069030790566424,0.6112959810666364,0.007057960028519869,0.09616706166733013,
0.04681697566690373,0.21443359063603748,0.7291544566002928,0.0064589552024391095,0.0031360218943271116,
0.012056460018802836,0.0062179379775712485,0.37159911532191775,0.25126135707305686,0.3588651296086513,
0.004382276146058014,0.25686829015688317,0.7291544566002927,0.006458955202439108,0.003136021894327111,
0.005562488863641375,0.11059477157539194,0.2791706824806159,0.4929654558573721,0.11170660122297875,
0.004382276146058014,0.5114764872819575,0.050199264266761225,0.09132835424413054,0.34261361806109286,
0.005562488863641375,0.002868769995596704,0.9793896927492849,0.008198448748293563,0.003980599643183498,
0.008218540329055803,0.004238588603332943,0.6512195051825874,0.012113153540668697,0.32421021234435526,
0.012056460018802836,0.0062179379775712485,0.8385822456690991,0.13451557448626156,0.008627781848265256,
0.004788689331849434,0.002469694521680462,0.9822567989119481,0.007057960028519869,0.0034268572060022085,
0.007612704371524883,0.003926137817394552,0.9717931702962047,0.011220223205085228,0.005447764309790646,
0.7057814991323104,0.002868769995596704,0.2791706824806159,0.008198448748293563,0.003980599643183498,
0.007090055530118038,0.0036565895358219368,0.012562237837352632,0.9716173680600462,0.005073749036661195,
0.010796064965542673,0.005567908179754402,0.01912858583808573,0.9567816165874619,0.007725824429155335,
0.6249834273332053,0.0036565895358219368,0.3558363332835122,0.0104499008107993,0.005073749036661195,
0.0050215385896046245,0.05121462410793437,0.9327691974961301,0.007401152213274093,0.0035934875930568786,
0.18185545348725504,0.004605070351434752,0.015820750031069804,0.7913289000284991,0.006389826101741297,
0.008929141264534465,0.004605070351434752,0.9669154672560331,0.013160495026256411,0.006389826101741297,
0.06280854644005182,0.059961475804093646,0.864357583587098,0.008665181422075417,0.004207212746681259,
0.007090055530118038,0.0036565895358219368,0.9737297050865995,0.0104499008107993,0.005073749036661195,
0.004039450416731317,0.002083285816528067,0.7894577503240241,0.16241379233432568,0.042005721108390806,
0.10749830894387975,0.002722146990117773,0.16268213304036525,0.36554984280578207,0.36154756821985523,
0.899602703690133,0.0036565895358219368,0.012562237837352632,0.07910471990003122,0.005073749036661195,
0.24025442642786143,0.001801433337505582,0.1076580430591491,0.6477864945891839,0.0024996025863000763,
0.007612704371524883,0.003926137817394552,0.013488272763775878,0.969525120737514,0.005447764309790646,
0.00663456094846471,0.0034216750540069516,0.011755187561928445,0.8449524887188269,0.13323608771677298,
0.21162341325953626,0.001586757327682018,0.6608838698513596,0.1237042335038836,0.0022017260575384902,
0.010796064965542673,0.005567908179754402,0.01912858583808573,0.9567816165874619,0.007725824429155335,
0.007090055530118038,0.0036565895358219368,0.012562237837352632,0.9716173680600462,0.005073749036661195,
0.04025189137113105,0.02075930775993072,0.0713187408278327,0.05932651309832335,0.8083435469427822,
0.007090055530118038,0.4155855040712135,0.08121705692658455,0.49103363443542275,0.005073749036661195,
0.32785530436748306,0.0034216750540069516,0.011755187561928445,0.652220042667416,0.004747790349165628,
0.18183728477035746,0.0023602495105847715,0.4955758727240441,0.3169515976576118,0.003274995337401933,
0.5685269571679727,0.002004865443752758,0.3080288285613982,0.11865747133851634,0.0027818774883600237,
0.9720898547281511,0.003215122261408423,0.011045574059736756,0.009188263653103351,0.004461185297600578,
0.007090055530118038,0.07231140862505386,0.9050748859973676,0.0104499008107993,0.005073749036661195,
0.9404717298610077,0.0021680907522051347,0.048155787877969994,0.006196028590959187,0.003008362917858147,
0.043154480814242745,0.002083285816528067,0.04627217277130708,0.9055993698870428,0.002890690710879379,
0.0037463715431499526,0.0019321347941198893,0.768456390568999,0.2231841439775033,0.0026809591162278994,
0.005278189726247288,0.002722146990117773,0.009351954213916535,0.9277604985027607,0.05488721056695779,
0.007612704371524883,0.003926137817394552,0.013488272763775878,0.969525120737514,0.005447764309790646,
0.012056460018802836,0.0062179379775712485,0.021361767561531738,0.9517360525938289,0.008627781848265256,
0.008929141264534465,0.004605070351434752,0.9669154672560331,0.013160495026256411,0.006389826101741297,
0.008929141264534465,0.09106822646279505,0.8804523111446728,0.013160495026256411,0.006389826101741297,
0.8615936527708612,0.005040924602266081,0.11196473007814288,0.014406091132828659,0.006994601415901095,
0.17865080714789847,0.0018644963252172982,0.0064054896112327175,0.005328408198335268,0.8077507987173163,
0.004203885526903818,0.0021680907522051342,0.4959360612551501,0.4946835995478829,0.0030083629178581464,
0.9167158048579487,0.0018014333375055821,0.07383497413764474,0.005148185080601066,0.0024996025863000763,
0.005278189726247288,0.002722146990117773,0.16268213304036525,0.8255403792851282,0.0037771509581415574,
0.008218540329055803,0.08382081430974982,0.09414392523766926,0.8079354106048373,0.005881309518687768,
0.004203885526903818,0.0021680907522051342,0.4145214660956628,0.3318544092289083,0.24725214839632,
0.004788689331849434,0.002469694521680462,0.9358866966812841,0.05342806225918383,0.0034268572060022085,
0.7772717766474503,0.008112028120055093,0.18017746951421898,0.02318277411192549,0.011255951606350142,
0.0029036764792336744,0.0014975274854019899,0.9892412073334913,0.004279674688829648,0.00207791401304333,
0.12880224260559817,0.0062179379775712485,0.8385822456690991,0.01776979189946621,0.008627781848265256,
0.00663456094846471,0.0034216750540069516,0.9111732691351798,0.07402270451318298,0.004747790349165628,
0.043154480814242745,0.002083285816528067,0.9459178719140698,0.005953670744279968,0.002890690710879379,
0.1766673234139277,0.0030320873171557,0.2950636987177185,0.008665181422075417,0.5165717091291228,
0.3119385473791447,0.002722146990117773,0.6737827291285277,0.007779425544068454,0.0037771509581415574,
0.008929141264534465,0.004605070351434752,0.015820750031069804,0.9642552122512197,0.006389826101741297,
0.7669470529212987,0.09968752445182855,0.017318130228580423,0.10905269098239112,0.006994601415901095,
0.9632052488060582,0.004238588603332943,0.014561699531252406,0.012113153540668697,0.005881309518687768,
0.005562488863641375,0.002868769995596704,0.6023486872200017,0.008198448748293563,0.38102160517246686,
0.2836721583110317,0.0018644963252172982,0.3564766601550102,0.005328408198335268,0.3526582770104056,
0.4190189700655096,0.0036565895358219368,0.012562237837352632,0.5596884535246547,0.005073749036661195,
0.00663456094846471,0.0034216750540069516,0.011755187561928445,0.00977855582937931,0.9684100206062206,
0.008929141264534465,0.004605070351434752,0.9669154672560331,0.013160495026256411,0.006389826101741297,
0.00663456094846471,0.0034216750540069516,0.0759993362457321,0.9091966374026306,0.004747790349165628,
0.11328849044343661,0.002868769995596704,0.8178006903795921,0.008198448748293563,0.057843600433081115,
0.005278189726247288,0.002722146990117773,0.009351954213916535,0.5188800216322308,0.4637676874374877,
0.012056460018802836,0.0062179379775712485,0.13810755014832707,0.01776979189946621,0.8258482599558327,
0.921233502291901,0.0028687699955967042,0.009855678531127808,0.008198448748293565,0.05784360043308113,
0.008929141264534465,0.955699787576398,0.015820750031069804,0.013160495026256411,0.006389826101741297,
0.002370471353709399,0.001222534959016766,0.32555434331348004,0.003493793583968159,0.6673588567898256,
0.6797042052630894,0.011665555691738824,0.040077094699546296,0.2523664486902234,0.016186695655402004,
0.002317280769613961,0.7416762194358542,0.07142224853714106,0.13804832728549293,0.04653592397189794,
0.008218540329055803,0.9592252970803353,0.014561699531252406,0.012113153540668697,0.005881309518687768,
0.8022501098743651,0.002360249510584772,0.0967390565857535,0.09537558869189487,0.003274995337401934,
0.007612704371524883,0.003926137817394552,0.013488272763775878,0.15865174590238196,0.8163211391449228,
0.36229380777918885,0.0062179379775712485,0.6050906804955084,0.01776979189946621,0.008627781848265256,
0.3940202672505213,0.0025897830253197784,0.5923953099178281,0.007401152213274093,0.0035934875930568786,
0.22101449202323184,0.5953617786844704,0.009855678531127805,0.008198448748293561,0.16556960201287632,
0.0045764775977838535,0.0023602495105847715,0.4069454691377573,0.5828428084164722,0.003274995337401933,
0.9682575227793649,0.0036565895358219368,0.012562237837352632,0.0104499008107993,0.005073749036661195,
0.007612704371524883,0.003926137817394552,0.013488272763775878,0.011220223205085228,0.9637526618422194,
0.013650045231725822,0.007039805590492152,0.8172465512775623,0.020118547468144305,0.14194505043207536,
0.004788689331849434,0.002469694521680462,0.008484652068004937,0.007057960028519869,0.9771990040499453,
0.015729063727176407,0.008112028120055093,0.3324860120982738,0.02318277411192549,0.6204901219425693,
0.015729063727176407,0.16042057070410987,0.027868926930164212,0.02318277411192549,0.772798664526624,
0.009774254124799075,0.09968752445182855,0.8691375288746427,0.014406091132828659,0.006994601415901095,
0.022619284126327615,0.8877787838740879,0.040077094699546296,0.0333381416446361,0.016186695655402004,
0.5848318991026976,0.0034216750540069516,0.011755187561928445,0.3952434479322013,0.004747790349165628,
0.008929141264534465,0.004605070351434752,0.361673374476511,0.013160495026256411,0.6116319188812633,
0.05638824933506352,0.002722146990117773,0.9293330271726087,0.007779425544068454,0.0037771509581415574,
0.25899047327113234,0.0022600930318088836,0.7291544566002927,0.006458955202439108,0.003136021894327111,
0.005879157953113881,0.0030320873171557,0.010416756283028756,0.9764647857000205,0.004207212746681259,
0.007612704371524883,0.003926137817394552,0.013488272763775878,0.969525120737514,0.005447764309790646,
0.07574487461934995,0.0036565895358219368,0.08121705692658455,0.8343077298815823,0.005073749036661195,
0.3244192307939437,0.005567908179754402,0.01912858583808573,0.6431584507590608,0.007725824429155335,
0.30806399525236366,0.003215122261408422,0.011045574059736753,0.00918826365310335,0.6684870447733879,
0.00663456094846471,0.0034216750540069516,0.5899525257161614,0.07402270451318298,0.32596853376818397,
0.7719290838584908,0.002722146990117773,0.16268213304036525,0.007779425544068454,0.05488721056695779,
0.004203885526903818,0.04287538833194878,0.2516922757766882,0.08761062375044647,0.6136178266140128,
0.007612704371524883,0.7410837513038783,0.013488272763775878,0.011220223205085228,0.22659504835573577,
0.34267113224040124,0.0020048654437527583,0.609169928464827,0.005729558874730551,0.04042451497628863,
0.5335013413462111,0.005567908179754402,0.4372928069426204,0.015912119102258718,0.007725824429155335,
0.006234059127005732,0.003215122261408422,0.011045574059736753,0.9146780720291771,0.06482717252267216,
0.39209945305128674,0.0034216750540069516,0.011755187561928445,0.00977855582937931,0.5829451285033986,
0.009774254124799075,0.005040924602266081,0.9637841287242052,0.014406091132828659,0.006994601415901095,
0.022619284126327615,0.011665555691738824,0.040077094699546296,0.0333381416446361,0.8922999238377511,
0.005562488863641375,0.002868769995596704,0.9793896927492849,0.008198448748293563,0.003980599643183498,
0.005879157953113881,0.0030320873171557,0.9782163605609737,0.008665181422075417,0.004207212746681259,
0.009774254124799075,0.005040924602266081,0.017318130228580423,0.014406091132828659,0.9534605999115258,
0.04025189137113105,0.02075930775993072,0.0713187408278327,0.449095860932812,0.41857419910829347,
0.0015061637908440261,7.767813289245813E-4,0.0026686374573819875,0.9356323090990224,0.05941610832382705,
0.07574487461934995,0.4842403231604454,0.2185266951050484,0.21641435807849504,0.005073749036661195,
0.5116253905730818,0.0019321347941198893,0.47823980826618084,0.005521707250389665,0.0026809591162278994,
0.023194716184574523,0.0011197266734297062,0.003846828485027046,0.003199985275327466,0.9686387433816412,
0.0050215385896046245,0.0025897830253197784,0.008897216926452955,0.007401152213274093,0.9760903092453486,
0.08561848068639111,0.0021680907522051342,0.08886308545771364,0.820341980185832,0.0030083629178581464,
0.008218540329055803,0.004238588603332943,0.014561699531252406,0.9670998620176711,0.005881309518687768,
0.08132846572017324,0.003926137817394552,0.8980774089475564,0.011220223205085228,0.005447764309790646,
0.6904250957308807,0.0017424967498402384,0.30043482867159554,0.004979754500904792,0.002417824346778883,
0.005021538589604625,0.926461763594997,0.05752205800906755,0.007401152213274095,0.003593487593056879,
0.10749830894387975,0.002722146990117773,0.8782229675637925,0.007779425544068454,0.0037771509581415574,
0.2484476710053657,0.0021680907522051342,0.6994725491538683,0.006196028590959186,0.04371566049760179,
0.9702967912055196,0.0034216750540069516,0.011755187561928445,0.00977855582937931,0.004747790349165628,
0.9117238675030794,0.06358110948648,0.011045574059736753,0.00918826365310335,0.004461185297600577,
0.1269660335771489,0.003215122261408422,0.8561693952107389,0.00918826365310335,0.004461185297600577,
0.007612704371524883,0.003926137817394552,0.9717931702962047,0.011220223205085228,0.005447764309790646,
0.005562488863641375,0.002868769995596704,0.009855678531127806,0.9777324629664507,0.003980599643183498,
0.010796064965542673,0.005567908179754402,0.2282106963903531,0.6431584507590608,0.11226687970528902,
0.006234059127005732,0.003215122261408422,0.31287551018509463,0.1299202381032465,0.5477550703232448,
0.10442085397436153,0.8568603232483283,0.017318130228580423,0.014406091132828659,0.006994601415901095,
0.018555175458679265,0.009569552753053972,0.9312487850907875,0.02734812756352948,0.013278359133949692,
0.14389899602384132,0.002469694521680462,0.008484652068004937,0.05342806225918383,0.7917185951272895,
0.04025189137113105,0.02075930775993072,0.8508574364968101,0.05932651309832335,0.028804851273804784,
0.1436436900935207,0.0018644963252172982,0.0064054896112327175,0.6704636322315125,0.17762269173851686,
0.00663456094846471,0.0034216750540069516,0.011755187561928445,0.9734407860864343,0.004747790349165628,
0.0037463715431499526,0.07448628036982444,0.006637862024101239,0.005521707250389665,0.9096077788125347,
0.18185545348725504,0.004605070351434752,0.015820750031069804,0.7913289000284991,0.006389826101741297,
0.013650045231725822,0.007039805590492152,0.2885390499255287,0.6810029241581864,0.009768175094066944,
0.0036152218760097123,0.0018644963252172982,0.18144107488312144,0.005328408198335268,0.8077507987173163,
0.012056460018802836,0.0062179379775712485,0.13810755014832707,0.3680071396598522,0.4756109121954466,
0.003378667087565364,0.0017424967498402381,0.49673380828397135,0.49572720353184424,0.002417824346778883,
0.388360653523049,0.005040924602266081,0.5851977293259552,0.014406091132828659,0.006994601415901095,
0.199067453823924,0.005040924602266081,0.39590452962683026,0.3929924905310785,0.006994601415901095,
0.009774254124799075,0.005040924602266081,0.30125792977726784,0.6769322900797659,0.006994601415901095,
0.004203885526903818,0.0021680907522051342,0.007448490298226344,0.9831711705048066,0.0030083629178581464,
0.00663456094846471,0.0034216750540069516,0.33297593098094674,0.3952434479322013,0.2617243850843803,
0.08925167518774944,0.0022600930318088836,0.007764564745915514,0.8975876451401991,0.003136021894327111,
0.008218540329055803,0.08382081430974982,0.014561699531252406,0.8079354106048373,0.08546353522510464,
0.0036152218760097123,0.0018644963252172982,0.46149801131814344,0.5304351640140015,0.002587106466628108,
0.007612704371524883,0.003926137817394552,0.013488272763775878,0.969525120737514,0.005447764309790646,
0.008218540329055803,0.004238588603332943,0.014561699531252406,0.9670998620176711,0.005881309518687768,
0.007090055530118038,0.0036565895358219368,0.6991104287296719,0.14775953898926314,0.14238338721512506,
0.18185545348725504,0.004605070351434752,0.18874706225379043,0.0996236511376167,0.5251687627699031,
0.004382276146058014,0.0022600930318088836,0.007764564745915514,0.006458955202439108,0.9791341108737784,
0.022619284126327615,0.011665555691738824,0.040077094699546296,0.47139475573581063,0.4542433097465766,
0.005278189726247288,0.002722146990117773,0.009351954213916535,0.6211001408498633,0.36154756821985523,
0.004788689331849434,0.002469694521680462,0.10122485652933287,0.4243888801044955,0.46712787951264184,
0.0017051101624687875,8.793849287952206E-4,0.3992855487422141,0.5969097540104913,0.0012202021560306726,
0.005278189726247288,0.002722146990117773,0.980443086781425,0.007779425544068454,0.0037771509581415574,
0.005278189726247288,0.002722146990117773,0.980443086781425,0.007779425544068454,0.0037771509581415574,
0.013650045231725822,0.007039805590492152,0.4207159252635371,0.5488260488201779,0.009768175094066944,
0.005562488863641375,0.002868769995596704,0.9793896927492849,0.008198448748293563,0.003980599643183498,
0.018555175458679265,0.009569552753053972,0.03287626256741843,0.02734812756352948,0.9116508816573189,
0.7459612082833071,0.0030320873171557,0.010416756283028756,0.23638273536982718,0.004207212746681259,
0.00663456094846471,0.0034216750540069516,0.011755187561928445,0.00977855582937931,0.9684100206062206,
0.010796064965542673,0.005567908179754402,0.12366964111421941,0.8522405613113282,0.007725824429155335,
0.8615936527708612,0.005040924602266081,0.11196473007814288,0.014406091132828659,0.006994601415901095,
0.007090055530118038,0.0036565895358219368,0.012562237837352632,0.3537239962569589,0.6229671208397485,
0.006234059127005732,0.003215122261408422,0.9769013696608819,0.00918826365310335,0.004461185297600577,
0.09539229737589476,0.43692085090823624,0.4481365305878713,0.013160495026256411,0.006389826101741297,
0.004788689331849434,0.002469694521680462,0.9822567989119481,0.007057960028519869,0.0034268572060022085,
0.007090055530118038,0.0036565895358219368,0.9050748859973676,0.07910471990003122,0.005073749036661195,
0.018555175458679265,0.9079420752764231,0.03287626256741843,0.02734812756352948,0.013278359133949692,
0.0032716307899429906,0.0016872943887054762,0.9878778515436912,0.004821995695129913,0.0023412275825303724,
0.5898752827708353,0.014937232420816782,0.051316962011689324,0.3231441689461524,0.020726353850506155,
0.21987817551781003,0.005567908179754402,0.01912858583808573,0.7476995060351944,0.007725824429155335,
0.9060526425217159,0.0034216750540069516,0.0759993362457321,0.00977855582937931,0.004747790349165628,
0.0062340591270057324,0.9690709178625538,0.011045574059736756,0.009188263653103351,0.004461185297600578,
0.9736787622310591,0.0030320873171557003,0.010416756283028758,0.008665181422075419,0.0042072127466812595,
0.9117238675030794,0.003215122261408422,0.011045574059736753,0.06955425087817493,0.004461185297600577,
0.006234059127005732,0.003215122261408422,0.9769013696608819,0.00918826365310335,0.004461185297600577,
0.007612704371524883,0.003926137817394552,0.9717931702962047,0.011220223205085228,0.005447764309790646,
0.005879157953113881,0.0030320873171557,0.9212869720740359,0.06559456990901337,0.004207212746681259,
0.08226951121175417,0.002083285816528067,0.6721126591314899,0.08418373153930281,0.1593508123009251,
0.008218540329055803,0.08382081430974982,0.8103839565954211,0.09169537924708557,0.005881309518687768,
0.012056460018802836,0.0062179379775712485,0.021361767561531738,0.9517360525938289,0.008627781848265256,
0.007090055530118038,0.0036565895358219368,0.2871815141942803,0.6969980917031184,0.005073749036661195,
0.003171168068866109,0.0630499434337448,0.005618710225059561,0.8951836127135886,0.032976565558741025,
0.009774254124799075,0.005040924602266081,0.017318130228580423,0.9608720896284533,0.006994601415901095,
0.012056460018802836,0.0062179379775712485,0.6050906804955084,0.01776979189946621,0.3588651296086513,
0.005879157953113881,0.1168908642910316,0.010416756283028756,0.8626060087261446,0.004207212746681259,
0.0030766913966892282,0.38888781221582647,0.4821295368260622,0.1237042335038836,0.0022017260575384902,
0.005278189726247288,0.15605232581656647,0.060462013822732766,0.7233202600674957,0.05488721056695779,
0.006234059127005732,0.3654110456118379,0.3732414974101662,0.1299202381032465,0.12519315974774375,
0.005562488863641375,0.002868769995596704,0.009855678531127806,0.9777324629664507,0.003980599643183498,
0.0030766913966892282,0.001586757327682018,0.5119219256636118,0.18328901117898275,0.30012561443303426,
0.03017236017481477,0.001456572963394854,0.19644072215426903,0.7699092576816323,0.002021087025889051,
0.13878521966334836,0.001801433337505582,0.04001190521614037,0.8169018391967057,0.0024996025863000763,
0.007612704371524883,0.44622070590928475,0.013488272763775878,0.5272305526456238,0.005447764309790646,
0.004203885526903818,0.0021680907522051342,0.007448490298226344,0.9831711705048066,0.0030083629178581464,
0.08132846572017324,0.44622070590928475,0.45578284085566606,0.011220223205085228,0.005447764309790646,
0.00663456094846471,0.06766582373781062,0.9111732691351798,0.00977855582937931,0.004747790349165628,
0.008929141264534465,0.004605070351434752,0.9669154672560331,0.013160495026256411,0.006389826101741297,
0.004788689331849434,0.002469694521680462,0.9822567989119481,0.007057960028519869,0.0034268572060022085,
0.028963001259058384,0.014937232420816782,0.8926853842793547,0.04268802819026392,0.020726353850506155,
0.010796064965542673,0.005567908179754402,0.4372928069426204,0.5386173954829271,0.007725824429155335,
0.4726546914793408,0.46503765587221946,0.027868926930164215,0.023182774111925493,0.011255951606350144,
0.008218540329055803,0.8796430713739184,0.014561699531252406,0.012113153540668697,0.08546353522510464,
0.7125311555395749,0.0062179379775712485,0.021361767561531738,0.01776979189946621,0.24211934702185595,
0.9632052488060582,0.004238588603332943,0.014561699531252406,0.012113153540668697,0.005881309518687768,
0.9659176019039536,0.003926137817394552,0.013488272763775878,0.011220223205085228,0.005447764309790646,
0.9169276979820484,0.009569552753053972,0.03287626256741843,0.02734812756352948,0.013278359133949692,
0.4289602860700774,0.005567908179754402,0.5418338622187541,0.015912119102258718,0.007725824429155335,
0.004788689331849434,0.002469694521680462,0.9822567989119481,0.007057960028519869,0.0034268572060022085,
0.015729063727176407,0.008112028120055093,0.027868926930164212,0.937034029616254,0.011255951606350142,
0.005879157953113881,0.0030320873171557,0.12427553325690466,0.8056766202392066,0.061136601233619206,
0.028963001259058384,0.014937232420816782,0.8926853842793547,0.04268802819026392,0.020726353850506155,
0.2416475911719149,0.011665555691738824,0.6971620158363082,0.0333381416446361,0.016186695655402004,
0.004576477597783854,0.9329794871665962,0.00810865299946669,0.051060386898751475,0.003274995337401934,
0.1993670069998757,0.0034216750540069516,0.7826849717675725,0.00977855582937931,0.004747790349165628,
0.005278189726247288,0.002722146990117773,0.8271129079549763,0.16110960437051716,0.0037771509581415574,
0.007612704371524883,0.9622310353498233,0.013488272763775878,0.011220223205085228,0.005447764309790646,
0.005879157953113881,0.6292553606734731,0.35199308720465644,0.008665181422075417,0.004207212746681259,
0.0062340591270057324,0.9690709178625538,0.011045574059736756,0.009188263653103351,0.004461185297600578,
0.004788689331849434,0.1879501034443363,0.3794454699133166,0.007057960028519869,0.4207577772819779,
0.022619284126327615,0.011665555691738824,0.9161903228818954,0.0333381416446361,0.016186695655402004,
0.11973793492698977,0.5723259721865351,0.2950636987177185,0.008665181422075417,0.004207212746681259,
0.005278189726247289,0.9227032199488101,0.009351954213916536,0.007779425544068456,0.054887210566957806,
0.9736787622310591,0.0030320873171557003,0.010416756283028758,0.008665181422075419,0.0042072127466812595,
0.7006343901554168,0.004605070351434752,0.015820750031069804,0.013160495026256411,0.2657792944358222,
0.9702967912055196,0.0034216750540069516,0.011755187561928445,0.00977855582937931,0.004747790349165628,
0.04889167939092725,0.6670882764077357,0.2739998637583271,0.006745185105608071,0.003274995337401933,
0.005021538589604625,0.9750866046776117,0.008897216926452955,0.007401152213274095,0.003593487593056879,
0.028963001259058384,0.014937232420816782,0.33177310276757777,0.6036003097020408,0.020726353850506155,
0.08780076603547267,0.08382081430974982,0.49205505376975356,0.012113153540668697,0.32421021234435526,
0.0050215385896046245,0.0025897830253197784,0.008897216926452955,0.9798979738655659,0.0035934875930568786,
0.00663456094846471,0.0034216750540069516,0.011755187561928445,0.07402270451318298,0.9041658719224169,
0.06596176581476217,0.034018788938678594,0.11687177721201901,0.09721981825690457,0.6859278497776357,
0.006234059127005732,0.003215122261408422,0.9769013696608819,0.00918826365310335,0.004461185297600577,
0.012056460018802836,0.0062179379775712485,0.8385822456690991,0.13451557448626156,0.008627781848265256,
0.009774254124799075,0.005040924602266081,0.017318130228580423,0.7715788899293283,0.19628780111502606,
0.015729063727176407,0.4650376558722194,0.027868926930164212,0.48010840186408976,0.011255951606350142,
0.005879157953113881,0.0030320873171557,0.0673461447699667,0.8626060087261446,0.061136601233619206,
0.009774254124799075,0.005040924602266081,0.30125792977726784,0.6769322900797659,0.006994601415901095,
0.29371405367348646,0.005040924602266081,0.017318130228580423,0.6769322900797659,0.006994601415901095,
0.028963001259058384,0.8563056546884822,0.051316962011689324,0.04268802819026392,0.020726353850506155,
0.004203885526903818,0.0021680907522051342,0.007448490298226344,0.9831711705048066,0.0030083629178581464,
0.004788689331849434,0.002469694521680462,0.2867052654519887,0.7026094934884792,0.0034268572060022085,
0.015729063727176407,0.008112028120055093,0.027868926930164212,0.937034029616254,0.011255951606350142,
0.007090055530118038,0.0036565895358219368,0.08121705692658455,0.9029625489708143,0.005073749036661195,
