0.0020284897259981315,0.9836202672081645,0.005689488831501423,0.0035846806310565844,0.005077073603279348,
0.9334598800913911,0.010443817573371565,0.022239138739459263,0.014011840474899409,0.019845323120878607,
0.002657806989078566,0.003500782980601695,0.007454591949292847,0.6251754194967386,0.36121139858428825,
0.004117816939485237,0.6920848763758545,0.011549614073515008,0.007276871278185132,0.28497082133296003,
0.002257583474415447,0.002973620671853691,0.7592526263949771,0.2298657008770041,0.005650468581749624,
0.0027810634489913786,0.560166116148303,0.42517753811927916,0.004914604275076323,0.006960678008350019,
0.0025450122932873034,0.5126203260114308,0.4315283204453616,0.004497462401027857,0.048808878848892415,
0.12378145961152652,0.8266730750458859,0.019642087478067873,0.012375560023301431,0.017527817841218183,
0.002545012293287304,0.08823023201755742,0.3042112922471996,0.30157052819673924,0.3034429352452165,
0.003230510653158343,0.004255130925496594,0.00906090577912431,0.059578797545631446,0.9238746550965894,
0.002545012293287304,0.8521324012065296,0.0071382264514882115,0.08937548119980254,0.04880887884889242,
0.0032305106531583428,0.004255130925496593,0.8171100790728276,0.005708852659384548,0.16969542668913284,
0.004773351864260654,0.006287314705504788,0.968556878349329,0.008435311135043318,0.011947143945862092,
0.007003049628256796,0.009224205162997903,0.13642049746133758,0.012375560023301431,0.8349766877241062,
0.0027810634489913786,0.0500383812855885,0.9353052729819937,0.004914604275076323,0.006960678008350019,
0.00442141851057757,0.005823758736263036,0.9708751409805922,0.007813386034708004,0.011066295737859088,
0.003230510653158343,0.004255130925496594,0.1168007955516181,0.867627970839335,0.0080855920303922,
0.004117816939485237,0.005423863929254325,0.08021571531817503,0.007276871278185132,0.9029657325349002,
0.006270760220339241,0.00825965570299312,0.01758816906064841,0.011081482156775244,0.9567999328592439,
0.6907788293860855,0.005423863929254325,0.011549614073515008,0.07594297252284515,0.21630472008829996,
0.0029163079554910864,0.7332987750274389,0.2513321338166655,0.005153603939059218,0.007299179261345195,
0.005186156350610132,0.6986794568517796,0.27398923557791555,0.009164805708106587,0.01298034551158802,
0.005186156350610132,0.006831048289646386,0.9658376441400488,0.009164805708106587,0.01298034551158802,
0.003414446709199972,0.004497405935365829,0.9775082863572353,0.006033898435557227,0.008545962562641632,
0.004117816939485237,0.005423863929254325,0.9728750314987553,0.007276871278185132,0.010306416354319906,
0.0023458971876905155,0.0030899448239300165,0.43688536557275515,0.1606203619016251,0.3970584305139993,
0.003065378862765689,0.004037624325604888,0.008597745692522172,0.4143475329837715,0.5699517181353357,
0.004117816939485237,0.07408996517391435,0.01154961407351501,0.48793957999080534,0.42230302382228013,
0.27263494542055877,0.002671865315382289,0.005689488831501423,0.0035846806310565844,0.715419019801501,
0.00442141851057757,0.005823758736263036,0.01240115289366169,0.007813386034708004,0.9695402838247896,
0.003853230615895156,0.00507535882623883,0.010807504851200331,0.9063656904390515,0.07389821526761425,
0.0017867382706596173,0.002353437610186822,0.600901689816804,0.15213003117030702,0.24282810313204234,
0.006270760220339241,0.3219613057510608,0.01758816906064841,0.011081482156775244,0.6430982828111762,
0.2101161206734653,0.005423863929254325,0.011549614073515008,0.007276871278185132,0.7656335300455802,
0.023395785213541874,0.8110827452850781,0.06562027747572394,0.04134426565166682,0.0585569263739895,
0.07278391818414526,0.4174204713972145,0.011549614073515008,0.007276871278185132,0.49096912506694007,
0.0038532306158951565,0.1335834141761477,0.39633167090092686,0.39233346903941607,0.07389821526761427,
0.0026578069890785664,0.003500782980601696,0.31769390695039557,0.49221571306769474,0.18393179001222962,
0.0022575834744154475,0.002973620671853691,0.34514630872548074,0.6439720185465007,0.005650468581749625,
0.003620592937114084,0.3670171920601486,0.010155004886202952,0.36864644984857226,0.2505607602679623,
0.004117816939485237,0.005423863929254325,0.9728750314987553,0.007276871278185132,0.010306416354319906,
0.8980892029541494,0.003215740382465291,0.08827014762549903,0.00431436502325361,0.006110544014632703,
0.0023458971876905155,0.0030899448239300165,0.045698442582300346,0.004145592705443187,0.944720122700636,
0.0021756778434879995,0.002865737052033103,0.5503056592589858,0.003844786653347622,0.4408081391921455,
0.0030653788627656893,0.004037624325604889,0.008597745692522174,0.005417037165815326,0.978882213953292,
0.00442141851057757,0.005823758736263036,0.01240115289366169,0.007813386034708004,0.9695402838247896,
0.007003049628256796,0.009224205162997903,0.019642087478067873,0.012375560023301431,0.9517550977073759,
0.09166720742087679,0.006831048289646386,0.8793565930697821,0.009164805708106587,0.01298034551158802,
0.005186156350610132,0.006831048289646386,0.8793565930697821,0.009164805708106587,0.09946139658185468,
0.19501320547303322,0.0074777302623547665,0.015923131517039214,0.01003241992828277,0.77155351281929,
0.07211960757358457,0.002765407454095295,0.005888678120878554,0.8789614344863793,0.040264872365062356,
0.0024414016267039354,0.0032157403824652907,0.4546715208958176,0.04502562871995567,0.4946457083750575,
0.9153252776951403,0.002671865315382289,0.07334110275514158,0.0035846806310565844,0.005077073603279348,
0.0030653788627656893,0.004037624325604889,0.11083036964701123,0.005417037165815326,0.8766495899988029,
0.004773351864260654,0.006287314705504788,0.013388252241294566,0.0880326966440462,0.8875183845448937,
0.002441401626703936,0.04392700407916736,0.4953827845925197,0.4521382656869764,0.006110544014632703,
0.0027810634489913786,0.0036631326617053575,0.703429029862578,0.004914604275076323,0.28521216975164887,
0.009137076055593664,0.012035080229424448,0.025627584653059813,0.777967141561125,0.175233117500797,
0.0016862559221357857,0.002221085299801382,0.9888922602813209,0.0029798962576013453,0.004220502239140726,
0.007003049628256796,0.009224205162997903,0.9538693673442256,0.012375560023301431,0.017527817841218183,
0.0038532306158951565,0.005075358826238831,0.7176018092756989,0.26382541368950724,0.009644187592659833,
0.002345897187690515,0.003089944823930016,0.7498349039651189,0.23885774649971603,0.005871507523544511,
0.003414446709199973,0.00449740593536583,0.00957680789247829,0.9739653769003145,0.008545962562641634,
0.0030653788627656893,0.004037624325604889,0.36641192953323387,0.6188127808927497,0.0076722863856459505,
0.005186156350610132,0.006831048289646386,0.014546082367115574,0.009164805708106587,0.9642719072845213,
0.005677119622626508,0.0074777302623547665,0.20525921736744596,0.7673767633299098,0.014209169417663006,
0.9599419779722952,0.006287314705504788,0.013388252241294566,0.008435311135043318,0.011947143945862092,
0.0032305106531583428,0.004255130925496593,0.9787199137315683,0.005708852659384548,0.008085592030392198,
0.0020995072530549073,0.002765407454095294,0.6360695810056455,0.03872023064002323,0.32034527364718096,
0.004117816939485237,0.005423863929254325,0.011549614073515008,0.4879395799908053,0.49096912506694007,
0.003853230615895156,0.13358341417614766,0.07506153252615475,0.7778576350891426,0.009644187592659831,
0.005186156350610132,0.006831048289646386,0.7063944909292488,0.009164805708106587,0.27242349872238797,
0.003853230615895156,0.00507535882623883,0.07506153252615475,0.006809302989689544,0.9092005750420217,
0.0032305106531583428,0.004255130925496593,0.9787199137315683,0.005708852659384548,0.008085592030392198,
0.003065378862765689,0.004037624325604888,0.11083036964701122,0.46546384496101606,0.41660278220360214,
0.007003049628256796,0.9434514850291555,0.019642087478067873,0.012375560023301431,0.017527817841218183,
0.9190195737193555,0.004255130925496594,0.00906090577912431,0.059578797545631446,0.0080855920303922,
0.09166720742087679,0.6986794568517796,0.014546082367115574,0.09564585677837324,0.09946139658185468,
0.0013765899861017828,0.02476834342757115,0.4170535797874802,0.5533560423426089,0.0034454444562380215,
0.01314173180821768,0.01730989166590698,0.03685980529807739,0.8997963466285099,0.03289222459928792,
0.09110580631207842,0.7198533707145411,0.1832946186912184,0.002378075691723862,0.0033681285904381348,
0.004773351864260654,0.9614559408135392,0.013388252241294566,0.008435311135043318,0.011947143945862092,
0.22425731770415192,0.003500782980601696,0.007454591949292848,0.7581351259257828,0.006652181440170914,
0.00442141851057757,0.005823758736263036,0.01240115289366169,0.6713723008641215,0.3059813689953762,
0.007003049628256797,0.12600261514626762,0.1364204974613376,0.7130460199229198,0.017527817841218186,
0.002916307955491087,0.0038412726351946275,0.4944846346140804,0.49145860553388887,0.007299179261345196,
0.11097040042565212,0.004255130925496594,0.00906090577912431,0.867627970839335,0.0080855920303922,
0.0026578069890785664,0.003500782980601696,0.14041429837833685,0.13765649592357732,0.7157706157284056,
0.004117816939485237,0.005423863929254325,0.08021571531817503,0.5566056812354654,0.35363692257762,
0.0044214185105775706,0.005823758736263036,0.08612992120804097,0.523914764235363,0.3797101373097555,
0.007928983742487707,0.935974713922275,0.022239138739459263,0.014011840474899409,0.019845323120878607,
0.002781063448991379,0.8847928565154851,0.007800300504330901,0.004914604275076324,0.09971117525611631,
0.009137076055593664,0.7738554801328559,0.025627584653059813,0.16851082163837988,0.022869037520110717,
0.009137076055593664,0.9262195601135422,0.025627584653059813,0.0161467416576936,0.022869037520110717,
0.005677119622626508,0.0074777302623547665,0.9626035607690728,0.01003241992828277,0.014209169417663006,
0.013141731808217682,0.017309891665906983,0.4751461595166558,0.023223638191353375,0.4711785788178663,
0.2608693413157128,0.00507535882623883,0.010807504851200331,0.006809302989689544,0.7164384920171585,
0.005186156350610132,0.006831048289646386,0.8793565930697821,0.09564585677837324,0.01298034551158802,
0.003065378862765689,0.004037624325604888,0.9798076732601682,0.005417037165815325,0.007672286385645949,
0.0025450122932873034,0.0033522132187827247,0.7710403956404603,0.21669250939796456,0.006369869449505069,
0.003414446709199973,0.00449740593536583,0.00957680789247829,0.0060338984355572285,0.9764774410273988,
0.00442141851057757,0.005823758736263036,0.01240115289366169,0.007813386034708004,0.9695402838247896,
0.004117816939485237,0.005423863929254325,0.011549614073515008,0.007276871278185132,0.9716318337795603,
0.3199724102684069,0.00825965570299312,0.01758816906064841,0.011081482156775244,0.6430982828111762,
0.0036205929371140835,0.6085160297589951,0.37240326143447294,0.006398193300302217,0.009061922569115585,
0.0038532306158951565,0.005075358826238831,0.5890937539257901,0.39233346903941607,0.009644187592659833,
0.6675774345669445,0.004037624325604888,0.3152956175559893,0.005417037165815325,0.007672286385645949,
0.002441401626703936,0.16606079516927358,0.37324899350241353,0.4521382656869764,0.006110544014632703,
0.0044214185105775706,0.005823758736263036,0.5285025310943167,0.4501859959209837,0.011066295737859088,
0.6422400744181826,0.002973620671853691,0.34514630872548074,0.003989527602733314,0.005650468581749625,
0.006270760220339241,0.00825965570299312,0.01758816906064841,0.9521864323009784,0.015694982715040814,
0.0036205929371140835,0.0047689355118785155,0.0705297143109146,0.006398193300302217,0.9146825639397905,
0.5821394796904849,0.32634549720101086,0.07506153252615475,0.006809302989689543,0.009644187592659831,
0.005677119622626508,0.0074777302623547665,0.9626035607690728,0.01003241992828277,0.014209169417663006,
0.01314173180821768,0.01730989166590698,0.03685980529807739,0.8997963466285099,0.03289222459928792,
0.0032305106531583428,0.004255130925496593,0.8171100790728276,0.005708852659384548,0.16969542668913284,
0.003414446709199972,0.06143455172741036,0.9205711405651907,0.006033898435557227,0.008545962562641632,
0.005677119622626508,0.0074777302623547665,0.11059117444224258,0.8620448062551131,0.014209169417663006,
0.413529047517381,0.030816220677399635,0.06562027747572392,0.04134426565166681,0.44869018867782867,
8.746481828659924E-4,0.0011520601327235627,0.0024532049653149986,0.1473964282388984,0.848123658480197,
0.14145001942880528,0.005423863929254325,0.011549614073515008,0.5566056812354654,0.28497082133296003,
0.002175677843488,0.0028657370520331032,0.47774521411428916,0.5117679026662242,0.005445468323965687,
0.022285466627992294,0.9057204890451365,0.0035363380458621222,0.002228081093627026,0.06622962518738207,
0.002916307955491087,0.9278207756653708,0.00817963301925078,0.005153603939059219,0.05592967942082816,
0.12457519271681014,0.003215740382465291,0.006847620232094901,0.00431436502325361,0.8610470816453761,
0.004773351864260654,0.006287314705504788,0.013388252241294566,0.0880326966440462,0.8875183845448937,
0.00442141851057757,0.30073883199378015,0.6759600677230752,0.007813386034708004,0.011066295737859088,
0.7217814044311214,0.0025844443980696285,0.23453674297104926,0.03618645166424856,0.004910956535511255,
0.002916307955491087,0.9764512758248538,0.00817963301925078,0.005153603939059219,0.007299179261345196,
0.003065378862765689,0.004037624325604888,0.9798076732601682,0.005417037165815325,0.007672286385645949,
0.0024414016267039354,0.0032157403824652907,0.739650366772732,0.248581947203466,0.006110544014632702,
0.7106475350403939,0.005075358826238831,0.1393155602011092,0.13531735833959838,0.009644187592659833,
0.9696159437325008,0.004768935511878516,0.010155004886202952,0.006398193300302219,0.009061922569115586,
0.003620592937114084,0.004768935511878516,0.9157756462568781,0.06677290272501389,0.009061922569115586,
0.00442141851057757,0.005823758736263036,0.9708751409805922,0.007813386034708004,0.011066295737859088,
0.003230510653158343,0.004255130925496594,0.00906090577912431,0.005708852659384549,0.9777445999828362,
0.006270760220339241,0.00825965570299312,0.12215538574333765,0.011081482156775244,0.8522327161765547,
0.0036205929371140835,0.48776661090957174,0.19127913316033793,0.006398193300302217,0.31093546969267394,
0.005677119622626508,0.0074777302623547665,0.015923131517039214,0.9567128491803165,0.014209169417663006,
0.010779481897588145,0.01419840752991004,0.030234189051917337,0.019049147489320285,0.9257387740312643,
0.002781063448991379,0.6992918620199525,0.007800300504330901,0.2831660960183752,0.006960678008350021,
0.023395785213541874,0.030816220677399638,0.8458868020834023,0.04134426565166682,0.0585569263739895,
0.002099507253054908,0.002765407454095295,0.005888678120878554,0.6338910833645255,0.3553553238074459,
0.003853230615895156,0.00507535882623883,0.010807504851200331,0.19957138601455277,0.7806925196921128,
0.0021756778434879995,0.5107888530649095,0.006102320673760945,0.003844786653347622,0.4770883617644938,
0.7835156159830101,0.006831048289646386,0.014546082367115574,0.009164805708106587,0.1859424476521213,
0.007928983742487707,0.010443817573371565,0.815551335609948,0.014011840474899409,0.15206402259929339,
0.002099507253054908,0.002765407454095295,0.005888678120878554,0.8789614344863793,0.11028497268559202,
0.007003049628256797,0.5931162550793466,0.019642087478067876,0.012375560023301434,0.36786304779102735,
0.001962119452172899,0.0025844443980696285,0.39813203501171934,0.0034673932561145376,0.5938540078819236,
0.3843492913234399,0.0074777302623547665,0.5839313890682594,0.01003241992828277,0.014209169417663006,
0.3843492913234399,0.0074777302623547665,0.015923131517039214,0.01003241992828277,0.5822174269688832,
0.005677119622626508,0.0074777302623547665,0.015923131517039214,0.01003241992828277,0.9608895986696967,
0.002441401626703936,0.003215740382465291,0.006847620232094901,0.1264481561133598,0.8610470816453761,
0.003853230615895156,0.00507535882623883,0.3963316709009268,0.006809302989689544,0.5879304366672496,
0.002545012293287304,0.003352213218782725,0.0071382264514882115,0.0044974624010278574,0.982467085635414,
0.08437073737326353,0.006287314705504788,0.09298563775029745,0.008435311135043318,0.8079209990358909,
0.0020995072530549078,0.0027654074540952945,0.531039430524851,0.003710180479758405,0.46038547428824034,
0.00442141851057757,0.005823758736263036,0.01240115289366169,0.007813386034708004,0.9695402838247896,
0.004773351864260654,0.006287314705504788,0.013388252241294566,0.008435311135043318,0.9671157700538966,
0.34744832316278534,0.005423863929254325,0.5608784240307952,0.07594297252284515,0.010306416354319906,
0.005186156350610132,0.09331209935991304,0.10102713343738223,0.7874942653405066,0.01298034551158802,
0.04498402169267465,0.9370104200053043,0.0071382264514882115,0.0044974624010278574,0.00636986944950507,
0.45142808602679596,0.23645306877519612,0.03685980529807739,0.023223638191353372,0.2520354017085771,
0.0030653788627656893,0.004037624325604889,0.008597745692522174,0.005417037165815326,0.978882213953292,
0.002781063448991379,0.003663132661705358,0.054175549128214054,0.0976651015228426,0.8417151532382466,
9.901833985829214E-4,0.0013042396245015542,0.43208067119244997,0.21640152675584284,0.3492233790286227,
0.003065378862765689,0.055153936302849406,0.9286913612829236,0.005417037165815325,0.007672286385645949,
0.003065378862765689,0.004037624325604888,0.8775750493056791,0.005417037165815325,0.10990491034013498,
0.007928983742487707,0.010443817573371567,0.022239138739459267,0.5428866383885586,0.41650142155612296,
0.0032305106531583428,0.004255130925496593,0.9787199137315683,0.005708852659384548,0.008085592030392198,
0.010779481897588145,0.01419840752991004,0.7492413777855643,0.019049147489320285,0.20673158529761723,
0.003414446709199973,0.00449740593536583,0.00957680789247829,0.9170282311082699,0.06548310835468618,
0.45363142434057613,0.06932938650119325,0.010807504851200333,0.39233346903941607,0.07389821526761427,
0.006270760220339241,0.00825965570299312,0.01758816906064841,0.011081482156775244,0.9567999328592439,
0.005677119622626508,0.0074777302623547665,0.015923131517039214,0.8620448062551131,0.10887721234286638,
0.004117816939485237,0.8294170788651746,0.08021571531817503,0.007276871278185132,0.07897251759897994,
0.0036205929371140835,0.0047689355118785155,0.9761503556815896,0.006398193300302217,0.009061922569115585,
0.005186156350610132,0.8716415589923129,0.10102713343738223,0.009164805708106587,0.01298034551158802,
0.0027810634489913786,0.0036631326617053575,0.9816805216058768,0.004914604275076323,0.006960678008350019,
0.004117816939485237,0.5547526738865345,0.42354622154147514,0.007276871278185132,0.010306416354319906,
0.010779481897588145,0.9129573934469688,0.030234189051917337,0.019049147489320285,0.026979788114205493,
0.0018999547226303463,0.0025025628964893635,0.9874845791441177,0.003357537781339377,0.004755365455423239,
0.01682988663602547,0.02216781765679684,0.047204307137412714,0.8716747418553138,0.04212324671445118,
0.006270760220339241,0.00825965570299312,0.12215538574333765,0.42935034888753215,0.43396384944579774,
0.003853230615895156,0.00507535882623883,0.010807504851200331,0.9706197181140058,0.009644187592659831,
0.003620592937114084,0.004768935511878516,0.010155004886202952,0.972393544095689,0.009061922569115586,
0.9144087793819126,0.00449740593536583,0.00957680789247829,0.0060338984355572285,0.06548310835468618,
0.9696159437325008,0.004768935511878516,0.010155004886202952,0.006398193300302219,0.009061922569115586,
0.0036205929371140835,0.0047689355118785155,0.9761503556815896,0.006398193300302217,0.009061922569115585,
0.00442141851057757,0.005823758736263036,0.9708751409805922,0.007813386034708004,0.011066295737859088,
0.003414446709199972,0.06143455172741036,0.9205711405651907,0.006033898435557227,0.008545962562641632,
0.0023458971876905155,0.0030899448239300165,0.5151227501708461,0.473569900293989,0.005871507523544512,
0.004773351864260654,0.006287314705504788,0.8889594928403262,0.0880326966440462,0.011947143945862092,
0.007003049628256796,0.009224205162997903,0.019642087478067873,0.012375560023301431,0.9517550977073759,
0.004117816939485237,0.005423863929254325,0.2862140190521551,0.007276871278185132,0.6969674288009201,
0.0018416080870431832,0.0024257104727888282,0.005165324975002876,0.0032544295171978346,0.9873129269479674,
0.005677119622626508,0.0074777302623547665,0.015923131517039214,0.01003241992828277,0.9608895986696967,
0.007003049628256797,0.009224205162997904,0.4867557274111468,0.47948919995638034,0.017527817841218186,
0.003414446709199973,0.061434551727410365,0.00957680789247829,0.0060338984355572285,0.9195402952353542,
0.0017867382706596173,0.44927113499874227,0.4519291240206189,0.0031574653741218736,0.09385553733585715,
0.0030653788627656893,0.9241312399160064,0.008597745692522174,0.05653334914305986,0.0076722863856459505,
0.003620592937114084,0.004768935511878516,0.3120285520097613,0.6705199969721307,0.009061922569115586,
0.003230510653158343,0.004255130925496594,0.00906090577912431,0.005708852659384549,0.9777445999828362,
0.0017867382706596173,0.2705040560433201,0.54131266349833,0.12233551801107,0.06406102417662012,
0.001640137018699808,0.0021603388750624443,0.031950124570440684,0.13964781517007643,0.8246015843657206,
0.30646075238237885,0.002671865315382289,0.005689488831501423,0.0035846806310565844,0.6815932128396809,
0.00442141851057757,0.15328129536502158,0.01240115289366169,0.15527092266346654,0.6746252105672725,
0.002441401626703936,0.04392700407916736,0.006847620232094901,0.045025628719955677,0.9017583453420782,
0.00442141851057757,0.9642977468231935,0.01240115289366169,0.007813386034708004,0.011066295737859088,
0.003853230615895156,0.2620914695260565,0.7176018092756989,0.006809302989689544,0.009644187592659831,
0.005186156350610132,0.006831048289646386,0.9658376441400488,0.009164805708106587,0.01298034551158802,
0.0027810634489913786,0.09641362990947165,0.8425547757342274,0.004914604275076323,0.05333592663223317,
0.01682988663602547,0.02216781765679684,0.047204307137412714,0.8716747418553138,0.04212324671445118,
0.006270760220339241,0.00825965570299312,0.3312898191087161,0.011081482156775244,0.6430982828111762,
0.009137076055593664,0.012035080229424448,0.025627584653059813,0.9303312215418114,0.022869037520110717,
0.004773351864260654,0.006287314705504788,0.013388252241294566,0.9636039372430779,0.011947143945862092,
0.007003049628256797,0.2427810251295374,0.019642087478067876,0.7130460199229198,0.017527817841218186,
0.8007472069542895,0.006287314705504788,0.013388252241294566,0.008435311135043318,0.17114191496386782,
0.9628954065975082,0.005823758736263036,0.01240115289366169,0.007813386034708004,0.011066295737859088,
0.5500348734478233,0.01419840752991004,0.030234189051917337,0.19880094467273202,0.20673158529761723,
0.006270760220339243,0.11282687238568237,0.3312898191087162,0.5339175655702215,0.015694982715040818,
0.0027810634489913786,0.0036631326617053575,0.9816805216058768,0.004914604275076323,0.006960678008350019,
0.009137076055593664,0.012035080229424448,0.1779916646337461,0.0161467416576936,0.7846894374235422,
0.003414446709199973,0.8016174470239894,0.00957680789247829,0.17684533581169085,0.008545962562641634,
0.01682988663602547,0.3028123233909301,0.6084933186056792,0.02974122465291408,0.04212324671445118,
0.6705712631360852,0.23645306877519612,0.03685980529807739,0.023223638191353372,0.03289222459928792,
0.17993741556113724,0.6239794129828071,0.007454591949292848,0.0046967894945332996,0.18393179001222962,
0.9676636457402115,0.00507535882623883,0.010807504851200331,0.006809302989689544,0.009644187592659831,
0.003065378862765689,0.208502872234583,0.673109801396701,0.10764966112030436,0.007672286385645949,
0.0044214185105775706,0.8168402101944351,0.012401152893661692,0.15527092266346657,0.011066295737859088,
0.003414446709199972,0.8016174470239892,0.18038824526861189,0.006033898435557227,0.008545962562641632,
0.48661826833480754,0.06514364493659018,0.372403261434473,0.06677290272501389,0.009061922569115586,
0.0027810634489913786,0.6065413647721861,0.378802289495396,0.004914604275076323,0.006960678008350019,
0.6705712631360852,0.01730989166590698,0.2560029824073666,0.023223638191353372,0.03289222459928792,
0.003414446709199973,0.9154917386080784,0.06651395368452283,0.0060338984355572285,0.008545962562641634,
0.6164611225897,0.2596191842118275,0.008597745692522172,0.056533349143059845,0.05878859836289047,
0.3450373214614672,0.00449740593536583,0.00957680789247829,0.6323425021480472,0.008545962562641634,
0.09166720742087679,0.006831048289646386,0.7928755419995155,0.09564585677837324,0.01298034551158802,
0.9676636457402115,0.00507535882623883,0.010807504851200331,0.006809302989689544,0.009644187592659831,
0.8890558498493719,0.003500782980601696,0.007454591949292848,0.0046967894945332996,0.09529198572620025,
0.9755263111451502,0.0038412726351946275,0.00817963301925078,0.005153603939059219,0.007299179261345196,
0.5781188981042918,0.022167817656796835,0.04720430713741271,0.029741224652914077,0.32276775244858447,
0.402760279409275,0.24507947123251342,0.3317777942773061,0.008435311135043318,0.011947143945862092,
0.002916307955491087,0.0038412726351946275,0.00817963301925078,0.05378410409854218,0.9312786822915213,
0.003853230615895156,0.13358341417614766,0.010807504851200331,0.7778576350891426,0.07389821526761425,
0.03836212694911357,0.6902319096322944,0.10759773147099608,0.06779229476893485,0.09601593717866097,
0.003620592937114084,0.004768935511878516,0.9157756462568781,0.06677290272501389,0.009061922569115586,
0.007003049628256796,0.5931162550793465,0.2531989074446073,0.12915397000657114,0.017527817841218183,
0.2896812483982366,0.0074777302623547665,0.015923131517039214,0.01003241992828277,0.6768854698940866,
0.009137076055593664,0.012035080229424448,0.3303557446144324,0.0161467416576936,0.6323253574428559,
0.003414446709199973,0.00449740593536583,0.06651395368452283,0.0060338984355572285,0.9195402952353542,
0.005677119622626508,0.0074777302623547665,0.48926334614305605,0.01003241992828277,0.48754938404367987,
0.005677119622626508,0.0074777302623547665,0.015923131517039214,0.9567128491803165,0.014209169417663006,
0.5781188981042918,0.022167817656796835,0.04720430713741271,0.029741224652914077,0.32276775244858447,
0.002441401626703936,0.003215740382465291,0.006847620232094901,0.045025628719955677,0.9424696090387802,
0.002781063448991379,0.003663132661705358,0.007800300504330901,0.14404035014672575,0.8417151532382466,
0.009137076055593664,0.012035080229424448,0.025627584653059813,0.0161467416576936,0.9370535174042285,
0.07278391818414526,0.005423863929254325,0.011549614073515008,0.007276871278185132,0.9029657325349002,
