0.003166615404106479,0.9502901571386657,0.03948961402852502,0.0052360249879242265,0.0018175884407786488,
0.4101044611383855,0.009907239885616134,0.5523629298387437,0.020506811801550052,0.007118557335704593,
0.2703040308794612,0.26946924732420446,0.007392635700945576,0.4504521125188403,0.002381973576548478,
0.006432665095150144,0.5552191151533876,0.2177393418307944,0.010636465398821626,0.2099724125218462,
0.003524514997801377,0.0028155308243755085,0.9481348706150466,0.043502066270860514,0.0020230172919159335,
0.0043425211667780265,0.5140679143313156,0.4719166292990112,0.00718039497640082,0.0024925402264944422,
0.0039736250433989925,0.0031742988187536203,0.8990510961770154,0.09152018042404439,0.0022807995367876096,
0.010950341550958686,0.7110500433269821,0.01950699008385804,0.25220729774528455,0.006285327292916622,
0.0464485041759675,0.3429733318793017,0.26192790918848785,0.34636945521945545,0.0022807995367876096,
0.0050450683948283755,0.004030212833704177,0.11684281484940069,0.8711861124137308,0.0028957915083360746,
0.0039736250433989925,0.9800965188678293,0.0070786343930768015,0.006570422158907367,0.0022807995367876096,
0.0050450683948283755,0.004030212833704177,0.9796868645842056,0.008342062678925783,0.0028957915083360746,
0.007458336309379213,0.005958032747971198,0.9699702395344613,0.01233242130812895,0.0042809701000593985,
0.010950341550958686,0.008747593411688346,0.01950699008385804,0.9545097476605783,0.006285327292916622,
0.14359677365035584,0.00346898855819698,0.7968432184273593,0.05359847913759342,0.0024925402264944422,
0.0069076344099412495,0.005518108907704679,0.9721875498624016,0.011421831123222002,0.0039648756967304525,
0.813961365021208,0.004030212833704177,0.00898730863255007,0.17012532200420172,0.0028957915083360746,
0.2127128269871336,0.005138683441431706,0.011459179938810935,0.7669970590027609,0.003692250629862736,
0.009802907254145548,0.007830974633320734,0.017462945215882857,0.9592764552068253,0.005626717689825584,
0.006432665095150144,0.005138683441431706,0.011459179938810935,0.010636465398821626,0.9663330061257855,
0.0045539046983270205,0.6364467200700263,0.25150037402092273,0.10488513009478333,0.0026138711159406874,
0.7011455051113019,0.0064741779085183805,0.2743277052893347,0.013400780587991453,0.0046518311028535255,
0.00810445296476857,0.0064741779085183805,0.447587968325968,0.5331815696978914,0.0046518311028535255,
0.29034128718970365,0.004259941930382049,0.6935203395823205,0.00881757466867309,0.0030608566289208024,
0.006432665095150144,0.0738987374054262,0.9053398814707393,0.010636465398821626,0.003692250629862736,
0.16025916430609718,0.0029257565104483796,0.8286568933981068,0.006055969051888304,0.0021022167334593146,
0.4141337885589661,0.0038239934585815576,0.008527442802453157,0.5707671565697147,0.0027476186102845354,
0.6252731507711005,0.005138683441431706,0.011459179938810935,0.28567668125479956,0.07245230459385722,
0.03701520581708142,0.0025296255753673312,0.005641023615550076,0.8514507853122977,0.10336335967970346,
0.0069076344099412495,0.005518108907704679,0.012305292516272574,0.971304088469351,0.0039648756967304525,
0.6493816850292539,0.004808079626827841,0.010721938845215283,0.33163359156641414,0.0034547049322888753,
0.3009108826617575,0.002227970880256043,0.3329024089994185,0.36235789417259795,0.0016008432859700096,
0.009802907254145548,0.007830974633320734,0.017462945215882857,0.9592764552068253,0.005626717689825584,
0.006432665095150144,0.005138683441431706,0.28649939579478884,0.6982370050387665,0.003692250629862736,
0.036783445304950944,0.02938416325293683,0.06552620294761433,0.8471930577645735,0.021113130729924406,
0.9690734205910729,0.005138683441431706,0.011459179938810935,0.010636465398821626,0.003692250629862736,
0.006018811305018005,0.004808079626827841,0.3967396630797568,0.5889787410561085,0.0034547049322888753,
0.004149891169225144,0.003315107613968385,0.5397009151214177,0.4504521125188403,0.002381973576548478,
0.5309640334639865,0.0028155308243755085,0.45836960346787486,0.005827814951847298,0.0020230172919159335,
0.7310229567526254,0.004517444048344693,0.010073826263769538,0.25113989569394446,0.0032458772413159623,
0.006432665095150144,0.005138683441431706,0.9053398814707393,0.07939651936281611,0.003692250629862736,
0.003811722587219944,0.0030449643270012592,0.0067902205940606,0.08779125737801691,0.8985618351137012,
0.0036624968235883315,0.0029257565104483796,0.006524389114935352,0.9847851408175686,0.0021022167334593146,
0.03970298604253294,0.0027133089414106766,0.3691149706596082,0.5865191656075424,0.0019495687489059562,
0.004786920526524319,0.054992351962636785,0.26436923532272927,0.6731038735778252,0.0027476186102845354,
0.0069076344099412495,0.005518108907704679,0.012305292516272574,0.971304088469351,0.0039648756967304525,
0.010950341550958686,0.008747593411688346,0.01950699008385804,0.9545097476605783,0.006285327292916622,
0.00810445296476857,0.0064741779085183805,0.967368757435868,0.013400780587991453,0.0046518311028535255,
0.35462497903803525,0.0064741779085183805,0.6208482313626014,0.013400780587991453,0.0046518311028535255,
0.00887313370457556,0.007088232414849158,0.4900402167525016,0.48890537512682347,0.005093042001250135,
0.563828874652838,0.31792836634522764,0.0058386538171706385,0.11052283851916359,0.0018812666656001307,
0.003811722587219944,0.0030449643270012592,0.33274438971829984,0.6582110533454355,0.00218787002204354,
0.003166615404106479,0.0025296255753673317,0.005641023615550077,0.10678179622684905,0.881880939178127,
0.10712363753463476,0.0038239934585815576,0.1108641598105636,0.7754405905859356,0.0027476186102845354,
0.007458336309379213,0.005958032747971198,0.49162827750583105,0.4906743833367591,0.0042809701000593985,
0.49274297627357877,0.08453350660806105,0.1697673051561802,0.25076834194013653,0.00218787002204354,
0.05076060532797063,0.00346898855819698,0.9360974709109371,0.00718039497640082,0.0024925402264944422,
0.931261981943565,0.011421337953769234,0.02546939663552181,0.02364081526681238,0.008206468200331557,
0.0026320652188981538,0.002102604403782437,0.9894024237075779,0.00435214179724036,0.0015107648725010572,
0.010950341550958686,0.008747593411688346,0.955910256637583,0.018106481106853308,0.006285327292916622,
0.006018811305018005,0.004808079626827841,0.9757662494315691,0.009952154704296199,0.0034547049322888753,
0.2385574980473516,0.0029257565104483796,0.7503585596568524,0.006055969051888304,0.0021022167334593146,
0.005332646012399694,0.004259941930382048,0.4655134266404772,0.008817574668673089,0.5160764107480679,
0.3629654300549109,0.0038239934585815576,0.6225477448511159,0.007915213025107209,0.0027476186102845354,
0.00810445296476857,0.0064741779085183805,0.014437310734384676,0.9663322272894748,0.0046518311028535255,
0.7676468529412218,0.007088232414849158,0.20550007203875928,0.014671800603919519,0.005093042001250135,
0.08718199664748424,0.005958032747971198,0.013286315477200914,0.01233242130812895,0.8812412338192147,
0.0050450683948283755,0.004030212833704177,0.9796868645842056,0.008342062678925783,0.0028957915083360746,
0.0032775560566226645,0.0026182496348565103,0.5663899724133858,0.11052283851916357,0.31719138337597125,
0.556513096807106,0.005138683441431706,0.011459179938810935,0.4231967891827886,0.003692250629862736,
0.9710631218913718,0.004808079626827841,0.010721938845215283,0.009952154704296199,0.0034547049322888753,
0.00810445296476857,0.0064741779085183805,0.967368757435868,0.013400780587991453,0.0046518311028535255,
0.006018811305018005,0.004808079626827841,0.010721938845215283,0.97499646529065,0.0034547049322888753,
0.7061058588043574,0.004030212833704177,0.2786260741746766,0.008342062678925783,0.0028957915083360746,
0.004786920526524318,0.0038239934585815568,0.008527442802453157,0.3660937225534937,0.6167679206589471,
0.010950341550958686,0.9451508599654133,0.01950699008385804,0.018106481106853308,0.006285327292916622,
0.0050450683948283755,0.004030212833704177,0.06291506174097539,0.062269815787351086,0.865739841243141,
0.00810445296476857,0.7861453615733685,0.187697573771018,0.013400780587991453,0.0046518311028535255,
0.6911174207581532,0.0017163033077356418,0.2564492699532964,0.04948380645777568,0.0012331995230390844,
0.4607971244803904,0.01644907912295729,0.47688714857283765,0.034047643317189465,0.011819004506625085,
0.002100255222347299,0.8323296763204276,0.16089176479558023,0.0034727895313614253,0.0012055141302834008,
0.08718199664748424,0.8031946361290214,0.013286315477200914,0.09205608164623397,0.0042809701000593985,
0.9800484034400908,0.003315107613968385,0.007392635700945576,0.006861879668446876,0.002381973576548478,
0.4499302147235392,0.005518108907704679,0.012305292516272574,0.528281508155753,0.0039648756967304525,
0.12800074987017432,0.2428484100501196,0.604759031679936,0.018106481106853308,0.006285327292916622,
0.8320731955252142,0.14967066664244563,0.0081123473071324,0.007529919409267182,0.0026138711159406874,
0.9218168712380586,0.004030212833704176,0.008987308632550069,0.008342062678925781,0.056823544616761375,
0.004149891169225144,0.003315107613968385,0.18482872884110293,0.8053242987991551,0.002381973576548478,
0.831553312663084,0.0738987374054262,0.011459179938810935,0.07939651936281611,0.003692250629862736,
0.4499302147235392,0.005518108907704679,0.15997948595413858,0.380607314717887,0.0039648756967304525,
0.4101044611383855,0.5401771869905161,0.022092982733843844,0.020506811801550052,0.007118557335704593,
0.0043425211667780265,0.931830671782049,0.05415387184827771,0.00718039497640082,0.0024925402264944422,
0.01429736679297281,0.6227310813874973,0.33112426835238584,0.023640815266812377,0.008206468200331557,
0.014297366792972811,0.9283859531043614,0.02546939663552181,0.02364081526681238,0.008206468200331557,
0.00887313370457556,0.4813218069377531,0.4900402167525016,0.014671800603919519,0.005093042001250135,
0.4607971244803905,0.45665505057210953,0.03668117712368546,0.03404764331718947,0.011819004506625087,
0.006018811305018005,0.004808079626827841,0.010721938845215283,0.97499646529065,0.0034547049322888753,
0.00810445296476857,0.0064741779085183805,0.8807386259175514,0.10003091210630811,0.0046518311028535255,
0.004786920526524319,0.0038239934585815576,0.9807262543795023,0.007915213025107209,0.0027476186102845354,
0.0464485041759675,0.045649177951322124,0.8565762170444469,0.04904530129147587,0.0022807995367876096,
0.005332646012399696,0.28926858310768605,0.009499600756790901,0.6928383134942027,0.0030608566289208024,
0.0069076344099412495,0.005518108907704679,0.012305292516272574,0.971304088469351,0.0039648756967304525,
0.006432665095150144,0.005138683441431706,0.011459179938810935,0.9732772208947444,0.003692250629862736,
0.009802907254145548,0.11261622644244637,0.017462945215882857,0.2257796925429458,0.6343382285445794,
0.005654990228583605,0.9716747327470671,0.010073826263769538,0.009350573519263865,0.0032458772413159623,
0.26336396079471236,0.004808079626827841,0.7184210999418748,0.009952154704296199,0.0034547049322888753,
0.10712363753463475,0.0038239934585815568,0.11086415981056359,0.007915213025107207,0.7702729961711128,
0.0038117225872199437,0.3697434045917703,0.29200011857776986,0.04704698623748699,0.2873977680057528,
0.9667898917560702,0.005518108907704679,0.012305292516272574,0.011421831123222002,0.0039648756967304525,
0.04119876631681459,0.002815530824375508,0.4206953521488616,0.08117631758987373,0.4541140331200745,
0.32415866268152244,0.11261622644244637,0.33181870064325975,0.2257796925429458,0.005626717689825584,
0.005654990228583605,0.004517444048344693,0.010073826263769538,0.9765078622179862,0.0032458772413159623,
0.006018811305018006,0.004808079626827842,0.4610759504521804,0.009952154704296199,0.5181450039116776,
0.00887313370457556,0.007088232414849158,0.8694270763708248,0.014671800603919519,0.09993975690583093,
0.02059115303123826,0.016449079122957292,0.9170931200219898,0.03404764331718947,0.011819004506625087,
0.0050450683948283755,0.004030212833704177,0.9796868645842056,0.008342062678925783,0.0028957915083360746,
0.005332646012399694,0.004259941930382048,0.9215272525241633,0.008817574668673089,0.06006258486438159,
0.8624935678458027,0.007088232414849158,0.015806642229597705,0.014671800603919519,0.09993975690583093,
0.036783445304950944,0.4225698252978893,0.06552620294761433,0.454007395719621,0.021113130729924406,
0.0013648645285970163,0.0010903111928191056,0.10455656073428835,0.89220485233901,7.834112052855156E-4,
0.07519271905914464,0.005138683441431706,0.011459179938810935,0.2169166272908051,0.6912927902698076,
0.5479930566458496,0.0027133089414106766,0.44172783788865344,0.005616227775180331,0.0019495687489059562,
0.001967728410132556,0.9901438497954481,0.00350532067018686,0.003253655341770083,0.0011294457824624479,
0.05323151004108509,0.9285123521265747,0.0081123473071324,0.007529919409267182,0.0026138711159406874,
0.0038117225872199437,0.003044964327001259,0.006790220594060599,0.8619324090480849,0.12442068344363322,
0.007458336309379213,0.005958032747971198,0.013286315477200914,0.9690163453653893,0.0042809701000593985,
0.0069076344099412495,0.22702939906450367,0.7506762597056026,0.011421831123222002,0.0039648756967304525,
0.003062939228694563,0.002446804685739197,0.5620427072440215,0.005064595566970474,0.42738295327457415,
0.0045539046983270205,0.9771899574693328,0.0081123473071324,0.007529919409267182,0.0026138711159406874,
0.05595527903057955,0.0038239934585815576,0.9295578958754471,0.007915213025107209,0.0027476186102845354,
0.003811722587219944,0.0030449643270012592,0.9846527279667782,0.006302715096957099,0.00218787002204354,
0.006018811305018005,0.004808079626827841,0.010721938845215283,0.009952154704296199,0.9684990155186426,
0.005654990228583605,0.004517444048344693,0.010073826263769538,0.009350573519263865,0.9704031659400383,
0.005654990228583605,0.004517444048344693,0.9772311149624919,0.009350573519263865,0.0032458772413159623,
0.0069076344099412495,0.005518108907704679,0.9721875498624016,0.011421831123222002,0.0039648756967304525,
0.0050450683948283755,0.004030212833704177,0.2246983210662513,0.7633306061968801,0.0028957915083360746,
0.009802907254145548,0.5317572336789489,0.017462945215882857,0.4353501961611971,0.005626717689825584,
0.005654990228583605,0.9112274022033969,0.010073826263769538,0.06979790406293401,0.0032458772413159623,
0.4831067082274795,0.007088232414849158,0.3951935018479208,0.1095185155085003,0.005093042001250135,
0.016876569660232325,0.7350699346814954,0.21046105603599233,0.027905548724618333,0.009686890897661556,
0.05076060532797063,0.8389945034596639,0.05415387184827771,0.05359847913759342,0.0024925402264944422,
0.036783445304950944,0.02938416325293683,0.8518975270375193,0.06082173367466855,0.021113130729924406,
0.3185876727669938,0.1077216218716469,0.0058386538171706385,0.5659707848785885,0.0018812666656001307,
0.19902767342228875,0.004808079626827841,0.010721938845215283,0.7819876031733792,0.0034547049322888753,
0.0033965524280103123,0.3294712114721143,0.006050634514381923,0.6591320328365876,0.0019495687489059562,
0.1813647160014019,0.0064741779085183805,0.447587968325968,0.35992130666125816,0.0046518311028535255,
0.01240200080971055,0.009907239885616134,0.5523629298387437,0.418209272130225,0.007118557335704593,
0.3886565875915207,0.0026182496348565107,0.0058386538171706385,0.6010052422908521,0.0018812666656001307,
0.010950341550958686,0.008747593411688346,0.604759031679936,0.3692577060645002,0.006285327292916622,
0.003062939228694563,0.0024468046857391975,0.4638215826223186,0.5289105935493866,0.0017580799138610867,
0.00887313370457556,0.007088232414849158,0.20550007203875928,0.014671800603919519,0.7638667612378964,
0.5779534231320602,0.007088232414849158,0.015806642229597705,0.3940586602222427,0.005093042001250135,
0.00887313370457556,0.007088232414849158,0.015806642229597705,0.9631389496497275,0.005093042001250135,
0.0038117225872199437,0.003044964327001259,0.006790220594060599,0.6174667822049055,0.36888631028681257,
0.006018811305018005,0.004808079626827841,0.9757662494315691,0.009952154704296199,0.0034547049322888753,
0.0039736250433989925,0.0031742988187536203,0.0070786343930768015,0.983492642207983,0.0022807995367876096,
0.007458336309379213,0.005958032747971198,0.252457296491516,0.7298453643510742,0.0042809701000593985,
0.003277556056622665,0.0026182496348565107,0.6014244298256495,0.3907984978172713,0.0018812666656001307,
0.0069076344099412495,0.005518108907704679,0.08614238923520558,0.897466991750418,0.0039648756967304525,
0.007458336309379213,0.005958032747971198,0.571351937843936,0.4109507229986541,0.0042809701000593985,
0.006432665095150144,0.005138683441431706,0.6302996656147614,0.3544367352187941,0.003692250629862736,
0.7011455051113019,0.2663645724634684,0.014437310734384676,0.013400780587991453,0.0046518311028535255,
0.0039736250433989925,0.9800965188678293,0.0070786343930768015,0.006570422158907367,0.0022807995367876096,
0.020591153031238252,0.23655206484753338,0.03668117712368545,0.6943566004909177,0.011819004506625085,
0.15829199603868999,0.0038239934585815576,0.008527442802453157,0.8266089490899908,0.0027476186102845354,
0.0043425211667780265,0.467649830170123,0.007735787687085104,0.5177793207495195,0.0024925402264944422,
0.001545213324028939,0.001234381396235555,0.5808510355147977,0.4154824411304563,8.869286344814715E-4,
0.004786920526524318,0.0038239934585815568,0.7760528203632814,0.16142028853727286,0.05391597711433975,
0.004786920526524319,0.0038239934585815576,0.9807262543795023,0.007915213025107209,0.0027476186102845354,
0.012402000809710548,0.009907239885616132,0.15466046951006882,0.8159117324588999,0.007118557335704592,
0.005045068394828375,0.004030212833704176,0.92575911147578,0.008342062678925781,0.056823544616761375,
0.016876569660232325,0.013481713687626755,0.03006400078752516,0.9298908249669542,0.009686890897661556,
0.9173602977797726,0.061261670165842844,0.009499600756790901,0.00881757466867309,0.0030608566289208024,
0.13469138604986516,0.004808079626827841,0.010721938845215283,0.009952154704296199,0.8398264407737954,
0.009802907254145548,0.007830974633320734,0.017462945215882857,0.9592764552068253,0.005626717689825584,
0.6728001380366411,0.007088232414849158,0.30034678694334005,0.014671800603919519,0.005093042001250135,
0.1439527730231391,0.623979169117382,0.011459179938810935,0.2169166272908051,0.003692250629862736,
0.005654990228583605,0.004517444048344693,0.6749944622441413,0.31158722623761465,0.0032458772413159623,
0.00810445296476857,0.9594056246100018,0.014437310734384676,0.013400780587991453,0.0046518311028535255,
0.0043425211667780265,0.00346898855819698,0.9825155550721297,0.00718039497640082,0.0024925402264944422,
0.07519271905914464,0.21141884533341518,0.6990597195787558,0.010636465398821626,0.003692250629862736,
0.016876569660232328,0.9154669899299627,0.030064000787525164,0.02790554872461834,0.009686890897661558,
0.002965836625752675,0.002369235042290233,0.9880585482127867,0.004904035602935412,0.0017023445162350223,
0.02640240013018745,0.02109134773164836,0.8936950924795678,0.0436565888751632,0.01515457078343315,
0.009802907254145548,0.007830974633320734,0.017462945215882857,0.9592764552068253,0.005626717689825584,
0.9710631218913718,0.004808079626827841,0.010721938845215283,0.009952154704296199,0.0034547049322888753,
0.9728122789273062,0.004517444048344693,0.010073826263769538,0.009350573519263865,0.0032458772413159623,
0.11933610248332129,0.004259941930382049,0.0665013289922517,0.00881757466867309,0.8010850519253719,
0.005654990228583605,0.004517444048344693,0.13096848735110986,0.009350573519263865,0.849508504852698,
0.005654990228583605,0.004517444048344693,0.9772311149624919,0.009350573519263865,0.0032458772413159623,
0.0069076344099412495,0.005518108907704679,0.9721875498624016,0.011421831123222002,0.0039648756967304525,
0.005332646012399696,0.004259941930382049,0.9785289807596244,0.00881757466867309,0.0030608566289208024,
0.16025916430609718,0.19867159086358446,0.6329110590449707,0.006055969051888304,0.0021022167334593146,
0.007458336309379213,0.16540535342418125,0.8105229188582512,0.01233242130812895,0.0042809701000593985,
0.010950341550958686,0.008747593411688346,0.01950699008385804,0.9545097476605783,0.006285327292916622,
0.07519271905914464,0.005138683441431706,0.3552594497587833,0.5607168971107775,0.003692250629862736,
0.0028747016118494464,0.12520949272234227,0.0051210070092734625,0.865144764233785,0.001650034422749751,
0.00887313370457556,0.007088232414849158,0.015806642229597705,0.9631389496497275,0.005093042001250135,
0.010950341550958689,0.24284841005011965,0.6047590316799362,0.01810648110685331,0.12333573561213226,
0.005332646012399696,0.004259941930382049,0.009499600756790901,0.9778469546715066,0.0030608566289208024,
0.0027890004663219652,0.4195986059538658,0.5117755383166798,0.004611635538075305,0.061225219725057116,
0.004786920526524318,0.0038239934585815568,0.008527442802453157,0.7754405905859355,0.2074210526265054,
0.6705756262089553,0.004517444048344693,0.010073826263769538,0.31158722623761465,0.0032458772413159623,
0.0050450683948283755,0.004030212833704177,0.00898730863255007,0.9790416186305814,0.0028957915083360746,
0.03260118868586552,0.002227970880256043,0.6608364794143975,0.3027335177335108,0.0016008432859700096,
0.0025600393421675582,0.029409843711128984,0.33293778544381497,0.6336229083736293,0.0014694231292591373,
0.0031666154041064785,0.0025296255753673312,0.005641023615550076,0.5806620620084981,0.4080006733964779,
0.0069076344099412495,0.5223777859402357,0.012305292516272574,0.45444441143682,0.0039648756967304525,
0.003811722587219944,0.0030449643270012592,0.0882787628751204,0.9026766801886149,0.00218787002204354,
0.0069076344099412495,0.9654003662538336,0.012305292516272574,0.011421831123222002,0.0039648756967304525,
0.0703550986774416,0.004808079626827841,0.7184210999418748,0.20296101682156695,0.0034547049322888753,
0.00810445296476857,0.09310430942683505,0.8807386259175514,0.013400780587991453,0.0046518311028535255,
0.0043425211667780265,0.00346898855819698,0.9825155550721297,0.00718039497640082,0.0024925402264944422,
0.02640240013018745,0.02109134773164836,0.6114745150241375,0.0436565888751632,0.29737514823886346,
0.009802907254145548,0.007830974633320734,0.6461744560706366,0.33056494435207145,0.005626717689825584,
0.931261981943565,0.011421337953769234,0.02546939663552181,0.02364081526681238,0.008206468200331557,
0.9641422603666395,0.005958032747971198,0.013286315477200914,0.01233242130812895,0.0042809701000593985,
0.5962023831470368,0.008747593411688346,0.01950699008385804,0.3692577060645002,0.006285327292916622,
0.007458336309379213,0.005958032747971198,0.013286315477200914,0.01233242130812895,0.9609648941573197,
0.08074473112887426,0.005518108907704679,0.012305292516272574,0.159096024561088,0.7423358428860605,
0.19727362490869949,0.013481713687626755,0.03006400078752516,0.027905548724618333,0.7312751118915302,
0.8480849217271507,0.007830974633320734,0.1222481970250085,0.016209188924694508,0.005626717689825584,
0.0043425211667780265,0.00346898855819698,0.9825155550721297,0.00718039497640082,0.0024925402264944422,
0.01429736679297281,0.011421337953769232,0.025469396635521807,0.9406054304174045,0.008206468200331557,
0.06233437424786048,0.004259941930382048,0.4085116984050164,0.4078296723168986,0.11706431309984237,
0.026402400130187454,0.021091347731648363,0.6114745150241376,0.32587716633059355,0.015154570783433153,
0.02059115303123826,0.8968610220212618,0.03668117712368546,0.03404764331718947,0.011819004506625087,
0.4033811007345792,0.5356233870344406,0.007392635700945576,0.05122090295348622,0.002381973576548478,
0.8423905471465246,0.004808079626827841,0.13939451359006247,0.009952154704296199,0.0034547049322888753,
0.004786920526524319,0.0038239934585815576,0.9807262543795023,0.007915213025107209,0.0027476186102845354,
0.0069076344099412495,0.8915632695349007,0.012305292516272574,0.085258927842155,0.0039648756967304525,
0.005332646012399696,0.9162875936977548,0.0665013289922517,0.00881757466867309,0.0030608566289208024,
0.3683389734906044,0.06496477459201483,0.19141581789477996,0.009350573519263864,0.3659298605033368,
0.0043425211667780265,0.7461583351372787,0.23982620849304812,0.00718039497640082,0.0024925402264944422,
0.4607971244803904,0.01644907912295729,0.47688714857283765,0.034047643317189465,0.011819004506625085,
0.005332646012399696,0.17526512663676444,0.009499600756790901,0.00881757466867309,0.8010850519253719,
0.004786920526524318,0.1573290689707472,0.008527442802453157,0.16142028853727286,0.6679362791630024,
0.9173602977797726,0.061261670165842844,0.009499600756790901,0.00881757466867309,0.0030608566289208024,
0.00810445296476857,0.0064741779085183805,0.014437310734384676,0.013400780587991453,0.9575832778043368,
0.006018811305018005,0.004808079626827841,0.010721938845215283,0.009952154704296199,0.9684990155186426,
0.004149891169225144,0.003315107613968385,0.007392635700945576,0.006861879668446876,0.978280485847414,
0.8807508008679723,0.003637850614171436,0.05678995264989047,0.05620752475202524,0.0026138711159406874,
0.02640240013018745,0.02109134773164836,0.3292539375687072,0.0436565888751632,0.5795957256942937,
0.007458336309379213,0.005958032747971198,0.252457296491516,0.01233242130812895,0.7217939131430046,
0.0045539046983270205,0.003637850614171436,0.0081123473071324,0.9810820262644285,0.0026138711159406874,
0.006018811305018005,0.004808079626827841,0.010721938845215283,0.7819876031733792,0.19646356704955964,
0.060617297588765676,0.04842364692957138,0.10798393981334777,0.10023120725795077,0.6827439084103644,
0.12654965131592386,0.004517444048344692,0.7354417927878112,0.009350573519263864,0.12414053832865624,
0.010950341550958686,0.008747593411688346,0.7218094399991517,0.25220729774528455,0.006285327292916622,
0.00887313370457556,0.007088232414849158,0.015806642229597705,0.9631389496497275,0.005093042001250135,
0.01429736679297281,0.16424877381220127,0.025469396635521807,0.7877779945589726,0.008206468200331557,
0.005332646012399696,0.004259941930382049,0.009499600756790901,0.9778469546715066,0.0030608566289208024,
0.00887313370457556,0.007088232414849158,0.8694270763708248,0.1095185155085003,0.005093042001250135,
0.2934132784183179,0.007088232414849158,0.015806642229597705,0.678598804935985,0.005093042001250135,
0.02640240013018745,0.02109134773164836,0.047033360113276884,0.0436565888751632,0.8618163031497241,
0.003811722587219944,0.0030449643270012592,0.0067902205940606,0.9841652224696747,0.00218787002204354,
0.0043425211667780265,0.00346898855819698,0.1934081243318555,0.7962878257166751,0.0024925402264944422,
0.01429736679297281,0.011421337953769232,0.025469396635521807,0.9406054304174045,0.008206468200331557,
0.006432665095150144,0.005138683441431706,0.011459179938810935,0.90451716693075,0.07245230459385722,
