0.13211251791893255,0.017192242772078748,0.02188378367935396,0.8092326445900756,0.019578811039559024,
0.07851012707612308,0.07783892952675824,0.3511155369978724,0.48090036252203855,0.011635043877207788,
0.15974344481077318,0.007635231239047842,0.16132539985464764,0.6626007962024194,0.008695127893112043,
0.045021312367566735,0.04463641686865867,0.20134577355810526,0.7023244287182725,0.0066720684873967685,
0.013658918423143282,0.012816904514622791,0.440472653587044,0.5184554201668181,0.01459610330837185,
0.00624366909836178,0.005858773599453721,0.007457557212080528,0.9737679316027071,0.0066720684873967685,
0.01832169704211996,0.24477388452570395,0.021883783679353962,0.5816510028364505,0.13336963191637166,
0.09849055471129868,0.012816904514622791,0.440472653587044,0.4336237838786627,0.01459610330837185,
0.3708976350573118,0.3705949118155516,0.005865425553838681,0.24739439488473544,0.0052476326885625,
0.023719914016176156,0.464210491082278,0.028331516781963634,0.45839066006493,0.025347418054652276,
0.0060105924870619285,0.005640065164490056,0.4178099480533954,0.5641163945986031,0.006422999696449633,
0.008136832143596489,0.007635231239047842,0.009718787187470932,0.9658140215367726,0.008695127893112043,
0.04250521169199264,0.03988494716441306,0.050769033882304894,0.8214191683159002,0.04542163894538924,
0.21375441653273414,0.010216784798452706,0.013004813356344737,0.2780339283371219,0.4849900569753465,
0.14907599811778555,0.019399757051815576,0.024693700082192457,0.7847377798561408,0.022092764892065596,
0.09004872695976664,0.08449760803542952,0.10755591345378605,0.6216704749267494,0.0962272766242683,
0.00624366909836178,0.12219170340706857,0.08501284375049044,0.7798797152566824,0.0066720684873967685,
0.023719914016176156,0.022257682755120405,0.028331516781963634,0.9003434683920876,0.025347418054652276,
0.30742167939589,0.008999635491091533,0.0710216812658381,0.48317574670461144,0.12938125714256904,
0.01832169704211996,0.35856470540251656,0.021883783679353962,0.5816510028364505,0.019578811039559028,
0.04250521169199264,0.03988494716441306,0.050769033882304894,0.8214191683159002,0.04542163894538924,
0.033627867740010836,0.031554853503173434,0.04016576529611544,0.8587163232525354,0.03593519020816501,
0.014925033430727298,0.014004968946520967,0.01782674401035562,0.9372941628361685,0.015949090776227557,
0.020674235241218544,0.019399757051815576,0.2814972258353265,0.6563360169795738,0.022092764892065596,
0.007065635134511074,0.006630068944606247,0.008439329090827076,0.9703145344189619,0.007550432411093669,
0.04250521169199264,0.03988494716441306,0.050769033882304894,0.8214191683159002,0.04542163894538924,
0.011677650092456117,0.01095777290364274,0.37658073388664665,0.5883049497035779,0.012478893413676518,
0.00959087171716064,0.008999635491091531,0.07102168126583809,0.9001388774548323,0.010248934071077286,
0.01088798234781754,0.010216784798452706,0.013004813356344737,0.9542553756201773,0.011635043877207787,
0.005065175651340509,0.16204471664999992,0.0060499422077028775,0.6326773059976837,0.19416285949327303,
0.007065635134511074,0.006630068944606247,0.008439329090827076,0.6631360595830285,0.3147289072470272,
0.008136832143596489,0.007635231239047842,0.009718787187470932,0.20778095820088927,0.7667281912289955,
0.006768610635678776,0.17450297489614935,0.1341982724960892,0.2989559685611456,0.38557417341093714,
0.018321697042119958,0.017192242772078748,0.02188378367935396,0.9230234654668883,0.019578811039559024,
0.01365891842314328,0.01281690451462279,0.016314472146267082,0.942613601607595,0.014596103308371846,
0.0052296932098642775,0.004907304988221503,0.4284881220098058,0.5557863595302893,0.005588520261819053,
0.0948309136590635,0.13827798673143488,0.008439329090827076,0.7070186988453047,0.051433071673369885,
0.01365891842314328,0.01281690451462279,0.016314472146267082,0.942613601607595,0.014596103308371846,
0.12872319478865238,0.008999635491091533,0.0710216812658381,0.7810065543833408,0.010248934071077288,
0.03362786774001083,0.2404079234822171,0.04016576529611543,0.6498632532734916,0.035935190208165005,
0.4468369217072917,0.010957772903642742,0.013948007540950382,0.44325185916529936,0.0850054386828158,
0.09078879285664324,0.011814648546272979,0.0932366876582827,0.3997152824214675,0.40444458851733367,
