0.007131944252592096,0.921464375455573,0.004662286958085918,0.06458235702292439,0.002159036310824674,
0.013826086286455663,0.013426276642581026,0.21761924174420905,0.7509428575166118,0.0041855378101425195,
0.020121538089386475,0.9302025660958686,0.013153830328480148,0.030430720710422188,0.006091344775842546,
0.005180934983307043,0.7475490623089158,0.0033868752682109653,0.24231471546706415,0.0015684119725019245,
0.26201826738638023,0.670223216048244,0.004424276827060486,0.06128542240797138,0.0020488173303441133,
0.009087427506515876,0.1459179254236362,0.005940623376407006,0.4935698098386068,0.34548421385483413,
0.009756180925890081,0.009474060943362722,0.006377800145447302,0.9714384928251767,0.0029534651601232174,
0.008504474365802967,0.008258550045855424,0.005559535873636187,0.9751029006675763,0.0025745390471290904,
0.013826086286455663,0.013426276642581026,0.6347809765953156,0.3337811226655052,0.0041855378101425195,
0.48891390583644156,0.2144645651850542,0.005940623376407007,0.287929890554353,0.002751015047744353,
0.009087427506515876,0.008824645900800317,0.005940623376407006,0.9733962881685324,0.0027510150477443526,
0.008504474365802967,0.008258550045855424,0.005559535873636187,0.012861704858994006,0.9648157348557114,
0.017469992469704515,0.016964811804468287,0.011420464765938068,0.9488560822049277,0.005288648754961452,
0.04259617297683554,0.9074841394345695,0.04086958801526541,0.007540675721669639,0.0015094238516599962,
0.7781072258870786,0.005235729358527603,0.003524616916015715,0.2115002297407842,0.0016321980975939267,
0.005180934983307044,0.20043057674981743,0.0033868752682109657,0.7894332010261627,0.0015684119725019247,
0.007991804779929118,0.007760705352601721,0.005224394061057066,0.9163214194416716,0.06270167636474053,
0.004805349876584406,0.004666393328574697,0.43810350222521044,0.2972421193758905,0.2551826351937399,
0.006767857914431046,0.006572151421176079,0.46387501387656893,0.5207361594574799,0.002048817330344113,
0.009756180925890081,0.009474060943362722,0.006377800145447302,0.9714384928251767,0.0029534651601232174,
0.015435903340594791,0.01498954253467879,0.010090742199081796,0.9548109380749256,0.004672873850719108,
0.06349095988188186,0.9267648145981889,0.00258020287444015,0.005969168758267614,0.0011948538872213754,
0.0046372636928556105,0.00450316770161262,0.8775056887332007,0.0070131455990585685,0.1063407342732726,
0.00539163967871407,0.45259738453179127,0.003524616916015715,0.536854160775885,0.0016321980975939267,
0.7142131696763324,0.03814776701402508,0.0029290131932227757,0.20955687538205633,0.03515317473436344,
0.006767857914431046,0.5170729703650744,0.004424276827060485,0.46968607756309,0.002048817330344113,
0.1569383001548345,0.009474060943362722,0.006377800145447302,0.8242563735962323,0.0029534651601232174,
0.010531181749854462,0.010226651028885866,0.006884432854019264,0.9691696550737762,0.003188079293464206,
0.057817939808820884,0.9254736255201931,0.004424276827060486,0.010235340513581544,0.0020488173303441133,
0.017469992469704515,0.5440707632288423,0.14319695262203158,0.2899736429244601,0.005288648754961452,
0.9569316107007727,0.01215828393753266,0.008184780056698922,0.01893507440508524,0.003790250899910601,
0.9407841914046291,0.005235729358527604,0.0035246169160157155,0.048823264223233784,0.001632198097593927,
0.006439139324581761,0.3462467973229006,0.004209387262580547,0.009738204382357868,0.6333664717075792,
0.023721994785163274,0.3809069468206926,0.3733784391946459,0.21481131683755852,0.0071813023619395865,
0.15991810359760056,0.7723233798370237,0.004424276827060486,0.06128542240797138,0.0020488173303441133,
0.011439934769037976,0.0974007726980742,0.0937701490119057,0.7939259596141756,0.003463183906806586,
0.8140778260168453,0.006925709456086021,0.05845867907570279,0.11837874914054126,0.0021590363108246738,
0.9637740498575014,0.010226651028885866,0.006884432854019264,0.01592678696612938,0.003188079293464206,
0.011439934769037978,0.011109125590562161,0.8703949729795142,0.1035927827540792,0.0034631839068065863,
0.9606480529516706,0.01110912559056216,0.0074785019043936566,0.01730113564656714,0.003463183906806586,
0.9806671817313033,0.005457689448064683,0.0036740372226609693,0.008499699160663378,0.001701392437307865,
0.005620209328497418,0.09024438270048257,0.25803411697991463,0.050893045786872315,0.595208245204233,
0.0033487641907625158,0.23059005976746147,0.7599829237466595,0.00506448897502071,0.0010137633200957656,
0.00799180477992912,0.9722780901030599,0.005224394061057068,0.012086371238117186,0.0024193398178369106,
0.06827414132683275,0.9119957535561564,0.005224394061057068,0.012086371238117186,0.0024193398178369106,
0.5485080424399509,0.0771600856703569,0.29311611754164607,0.0797610423505439,0.0014547119975022022,
0.05121399330147174,0.8223493007072059,0.033479556847933724,0.07745326026764185,0.015503888875746828,
0.8729216560905175,0.035874445566754155,0.02415015541078794,0.05587016223158882,0.011183580700351494,
0.43752212583540606,0.04973303563933723,0.033479556847933724,0.46376139280157613,0.015503888875746828,
0.028891754132421267,0.6818494544248492,0.018887086566731846,0.2616253737149478,0.00874633116104981,
0.023721994785163274,0.023036024649395852,0.910184822451591,0.035875855751910164,0.0071813023619395865,
0.012520335107830696,0.01215828393753266,0.008184780056698922,0.9633463499980272,0.003790250899910601,
0.5605283780421084,0.38090694682069265,0.015507517023349128,0.03587585575191017,0.007181302361939587,
0.9814534327840168,0.005235729358527604,0.0035246169160157155,0.00815402284384618,0.001632198097593927,
0.00799180477992912,0.007760705352601723,0.005224394061057068,0.9766037559885753,0.0024193398178369106,
0.007991804779929118,0.06804304189950534,0.6683300960769969,0.2532157174257317,0.00241933981783691,
0.015435903340594795,0.014989542534678794,0.9415572589189382,0.023344421355069256,0.004672873850719109,
0.2918123568125292,0.0073194705646767244,0.004927361214062774,0.23881914156034817,0.4571216698483831,
0.0046372636928556105,0.00450316770161262,0.9124846576003478,0.07697108333335302,0.0014038276718309072,
0.005620209328497418,0.6413578888411988,0.17324742372749674,0.17807308566549915,0.0017013924373078648,
0.009087427506515876,0.008824645900800317,0.005940623376407006,0.9733962881685324,0.0027510150477443526,
0.009087427506515876,0.07737128566221826,0.005940623376407006,0.9048496484071145,0.0027510150477443526,
0.007991804779929118,0.7311487439154453,0.24635374024867157,0.012086371238117182,0.00241933981783691,
0.011439934769037976,0.8740255966656827,0.0937701490119057,0.01730113564656714,0.003463183906806586,
0.013826086286455663,0.9520401800575709,0.009038374318655737,0.020909821527175274,0.0041855378101425195,
0.007131944252592095,0.006925709456086021,0.004662286958085917,0.4949534939638594,0.4863265653693765,
0.2651021265814249,0.1365573761536664,0.005559535873636187,0.5902064223441434,0.0025745390471290904,
0.004805349876584406,0.004666393328574698,0.003141348174517289,0.5872168887430194,0.40017001987730433,
0.004805349876584406,0.6933564705755056,0.003141348174517289,0.04351419617965281,0.25518263519373996,
0.5600965358538975,0.004208733392967176,0.3624442708601531,0.07193841983764736,0.0013120400553348888,
0.0034355453533059855,0.0033361995127143495,0.8574205666139629,0.1347676541475415,0.0010400343724751827,
0.007991804779929118,0.12832537844640898,0.6080477595300933,0.2532157174257317,0.00241933981783691,
0.013826086286455663,0.013426276642581026,0.11332880803143237,0.8552332912293884,0.0041855378101425195,
0.7266141937928847,0.003722014355936378,0.06032811355391727,0.2081753691340155,0.0011603091632461837,
0.00850447436580297,0.008258550045855425,0.903651318628313,0.0770111179128995,0.002574539047129091,
0.9472233503197531,0.004666393328574698,0.003141348174517289,0.04351419617965281,0.0014547119975022024,
0.4151685130695497,0.006572151421176079,0.004424276827060485,0.5717862413518696,0.002048817330344113,
0.4435741007922641,0.006252938403592126,0.344203246181889,0.20402040947910557,0.0019493051431491914,
0.00614087370349772,0.05228402572545971,0.930428964995039,0.009287123666141813,0.0018590119098619191,
0.9307844216413247,0.019539682543930462,0.013153830328480148,0.030430720710422188,0.006091344775842546,
0.09773158187655002,0.7877339495581707,0.09377014901190571,0.017301135646567142,0.0034631839068065863,
0.007537430837484848,0.9738542188798277,0.004927361214062775,0.011399200780312651,0.0022817882883120976,
0.012520335107830696,0.6732461768525919,0.008184780056698922,0.30225845708296784,0.003790250899910601,
0.3156023654248427,0.03587444556675415,0.5814694460764628,0.05587016223158881,0.011183580700351492,
0.9707456701743854,0.008258550045855424,0.005559535873636187,0.012861704858994006,0.0025745390471290904,
0.7466522383726004,0.23473941134471227,0.004927361214062775,0.011399200780312651,0.0022817882883120976,
0.8807090622599466,0.006252938403592127,0.10135048981095443,0.00973820438235787,0.0019493051431491916,
0.015435903340594795,0.8300227446645532,0.12652405678906387,0.023344421355069256,0.004672873850719109,
0.007537430837484848,0.007319470564676725,0.004927361214062775,0.9779339490954636,0.0022817882883120976,
0.03095425045596283,0.0035185622628248615,0.27567776425896073,0.6887525384741047,0.0010968845481469979,
0.47763562613644955,0.004350975079756098,0.0029290131932227757,0.5137280027904771,0.0013563828000944687,
0.009756180925890081,0.009474060943362722,0.006377800145447302,0.9714384928251767,0.0029534651601232174,
0.009087427506515876,0.9684776025606516,0.005940623376407006,0.013743331508681147,0.0027510150477443526,
0.015435903340594791,0.01498954253467879,0.010090742199081796,0.9548109380749256,0.004672873850719108,
0.8843371441818642,0.010226651028885866,0.006884432854019264,0.01592678696612938,0.08262498496910144,
0.9664399559140289,0.009474060943362722,0.006377800145447302,0.014754717837037955,0.0029534651601232174,
0.26201826738638023,0.6191731341538541,0.10652444061584017,0.010235340513581544,0.0020488173303441133,
0.9707456701743854,0.008258550045855424,0.005559535873636187,0.012861704858994006,0.0025745390471290904,
0.006767857914431047,0.00657215142117608,0.004424276827060486,0.9801868965069884,0.0020488173303441133,
0.13680330047361394,0.008258550045855425,0.5187548403048801,0.33360877012852147,0.002574539047129091,
0.38159291695646,0.023036024649395852,0.3733784391946459,0.21481131683755852,0.0071813023619395865,
0.00614087370349772,0.005963297744719009,0.0040144053802249596,0.7967394993387337,0.18714192383282474,
0.012520335107830696,0.3899227941747094,0.008184780056698922,0.5855818397608504,0.003790250899910601,
