shooting down plane a Ukraine Malaysia Airlines 
shooting down plane a Ukraine Malaysia Airlines 
