0.25022904620523695,0.12614364900672495,0.6194490346579729,0.0026698392157050986,0.0015084309143600354,
0.002677545044174533,0.9919878139502589,0.0024152127833177296,0.0018654619525698992,0.0010539662696787979,
0.0027979709261455586,0.002150394146479142,0.0025238399491656163,0.0019493633985643885,0.9905784315796452,
0.0047007820024673914,0.003612808842122509,0.9865609694641153,0.003275063473537835,0.001850376217757043,
0.0075552883414396295,0.005806653554751296,0.9784002426245832,0.005263815438815773,0.002974000040410068,
0.003609731498193244,0.002774276677266773,0.9896801655968941,0.0025149219369897183,0.0014209042906561827,
0.11672691486248704,0.03994103543385592,0.8407464743364431,0.0016521360026191792,9.334393645947761E-4,
0.2992202432767591,0.004671872926603639,0.1031970309117382,0.5905180546679052,0.0023927982169938537,
0.9624845388380361,0.03354718929277915,0.0017966009214367318,0.0013876585475373186,7.840124002105611E-4,
0.9926075187445138,0.0020578402499196002,0.0024152127833177296,0.0018654619525698992,0.0010539662696787979,
0.0027979709261455586,0.002150394146479142,0.0025238399491656163,0.0019493633985643885,0.9905784315796452,
0.10096469053326228,0.0011883439721009123,0.026249337588860285,0.8709889924864724,6.086354193040098E-4,
0.005085022219473768,0.003908118527355958,0.9854624679793085,0.003542765974764505,0.0020016252990973844,
0.008599706805262912,0.9742665577010928,0.007757151221057696,0.005991468148548052,0.0033851161240384007,
0.01188582128465645,0.9644333111430444,0.010721308898010458,0.008280924136014944,0.004678634538273576,
0.0032343818302967018,0.10646851106961068,0.0029174935300001594,0.8861064587599385,0.0012731548101539577,
0.0060787761353824615,0.00467187292660364,0.0054832085312793225,0.9813733441897408,0.002392798216993854,
0.0060787761353824615,0.9818100967311926,0.0054832085312793225,0.004235120385151849,0.002392798216993854,
0.9926075187445138,0.0020578402499196002,0.0024152127833177296,0.0018654619525698992,0.0010539662696787979,
0.0060787761353824615,0.00467187292660364,0.9826214323358683,0.004235120385151849,0.002392798216993854,
0.003609731498193244,0.002774276677266773,0.9896801655968941,0.0025149219369897183,0.0014209042906561827,
0.027847323561312594,0.0214021957918808,0.47275323952773624,0.46703565531930513,0.010961585799765158,
0.0032343818302967013,0.9903215562940311,0.002917493530000159,0.0022534135355179456,0.0012731548101539575,
0.0025670577648007737,0.0019729247146631134,0.002315550486275116,0.4144324461476934,0.5787120208865676,
0.008599706805262912,0.9742665577010928,0.007757151221057696,0.005991468148548052,0.0033851161240384007,
0.0018718798426809174,0.0014386423457796627,0.9946484967071239,0.0013041500959623678,7.368310084529581E-4,
0.9945009654109789,0.001530762719836424,0.0017966009214367318,0.0013876585475373186,7.840124002105611E-4,
0.9926075187445138,0.0020578402499196002,0.0024152127833177296,0.0018654619525698992,0.0010539662696787979,
0.0027979709261455586,0.002150394146479142,0.0025238399491656163,0.0019493633985643885,0.9905784315796452,
0.38355655949784845,0.49736328338018976,0.11649458175474772,0.001652136002619179,9.334393645947759E-4,
0.005085022219473768,0.003908118527355958,0.9854624679793085,0.003542765974764505,0.0020016252990973844,
0.00408363715650003,0.9877802762912621,0.0036835431337629587,0.002845094897703232,0.0016074485207717454,
0.005537669300911477,0.004256002640535581,0.004995116595497224,0.9830314099809128,0.0021798014821430654,
0.0060787761353824615,0.00467187292660364,0.0054832085312793225,0.9813733441897408,0.002392798216993854,
0.26092014687904563,0.7337452121153878,0.0024152127833177296,0.0018654619525698992,0.0010539662696787979,
0.003074532707017888,0.002362947046571988,0.0027733056117482946,0.0021420456770099997,0.9896471689576518,
0.0032343818302967018,0.002485799866737676,0.9907532499572937,0.002253413535517946,0.0012731548101539577,
0.003609731498193244,0.002774276677266773,0.9896801655968941,0.0025149219369897183,0.0014209042906561827,
0.25030393482041513,0.003908118527355958,0.004586817575542975,0.7391995037775886,0.0020016252990973844,
0.9045628017897992,0.0014386423457796627,0.0016884825652938808,0.09157324229067419,7.368310084529581E-4,
0.33080221732225557,0.0076695616759707656,0.009001487556175494,0.6485986057349994,0.003928127710598623,
0.9847109513264272,0.004256002640535581,0.004995116595497224,0.0038581279553970946,0.0021798014821430654,
0.9042210350895922,0.003908118527355958,0.004586817575542975,0.003542765974764505,0.08374126283274451,
0.9870215282036163,0.003612808842122509,0.004240223262966366,0.003275063473537835,0.001850376217757043,
