0.06326486277029147,0.11046621383372876,0.009470662773439126,0.8078507561113215,0.008947504511219038,
0.04224738630487444,0.027075733239822455,0.03385289397307588,0.8648411222637472,0.03198286421847993,
0.013174661272818976,0.008443448112355988,0.010556875826149528,0.7284664974674563,0.23935851732121913,
0.0517669653252931,0.03317669248620611,0.041480946911568964,0.8343858508385203,0.03918954443841135,
0.007082416297010409,0.004539017229785404,0.25229988392078384,0.7307170263985604,0.005361656153860061,
0.01591216848647643,0.010197876528925915,0.01275044445985655,0.9490933990694194,0.012046111455321744,
0.0517669653252931,0.03317669248620611,0.49213978538841463,0.38372701236167467,0.03918954443841135,
0.007547783840871893,0.004837264496140224,0.006048050505487737,0.9429992171702626,0.03856768398723755,
0.009400914269983124,0.006024908739860559,0.007532966696095841,0.9699243637640362,0.007116846530024272,
0.04224738630487444,0.027075733239822455,0.03385289397307588,0.8648411222637472,0.03198286421847993,
0.020085688947106807,0.10030090267798673,0.01609469266088388,0.8483130919224314,0.015205623791591131,
0.011240808328042222,0.00720406998657169,0.00900727656273913,0.8661809420687125,0.10636690305393441,
0.014881450569222607,0.009537304460119614,0.011924528647760089,0.9523908971904476,0.011265819132450164,
0.33583817433022334,0.034309415078330865,0.00550542892752672,0.6191456719621956,0.005201309701723562,
0.1302973046444204,0.015600469182503726,0.019505326946743083,0.8161690441729097,0.01842785505342307,
0.14443235598224882,0.07431275716663273,0.011924528647760089,0.6932890863643951,0.07604127183896327,
0.013174661272818978,0.00844344811235599,0.5840188809123888,0.38438929441571285,0.009973715286723406,
0.01847081720892465,0.011837677149098893,0.41679629905299687,0.5389121015861208,0.01398310500285883,
0.008373040613775033,0.0053661595164436245,0.04315520560094604,0.9367668868488384,0.006338707419996939,
0.008689746016129285,0.1568668101927147,0.0069631065082727235,0.7074286128281652,0.12005172445471816,
0.03199283891771713,0.0298464536254162,0.10885311460363342,0.7987669107403329,0.030540682112900303,
0.1906024186453115,0.0782579107290582,0.0067093299946387455,0.5723081307857654,0.15212220984522612,
0.024342057230832933,0.015600469182503726,0.019505326946743083,0.9221242915864972,0.01842785505342307,
0.012460120693185884,0.007985509484305488,0.11845626038391938,0.7431933813145347,0.11790472812405443,
0.009802012297288987,0.006281966611132931,0.13585192646481623,0.7553118955559679,0.09275219907079396,
0.283639988181423,0.007985509484305488,0.009984313388624527,0.6347214343192399,0.06366875462640702,
0.0666960941908333,0.007985509484305488,0.2811641808768616,0.5804854608215925,0.06366875462640702,
0.605871411812657,0.005177462367057508,0.006473401219059196,0.3763619132798787,0.006115811321347463,
0.5162467857694537,0.004683397435104722,0.005855669924062796,0.4676819434432615,0.005532203428117159,
0.01847081720892465,0.011837677149098893,0.014800693516456572,0.940907707122661,0.01398310500285883,
0.010238862082890928,0.05112929469403629,0.05277177296619769,0.8781088656406724,0.007751204616202738,
0.010716466684000302,0.006868027080197362,0.47504969961065263,0.49925303731954424,0.008112769305605545,
0.035708837319209825,0.6431055967811606,0.12149650648595241,0.194638783968299,0.005050275445378076,
0.009400914269983124,0.006024908739860559,0.007532966696095841,0.9699243637640362,0.007116846530024272,
0.16615638774398078,0.007574688860039462,0.06091642526028377,0.5506219436770983,0.21473055445859765,
0.0668244885127832,0.04282683931741692,0.053546562812271936,0.7862134521764533,0.050588657181074546,
0.03088742721614445,0.019795301269850817,0.024750141727195866,0.9011841828848806,0.023382946901928242,
0.010716466684000302,0.006868027080197362,0.008587120817403199,0.9190693582334687,0.05475902718493049,
0.011240808328042222,0.00720406998657169,0.00900727656273913,0.9640381294240866,0.00850971569856033,
0.009400914269983124,0.12878481205587586,0.007532966696095841,0.847164460448021,0.007116846530024272,
0.04224738630487444,0.027075733239822455,0.03385289397307588,0.8648411222637472,0.03198286421847993,
0.04324289118702301,0.07550602744526178,0.14713053137546775,0.7280047386709,0.006115811321347464,
0.008689746016129285,0.005569131386179504,0.0069631065082727235,0.9721995507396017,0.006578465349816764,
0.011240808328042222,0.00720406998657169,0.00900727656273913,0.8661809420687125,0.10636690305393441,
0.008689746016129285,0.005569131386179504,0.0069631065082727235,0.8209018719330665,0.15787614415635198,
0.04224738630487444,0.027075733239822455,0.03385289397307588,0.8648411222637472,0.03198286421847993,
0.6616637860673892,0.011837677149098894,0.09519981462376464,0.21731561715688857,0.013983105002858832,
0.022009983937198028,0.014105877447561593,0.017636633120877803,0.7379765556351593,0.2082709498592033,
0.009400914269983124,0.49706452200392165,0.08937290224010604,0.39704481495596483,0.0071168465300242715,
0.08517409375776172,0.010197876528925915,0.01275044445985655,0.8798314737981341,0.012046111455321744,
0.013976139787404003,0.19146164767554083,0.011199101761267666,0.7727826460366596,0.010580464739127857,
0.00807860864792087,0.005177462367057509,0.4636090742273869,0.48185476089718515,0.0412800938604496,
0.024342057230832933,0.015600469182503726,0.019505326946743083,0.8161690441729097,0.12438310246701056,
0.5915070503146916,0.005366159516443624,0.1524928324198679,0.24429525032899982,0.006338707419996938,
0.017096290480127185,0.01095676303120867,0.013699283188315857,0.9453051268527738,0.012942536447574537,
0.035685141090545505,0.022870086064508993,0.028594557046316204,0.8858352186132404,0.027014997185388783,
0.008689746016129284,0.30816448899924986,0.08261194591154032,0.5939553537232637,0.006578465349816763,
0.009031351651467432,0.005788061451790891,0.0072368356159210525,0.9711066775860415,0.006837073694779088,
0.007804180248670539,0.005001585211535674,0.0062535013313837675,0.6693048319174658,0.31163590129094415,
0.013174661272818976,0.008443448112355988,0.2972878783692692,0.6711202969588324,0.009973715286723405,
0.3622217948429029,0.010197876528925915,0.01275044445985655,0.602783772712993,0.012046111455321744,
0.009031351651467432,0.005788061451790891,0.0072368356159210525,0.6959272370214282,0.28201651425939245,
0.024342057230832933,0.015600469182503726,0.019505326946743083,0.9221242915864972,0.01842785505342307,
0.04224738630487444,0.027075733239822455,0.03385289397307588,0.8648411222637472,0.03198286421847993,
0.20401122734506077,0.0041547666488003345,0.0051947208077025575,0.35845643487961953,0.42818285031881675,
0.33724027183927485,0.053514284959522304,0.008587120817403199,0.592545553078194,0.008112769305605545,
0.010716466684000302,0.05351428495952231,0.008587120817403199,0.9190693582334687,0.008112769305605545,
0.07481098768126067,0.008957103993970835,0.132868797548981,0.7119477981428028,0.07141531263298452,
0.4305327875979247,0.053514284959522304,0.10187963657605308,0.4059605215608943,0.008112769305605545,
