0.0022098556318511362,0.005204652083430114,0.9880420122431824,0.002384701013559961,0.0021587790279761947,
0.007349868114915876,0.8546522103430176,0.12288653661414237,0.007931395015379279,0.007179989912544731,
0.004716812136508749,0.9664299343412444,0.019155451777636463,0.005090009736646025,0.004607792007964351,
0.6785615828485003,0.008967359639543475,0.3046428647923592,0.004108722596358952,0.0037194701232379818,
0.00903016462819192,0.707115462219553,0.036672413077592156,0.0097446378084997,0.23743732226616324,
0.028744536562305113,0.06769913380310463,0.48059590859212187,0.031018825160546926,0.39194159588192146,
0.6155963211737087,0.012615519878521659,0.36077524936940436,0.005780260151619872,0.0052326494267453064,
0.0024882775573898063,0.9507929071154737,0.04160289768217575,0.002685151883951529,0.0024307657610091334,
0.004000272628860686,0.6170687149761779,0.37070642134567766,0.004316777103022474,0.003907813946261165,
0.7845591162278435,0.02401268455578682,0.17046596172690093,0.011002286469980783,0.009959951019488066,
0.0034727247049149913,0.5356909315798909,0.1459810792737108,0.31146280515371283,0.003392459287770486,
0.003632402696845712,0.9741477944206597,0.014751555220489673,0.003919801034952595,0.0035484466270523005,
0.003632402696845712,0.8821865792372467,0.1067127704039026,0.003919801034952595,0.0035484466270523005,
0.0029534057439804316,0.006955861340926589,0.9840185081693105,0.003187081350298084,0.002885143395484434,
0.007349868114915877,0.1103483875621111,0.029848558766529063,0.00793139501537928,0.8445217905410647,
0.004716812136508749,0.011109036155843525,0.9744763499630373,0.005090009736646025,0.004607792007964351,
0.0024122956701818597,0.036217376062492396,0.9564106299622492,0.0026031582546730374,0.0023565400504032483,
0.0028469701837734573,0.006705184304744709,0.9485562079471012,0.03911046967385413,0.0027811678905265646,
0.00672425685463288,0.9521427316620998,0.027307888080253345,0.0072562849380564155,0.006568838464957468,
0.6303648606879219,0.3463444147635932,0.015462531828888045,0.004108722596358953,0.003719470123237982,
0.0017653984982510815,0.004157866622404699,0.9904470620959493,0.001905078108921544,0.0017245946744732115,
0.10557088090270221,0.24864054344560688,0.4287340389501144,0.11392372563279327,0.10313081106878322,
0.0067242568546328815,0.01583697004616897,0.9636136496961842,0.007256284938056416,0.00656883846495747,
0.003807472600400921,0.008967359639543477,0.9793969750404586,0.004108722596358953,0.003719470123237982,
0.0034727247049149913,0.008178961381053958,0.3657777335232262,0.6191781211030344,0.003392459287770486,
0.0067242568546328815,0.01583697004616897,0.9636136496961842,0.007256284938056416,0.00656883846495747,
0.0575518121622201,0.11660030939189815,0.12378836280798367,0.004547026103935509,0.6975124895339626,
0.0036324026968457116,0.6063029336870079,0.38259641595414134,0.003919801034952594,0.0035484466270523,
0.0053564536505786575,0.6228553874016517,0.36077524936940436,0.005780260151619872,0.0052326494267453064,
0.008103832283377528,0.942324143093414,0.03291048361175364,0.008745013376146256,0.00791652763530859,
0.004000272628860687,0.009421442275234903,0.9783536940466208,0.004316777103022474,0.003907813946261165,
0.002953405743980431,0.38081141070218244,0.5727774038719289,0.0031870813502980835,0.04027069833161002,
0.006196793788478497,0.014594689009061936,0.02516580715021166,0.00668708861122662,0.9473556214410213,
0.005356453650578658,0.01261551987852166,0.7676018277181578,0.005780260151619873,0.208645938601122,
0.004213639859596328,0.11660030939189815,0.12378836280798367,0.004547026103935509,0.7508506618365863,
0.005016324620379398,0.01181444797131352,0.9728556257114087,0.005413219865654268,0.00490038183124407,
0.016637237995139352,0.03918402367370475,0.6993707146514176,0.22855532375233645,0.01625269992740186,
0.0067242568546328815,0.10095567564761725,0.878494944094736,0.007256284938056416,0.00656883846495747,
0.00903016462819192,0.8214233985664676,0.15098034942450675,0.0097446378084997,0.008821449572334036,
0.004451050772634852,0.1795133982616303,0.07441959572482205,0.004803221140748349,0.7368127341001645,
0.003632402696845712,0.008555034994823922,0.060732162812196136,0.09588101621836553,0.8311993832777687,
0.013742949071109867,0.03236739426978289,0.9256340485024195,0.01483030117751435,0.013425306979173494,
0.04033896068010602,0.04434141627705218,0.9092473982970593,0.003187081350298084,0.002885143395484434,
0.003632402696845712,0.008555034994823922,0.014751555220489673,0.003919801034952595,0.9691412060528881,
0.10557088090270221,0.24864054344560688,0.4287340389501144,0.11392372563279327,0.10313081106878322,
0.028744536562305113,0.06769913380310463,0.1167344740588488,0.7587416942270931,0.02808016134864838,
0.006196793788478497,0.09303652690390272,0.8880260239934603,0.00668708861122662,0.006053566702931881,
0.005356453650578658,0.21602880905289834,0.3607752493694044,0.005780260151619873,0.4120592277754987,
0.7305147967233477,0.007517989780848904,0.2554042701954228,0.003444640979442433,0.0031183023209382,
0.010195602962666857,0.9274367833651596,0.04140537618270483,0.011002286469980783,0.009959951019488066,
0.08400571625633088,0.04792480731003746,0.861506533133251,0.003444640979442433,0.0031183023209382,
0.0030681086899588942,0.6286262827468612,0.28432251955741566,0.08098589380442586,0.002997195201338361,
0.005746062115482159,0.013533125752568466,0.5324892379315251,0.4426183213663644,0.005613252834059806,
0.3425116173364826,0.5739173925861193,0.07441959572482204,0.004803221140748348,0.00434817321182755,
0.04543477332225472,0.6394587455682993,0.09772578816911408,0.003589688883129608,0.21379100405720233,
0.0034727247049149913,0.008178961381053958,0.45369639522303234,0.0037474892043913213,0.5309044294866074,
0.003632402696845712,0.3304192881367692,0.42857702354584787,0.003919801034952595,0.23345148458558462,
0.005356453650578658,0.35163766850248285,0.3607752493694044,0.07358468987641212,0.208645938601122,
0.24152230747300082,0.720571230062629,0.025165807150211657,0.0066870886112266196,0.00605356670293188,
0.06851524618063891,0.7738015066944277,0.14736964542803496,0.005413219865654267,0.004900381831244069,
0.19725569400946275,0.7063013168746627,0.05129741717401107,0.042148376740525094,0.002997195201338361,
0.0022098556318511367,0.005204652083430115,0.6243883453468404,0.0023847010135599612,0.3658124459243184,
0.004451050772634852,0.010483114979706403,0.4688235900493112,0.23017693218331353,0.28606531201503405,
0.003807472600400921,0.057164081800122016,0.5938231977558305,0.004108722596358953,0.3410965252472877,
0.04543477332225472,0.9342166991169358,0.013509230012360745,0.003589688883129608,0.0032496086653190153,
0.003192081197953781,0.2499588949559802,0.7402860805456853,0.003444640979442433,0.0031183023209382,
0.0022098556318511367,0.06115137006748276,0.20478796046644554,0.0023847010135599612,0.7294661128206607,
0.003192081197953781,0.007517989780848904,0.2149974526662342,0.003444640979442433,0.7708478353755207,
0.028744536562305113,0.43156056833637774,0.1167344740588488,0.39488025969382,0.02808016134864838,
0.011706443402882918,0.02757101602846951,0.9366540036055262,0.012632665702533892,0.011435871260587538,
0.2627461958727503,0.5914492208405369,0.010433788010596901,0.1328609758489306,0.0025098194271852728,
0.005746062115482159,0.1590056679676632,0.8234343223617147,0.006200694721080248,0.005613252834059806,
0.005356453650578658,0.01261551987852166,0.7676018277181578,0.20919354932599657,0.0052326494267453064,
0.005746062115482159,0.1590056679676632,0.8234343223617147,0.006200694721080248,0.005613252834059806,
0.0029534057439804316,0.04434141627705218,0.572777403871929,0.3022715208393028,0.0776562532677356,
0.0020927719118915907,0.7731754348466315,0.2204290382215924,0.002258353544687068,0.002044401475197158,
0.00810383228337753,0.019086146157936128,0.9561484805472316,0.008745013376146258,0.007916527635308592,
0.004451050772634852,0.010483114979706403,0.8068841566131589,0.17383350442267226,0.004348173211827551,
0.00672425685463288,0.6967866148577551,0.027307888080253345,0.0072562849380564155,0.2619249552693022,
0.1208653089540649,0.09440646069170018,0.6317598780878336,0.15068163914427088,0.002286713122130461,
0.01374294907110987,0.5542609185810417,0.2297760160874079,0.014830301177514351,0.18738981508292643,
0.7845591162278435,0.02401268455578682,0.04140537618270483,0.1400628720141769,0.009959951019488066,
0.00810383228337753,0.019086146157936128,0.9561484805472316,0.008745013376146258,0.007916527635308592,
0.003632402696845712,0.008555034994823922,0.9803443146463254,0.003919801034952595,0.0035484466270523005,
0.005746062115482159,0.37721448129030527,0.5324892379315251,0.07893696582862762,0.005613252834059806,
0.005356453650578658,0.01261551987852166,0.1573619601950277,0.8194334168491267,0.0052326494267453064,
0.5356364733823686,0.0323673942697829,0.40374052419116085,0.014830301177514351,0.013425306979173495,
0.004000272628860687,0.06005871500031349,0.2694318758955206,0.6119640498039656,0.054545086671339754,
0.0067242568546328815,0.01583697004616897,0.9636136496961842,0.007256284938056416,0.00656883846495747,
0.00810383228337753,0.019086146157936128,0.853566480887734,0.008745013376146258,0.11049852729480614,
0.21326783160237262,0.019086146157936128,0.03291048361175364,0.6242370113331315,0.11049852729480614,
0.003632402696845712,0.008555034994823922,0.1067127704039026,0.8775513452773755,0.0035484466270523005,
0.006196793788478497,0.014594689009061936,0.9664678618883011,0.00668708861122662,0.006053566702931881,
0.004716812136508749,0.9664299343412444,0.019155451777636463,0.005090009736646025,0.004607792007964351,
0.005746062115482159,0.08626939686011584,0.7506980512541672,0.006200694721080248,0.15108579504915454,
0.7261778298998603,0.019086146157936128,0.2380744829307487,0.008745013376146258,0.007916527635308592,
0.00903016462819192,0.0212678441380654,0.951135903852909,0.0097446378084997,0.008821449572334036,
0.005016324620379398,0.07531336953157304,0.9093567041511492,0.005413219865654268,0.00490038183124407,
0.00903016462819192,0.0212678441380654,0.6082120948121652,0.12405257415541432,0.23743732226616324,
0.006196793788478496,0.6421293921677882,0.1820494829398932,0.0066870886112266196,0.16293724249261343,
0.005356453650578658,0.14822437932810612,0.83540625744295,0.005780260151619873,0.0052326494267453064,
0.43753066994281165,0.003527269358820492,0.5558628773685262,0.0016161469931597525,0.0014630363366817665,
0.003632402696845712,0.9741477944206597,0.014751555220489673,0.003919801034952595,0.0035484466270523005,
0.7096009814861215,0.2063319023735358,0.055811507983655015,0.01483030117751435,0.013425306979173494,
0.27657417254974764,0.0804199496033139,0.1573619601950277,0.4804112682251655,0.0052326494267453064,
0.00903016462819192,0.3641916531788092,0.6082120948121652,0.0097446378084997,0.008821449572334036,
0.9377296465910491,0.017310409714497755,0.02984855876652906,0.007931395015379279,0.007179989912544731,
0.5477918914489165,0.012615519878521659,0.4285796790941966,0.005780260151619872,0.0052326494267453064,
0.00810383228337753,0.12166814581743368,0.6484024815687389,0.21390901269514134,0.007916527635308592,
0.004716812136508749,0.9664299343412444,0.019155451777636463,0.005090009736646025,0.004607792007964351,
0.02107584820164798,0.04963783863151168,0.08559115398610602,0.02274338461015424,0.8209517745705801,
0.013742949071109867,0.03236739426978289,0.4037405241911608,0.01483030117751435,0.5353188312904321,
0.010195602962666857,0.02401268455578682,0.04140537618270483,0.9144263852793535,0.009959951019488066,
0.004451050772634852,0.010483114979706403,0.3561367345280286,0.6245809265078027,0.004348173211827551,
0.0028469701837734573,0.006705184304744709,0.011561834240870688,0.9761048433800846,0.0027811678905265646,
0.005746062115482159,0.013533125752568466,0.38701669571643044,0.5880908635814592,0.005613252834059806,
