0.989652146298224,0.004798337556970792,0.002965975634488504,9.203806261065323E-4,0.001663159884210118,
0.023893043690545884,0.9574965804975021,0.009946438530248156,0.0030865086063253085,0.005577428675378655,
0.015268650602848712,0.8525191012351722,0.12667563119041772,0.0019724076221948245,0.0035642093493665036,
0.9821254920679624,0.00828847461459072,0.0051233189541321405,0.0015898321793060843,0.0028728821840086974,
0.029435119061722935,0.019823719337972372,0.9400675936475049,0.0038024351141234735,0.006871132838676339,
0.09678164868246018,0.827834784577,0.0402892461899721,0.012502274530681238,0.0225920460198867,
0.9064029207834728,0.011689475021182014,0.007225564621317634,0.0022421862178542144,0.07243985335617337,
0.29263423327071325,0.5746217351387407,0.0665874209530603,0.06428307343004641,0.0018735372074392576,
0.11485852291724508,0.8750669191814932,0.005384414151377343,0.001670853398199337,0.0030192903516850426,
0.03329677046834955,0.022424432231490096,0.9322049428864081,0.004301284086885259,0.007772570326867008,
0.011219043445442667,0.5822069375884632,0.35830190299786646,0.045653219211775925,0.0026188967564517627,
0.011737905107057849,0.932871101559181,0.05113467191304648,0.0015163051473219868,0.0027400162733926792,
0.3817242870216061,0.3778915286873586,0.05113467191304648,0.1865094961045961,0.0027400162733926792,
0.3851566787294174,0.006420468157858156,0.6049659184173053,0.0012315253841284751,0.0022254093112905856,
0.023893043690545884,0.016091288479523104,0.48064908453923766,0.4737891546153148,0.005577428675378655,
0.9778241904101344,0.010283003903797308,0.006356188714507031,0.0019724076221948245,0.0035642093493665036,
0.9887005441934941,0.005239598928653532,0.00323873061708673,0.0010050200272999693,0.0018161062334656236,
0.9866552026104138,0.006188031291322523,0.003824981010110864,0.0011869411117190615,0.0021448439764337325,
0.021837271404228524,0.9611536010520465,0.00909064079502139,0.0028209434930419695,0.005097543255661615,
0.49721628949777547,0.4931976771847775,0.0051233189541321405,0.0015898321793060843,0.0028728821840086974,
0.9917392291736321,0.003830549604589651,0.002367761054535921,7.347468996387269E-4,0.0013277132676035317,
0.40776794549222933,0.2746201667983475,0.16974977558212367,0.05267555232585775,0.09518655980144149,
0.021837271404228524,0.014706784046526537,0.9555374578005414,0.0028209434930419695,0.005097543255661615,
0.7881618110398877,0.00828847461459072,0.05361423921115083,0.14706259295036211,0.0028728821840086974,
0.32064662853661746,0.007555708133424347,0.0046703771793810125,0.0014492784844652498,0.665678007666112,
0.6241216094986504,0.3588692629576247,0.00909064079502139,0.0028209434930419695,0.005097543255661615,
0.01362883658352383,0.33137096193839544,0.5963594819487226,0.0017605760887589306,0.056880143440599135,
0.19673109606433195,0.7941262083412254,0.004886374173727943,0.0015163051473219868,0.0027400162733926792,
0.3592977633633448,0.148465764376214,0.2807781433313816,0.20740662025040218,0.0040517086786573675,
0.02637610408763781,0.017763559357992023,0.21882808904031759,0.7308751902053024,0.006157057308750195,
0.420631245149913,0.2635214747161573,0.26019501601193396,0.052632973770310655,0.0030192903516850426,
0.12222037651144811,0.8703540325883287,0.003968656204804079,0.0012315253841284751,0.0022254093112905856,
0.09933135940996718,0.013541651922939052,0.008370442716313905,0.8740628511081879,0.004693694842591944,
0.017357039975764835,0.011689475021182014,0.9646595901065416,0.0022421862178542144,0.0040517086786573675,
0.01362883658352383,0.009178635587249854,0.9722505293583924,0.0017605760887589306,0.003181422382074871,
0.6563518045799617,0.010941224946585667,0.32681595143896935,0.002098662577850861,0.0037923564566324734,
0.054906742418941785,0.036978136531163504,0.888205201710124,0.007092864986824909,0.012817054352945806,
0.9682840884097486,0.014706784046526537,0.00909064079502139,0.0028209434930419695,0.005097543255661615,
0.8412724073681468,0.019823719337972372,0.12823030534108107,0.0038024351141234735,0.006871132838676339,
0.014402217229135447,0.00969948555656291,0.9706758605751353,0.0018604815695993726,0.003361955069566832,
0.011737905107057852,0.007905146772810347,0.46736935156691334,0.001516305147321987,0.5114712914058965,
0.9344382433998251,0.03040122599932059,0.01879177829862547,0.005831332016025398,0.010537420286203395,
0.9485916120536374,0.043982797046139485,0.003968656204804079,0.0012315253841284751,0.0022254093112905856,
0.011737905107057849,0.23914663546940298,0.004886374173727943,0.7414890689764185,0.0027400162733926792,
0.40776794549222933,0.2746201667983475,0.16974977558212367,0.05267555232585775,0.09518655980144149,
0.09678164868246018,0.06517970036147133,0.8029443304055007,0.012502274530681238,0.0225920460198867,
0.4162278664645242,0.4888864125047746,0.008370442716313905,0.002597456708156149,0.08391782160623121,
0.017357039975764835,0.21685390905373,0.7594951560739936,0.0022421862178542144,0.0040517086786573675,
0.5788953060370333,0.0069419821945118495,0.004291017419994429,0.4074655221761753,0.002406172172284983,
0.6892566459030407,0.28480838240536654,0.01386111727784039,0.004301284086885259,0.007772570326867008,
0.8631890807914343,0.12878217137496936,0.004291017419994429,0.0013315582413169745,0.002406172172284983,
0.5172736690773945,0.12375601911458875,0.3163501351306858,0.0012795897553614368,0.04134058692196951,
0.018631192676006225,0.9668569057841091,0.007755981828737521,0.0024067815421671144,0.004349138168980084,
0.4683694452442232,0.5204126170735367,0.005995501043073838,0.0018604815695993726,0.003361955069566832,
0.13774212107186012,0.7268912430736759,0.13147067733310125,0.001387926656794453,0.002508031864568184,
0.011219043445442667,0.007555708133424346,0.9771570731802159,0.0014492784844652496,0.0026188967564517627,
0.05798620284637638,0.19289833773008447,0.5136176493062318,0.0015163051473219868,0.23398150496998535,
0.08574518465328083,0.21685390905373,0.6911070113964776,0.0022421862178542144,0.0040517086786573675,
0.6539002467554419,0.01354165192293905,0.008370442716313903,0.0025974567081561485,0.32159020189714893,
0.08025658566172343,0.9070893432638452,0.006763052039948095,0.002098662577850861,0.0037923564566324734,
0.04893378568659398,0.9433508150484896,0.004123546203485422,0.0012795897553614368,0.0023122633060694716,
0.42820793693372944,0.004798337556970792,0.564410184998983,9.203806261065323E-4,0.001663159884210118,
0.2413858312366793,0.00969948555656291,0.7436922465675915,0.0018604815695993726,0.003361955069566832,
0.012307086927588643,0.6386704379558336,0.34455976075326294,0.0015898321793060843,0.0028728821840086974,
0.010744111382713572,0.9808872624519691,0.004472667643954679,0.001387926656794453,0.002508031864568184,
0.5788953060370333,0.4130759461293702,0.004291017419994429,0.0013315582413169745,0.002406172172284983,
0.007124779910358559,0.004798337556970792,0.9854933420223538,9.203806261065323E-4,0.001663159884210118,
0.010307756528231663,0.0069419821945118495,0.9790125308636545,0.0013315582413169745,0.002406172172284983,
0.09678164868246018,0.827834784577,0.0402892461899721,0.012502274530681238,0.0225920460198867,
0.9443382168023575,0.025810572172988412,0.015954177310030508,0.004950787704010529,0.008946246010612965,
0.008288107384806195,0.528074846172169,0.0034502573930206204,0.22966136474079646,0.23052542430920764,
0.09203960229080548,0.8934484961693099,0.007755981828737521,0.0024067815421671144,0.004349138168980084,
0.15413332933079682,0.832347211151374,0.007225564621317634,0.0022421862178542144,0.0040517086786573675,
0.018631192676006225,0.3061812192509159,0.5216148491323322,0.14922360077176558,0.004349138168980084,
0.4978436653942614,0.26935677037582745,0.003968656204804079,0.0012315253841284751,0.22759938264097856,
0.5649238758597571,0.4298216191361975,0.0028083049777024513,8.714533806754007E-4,0.0015747466456675,
0.961692000348688,0.017763559357992023,0.010980112093417545,0.0034072708911522644,0.006157057308750195,
0.6386071557498811,0.00969948555656291,0.3464709220543897,0.0018604815695993726,0.003361955069566832,
0.021837271404228524,0.9611536010520465,0.00909064079502139,0.0028209434930419695,0.005097543255661615,
0.6618739392642188,0.09430994628432611,0.24107889430080448,9.751286600643829E-4,0.001762091490586121,
0.04514106014395771,0.7418389726040145,0.19665121494979895,0.005831332016025398,0.010537420286203395,
0.9516405960769172,0.022424432231490096,0.01386111727784039,0.004301284086885259,0.007772570326867008,
0.961692000348688,0.017763559357992023,0.010980112093417545,0.0034072708911522644,0.006157057308750195,
0.6592140734575173,0.2853949332087215,0.05113467191304648,0.0015163051473219868,0.0027400162733926792,
0.9729405176683964,0.012547580791718908,0.007755981828737521,0.0024067815421671144,0.004349138168980084,
0.017357039975764835,0.011689475021182014,0.07561370929883364,0.0022421862178542144,0.8930975894863653,
0.7565788067486515,0.20826066265049406,0.01879177829862547,0.005831332016025398,0.010537420286203395,
0.1148585229172451,0.4164078358324913,0.0053844141513773435,0.0016708533981993371,0.461678373700687,
0.9682840884097486,0.014706784046526537,0.00909064079502139,0.0028209434930419695,0.005097543255661615,
0.02637610408763781,0.8491554671455922,0.010980112093417545,0.0034072708911522644,0.11008104578220022,
0.02637610408763781,0.017763559357992023,0.010980112093417545,0.0034072708911522644,0.9414729535698003,
0.011737905107057852,0.23914663546940304,0.004886374173727944,0.001516305147321987,0.7427127801024893,
0.25777961293724566,0.7265587927956924,0.008370442716313905,0.002597456708156149,0.004693694842591944,
0.07542837184080406,0.9126788224731275,0.006356188714507031,0.0019724076221948245,0.0035642093493665036,
0.9729405176683964,0.012547580791718908,0.007755981828737521,0.0024067815421671144,0.004349138168980084,
0.4420720579814378,0.01776355935799202,0.11490410056686755,0.0034072708911522635,0.42185301120255025,
0.6093188964234543,0.36775398575501117,0.012253549868734783,0.0038024351141234735,0.006871132838676339,
0.9764047039789829,0.010941224946585667,0.006763052039948095,0.002098662577850861,0.0037923564566324734,
0.029435119061722935,0.36775398575501117,0.012253549868734783,0.0038024351141234735,0.5867549102004077,
0.49545199322816347,0.4888864125047746,0.008370442716313905,0.002597456708156149,0.004693694842591944,
0.9747910654609888,0.011689475021182014,0.007225564621317634,0.0022421862178542144,0.0040517086786573675,
0.9549884691903349,0.003248204696799469,0.0020077987161495957,6.230459272752395E-4,0.03913248146944079,
0.05798620284637638,0.932871101559181,0.004886374173727943,0.0015163051473219868,0.0027400162733926792,
0.9344382433998251,0.03040122599932059,0.01879177829862547,0.005831332016025398,0.010537420286203395,
0.017357039975764835,0.08007761969869802,0.007225564621317634,0.0022421862178542144,0.8930975894863653,
0.029435119061722935,0.019823719337972372,0.012253549868734783,0.0038024351141234735,0.9346851766174464,
0.023893043690545884,0.39265340528671466,0.009946438530248156,0.5679296838171127,0.005577428675378655,
0.4960740527183768,0.011689475021182014,0.007225564621317634,0.48095919896046624,0.0040517086786573675,
0.857768011875238,0.12168754783144205,0.010980112093417545,0.0034072708911522644,0.006157057308750195,
0.015268650602848712,0.9126788224731275,0.06651590995246238,0.0019724076221948245,0.0035642093493665036,
0.0700642286005398,0.047186274344471396,0.02916704761312066,0.009050912364784999,0.8445315370770831,
0.7565788067486515,0.03040122599932059,0.19665121494979895,0.005831332016025398,0.010537420286203395,
0.03329677046834955,0.2848083824053666,0.013861117277840392,0.00430128408688526,0.6637324457615583,
0.1278940242329074,0.009699485556562913,0.005995501043073839,0.001860481569599373,0.8545505075978566,
0.009188257496606385,0.0061880312913225235,0.07622993990742995,0.0011869411117190617,0.9072068301929221,
0.018631192676006225,0.23277280963611666,0.007755981828737521,0.0024067815421671144,0.7384332343169725,
