0.002332073786686613,0.001174235095801485,0.10296094310814459,0.052398300734556875,0.8411344472748105,
0.0016152632120065538,8.133099232635947E-4,0.00300924649055189,0.0021403388553936004,0.9924218415187843,
0.0033118936037717043,0.0016675894756462922,0.006170080597483956,0.0043884950219824324,0.9844619413011156,
0.002332073786686613,0.9873369708886391,0.004344669528860832,0.0030901639449149995,0.002896121850898472,
0.0016723787466538357,8.420684752790489E-4,0.0031156531250345863,0.9922930302765949,0.0020768693764376322,
0.9903901790443457,9.807911575644489E-4,0.003628927011024034,0.002581089156195252,0.002419013630870574,
0.7306545148375931,6.946846294898346E-4,0.0025703329364826877,0.0018281597976518317,0.26425230779878256,
0.0038512623546560387,0.0019391699549958952,0.007174928295770702,0.005103197050928393,0.981931442343649,
0.9929889397265633,7.155581725268096E-4,0.002647565039931452,0.0018830914466258088,0.0017648456143523582,
0.9864974533239976,0.001378087942068493,0.005098925003522229,0.0036266312314532523,0.0033989024989583548,
0.991749388014542,8.420684752790489E-4,0.0031156531250345863,0.002216021008706742,0.0020768693764376322,
0.0016152632120065538,8.133099232635947E-4,0.00300924649055189,0.20705397374184847,0.7875082066323296,
0.014416726290686813,0.007259043892063312,0.026858460387767704,0.019103189633842933,0.9323625797956392,
0.001561920091449697,7.864508398868095E-4,0.002909867889505563,0.9928020665897206,0.0019396945894373976,
0.001870836481084724,9.419950033899347E-4,0.9923848496879899,0.002478991648413288,0.002323327179122217,
0.0016723787466538357,8.420684752790489E-4,0.4981541577589787,0.4972545256426508,0.0020768693764376322,
0.5306447633652134,0.001793155030506084,0.4584205233871986,0.004718938347802233,0.004422619869279689,
0.005096198209105138,0.0025660143458814512,0.9792561692192193,0.006752825768987273,0.006328792456806776,
0.0025872153205461017,0.0013027027905908929,0.7159552906028296,0.27694181798064826,0.003212973305385283,
0.002453028028252513,0.0012351374206951255,0.21203212574758898,0.003250436933876695,0.7810292718695866,
0.0025872153205461017,0.0013027027905908929,0.11422542929301577,0.11283367398706265,0.7690509786087847,
0.004600489386253391,0.002316417313225819,0.008570743416614174,0.10336629473869895,0.8811460551452077,
0.004600489386253391,0.002316417313225819,0.008570743416614174,0.006095976255778206,0.9784163736281285,
0.001870836481084724,0.5942816760653822,0.39904516862599765,0.002478991648413288,0.002323327179122217,
0.6059424050771388,0.0017931550305060843,0.006634673115647006,0.004718938347802234,0.38091082842890606,
0.6463440614463996,0.0010229202247072206,0.0037848045477702837,0.3463252934348541,0.002522920346268882,
0.9847301769646114,0.0015584585269375997,0.005766296117522808,0.00410130166165812,0.0038437667292700924,
0.003561271381736523,0.001793155030506084,0.23252759825142277,0.004718938347802233,0.7573990369885324,
0.0011741604777192108,5.912078978426473E-4,0.0021874690580812465,0.0015558463006212153,0.9944913162657356,
0.0033118936037717043,0.0016675894756462922,0.006170080597483956,0.984737510099026,0.004112926224071938,
0.002031556926241441,0.0010229202247072206,0.0037848045477702837,0.9906377979550122,0.002522920346268882,
0.0024530280282525135,0.0012351374206951257,0.6269563610146078,0.36630914279251814,0.003046330743926491,
0.002736932984662004,0.001378087942068493,0.005098925003522229,0.0036266312314532523,0.987159422838294,
0.0025872153205461017,0.0013027027905908929,0.004819999963958723,0.9333743939549906,0.0579156879699138,
0.18148775465595954,0.0021110726082780432,0.007810968065247614,0.005555582934391651,0.8030346217361232,
0.08431807805889885,9.807911575644489E-4,0.2095544045077165,0.7027277126449497,0.002419013630870574,
0.0013036136354023947,6.563895579949577E-4,0.994693703120104,0.0017273809590491256,0.0016189127274493977,
0.0057116343758465814,0.002875895941540607,0.49369593997932487,0.49062344833739585,0.0070930813658920564,
0.0057116343758465814,0.002875895941540607,0.010640814186240577,0.9736785741304801,0.0070930813658920564,
0.004600489386253391,0.6832086466936711,0.3003816988653764,0.006095976255778206,0.005713188798920875,
0.006496131819108569,0.0032709024956657957,0.9735578064949527,0.008607837557895405,0.008067321632377389,
0.001118619180355701,0.02421473530695576,0.7352802877986697,0.23799718320781013,0.0013891745062085525,
0.002332073786686613,0.001174235095801485,0.9411992685320567,0.0030901639449149995,0.05220425864054035,
0.014416726290686814,0.007259043892063313,0.9413174059728436,0.019103189633842936,0.017903634210563395,
0.0038512623546560387,0.0019391699549958952,0.9843236210015065,0.005103197050928393,0.0047827496379131106,
0.002031556926241441,0.25874792203277047,0.7340056430039495,0.0026919576907697843,0.002522920346268882,
0.003561271381736523,0.001793155030506084,0.9855040153706754,0.004718938347802233,0.004422619869279689,
0.3967971681038217,0.001174235095801485,0.5960423110045634,0.0030901639449149995,0.002896121850898472,
0.004192667302451049,0.0021110726082780432,0.007810968065247614,0.5374408449949171,0.4484444470291062,
9.222960670351532E-4,4.6439028508230034E-4,0.8402415095371221,0.15722643649504134,0.0011453676157190873,
0.0024530280282525135,0.0012351374206951257,0.5232253021978531,0.4700402016092728,0.003046330743926491,
0.0643277332601684,0.0014627338111992774,0.005412114695834605,0.0038493886790965685,0.924948029553701,
0.005096198209105138,0.0025660143458814512,0.9792561692192193,0.006752825768987273,0.006328792456806776,
0.002905042772265032,0.9842257816176534,0.005412114695834607,0.0038493886790965694,0.0036076722351504353,
0.0013036136354023947,0.35897432859099315,0.6363757640871058,0.0017273809590491256,0.0016189127274493977,
0.002122737340389774,0.0010688309685927331,0.0937187492887745,0.002812778236797156,0.9002769041654458,
0.001561920091449697,7.864508398868095E-4,0.002909867889505563,0.002069655419562758,0.9926721057595952,
0.0033118936037717043,0.0016675894756462922,0.006170080597483956,0.0043884950219824324,0.9844619413011156,
0.002736932984662004,0.9851386082814042,0.005098925003522229,0.0036266312314532523,0.0033989024989583548,
0.0024530280282525135,0.0012351374206951257,0.004570008114079644,0.9886954956930463,0.003046330743926491,
0.9903901790443457,9.807911575644489E-4,0.003628927011024034,0.002581089156195252,0.002419013630870574,
0.0038512623546560387,0.0019391699549958952,0.007174928295770702,0.005103197050928393,0.981931442343649,
0.9929889397265633,7.155581725268096E-4,0.002647565039931452,0.0018830914466258088,0.0017648456143523582,
0.87076092151937,0.001378087942068493,0.005098925003522229,0.0036266312314532523,0.11913543430358609,
0.991749388014542,8.420684752790489E-4,0.0031156531250345863,0.002216021008706742,0.0020768693764376322,
0.1685357561850624,0.08486035087728405,0.313983274714951,0.2233218863679338,0.20929873185476872,
0.003561271381736523,0.001793155030506084,0.006634673115647005,0.004718938347802233,0.9832919621243081,
0.002905042772265032,0.9842257816176534,0.005412114695834607,0.0038493886790965694,0.0036076722351504353,
0.005711634375846583,0.0028758959415406075,0.6144597214275961,0.2490958854408537,0.12785686281416314,
0.05164021057632849,0.001174235095801485,0.004344669528860832,0.0030901639449149995,0.9397507208540942,
0.0015119875878313149,0.6401346533342773,0.3544721826450734,0.002003491294207149,0.001877685138610919,
0.002453028028252513,0.0012351374206951255,0.05643553752245698,0.21071255456738605,0.7291637424612093,
0.004192667302451049,0.0021110726082780432,0.007810968065247614,0.005555582934391651,0.9803297090896317,
0.07333682325213196,0.7719418156076091,0.006170080597483956,0.14443835431870294,0.004112926224071938,
0.5438528186818776,0.0025660143458814517,0.11724557646278354,0.11450414986354177,0.22183144064591576,
0.0016152632120065538,8.133099232635947E-4,0.27622742633915837,0.7193380609579856,0.0020059395675859322,
0.0016152632120065538,8.133099232635947E-4,0.00300924649055189,0.9925562408065921,0.0020059395675859322,
0.0038512623546560396,0.0019391699549958954,0.007174928295770703,0.9008228320311863,0.0862118073633911,
0.004600489386253391,0.002316417313225819,0.008570743416614174,0.006095976255778206,0.9784163736281285,
0.0057116343758465814,0.002875895941540607,0.9767510657724092,0.0075683225443115044,0.0070930813658920564,
0.002905042772265032,0.9842257816176534,0.005412114695834607,0.0038493886790965694,0.0036076722351504353,
0.0019478870602218448,9.807911575644489E-4,0.992071218995148,0.002581089156195252,0.002419013630870574,
0.0013036136354023947,6.563895579949577E-4,0.9120049479586428,0.02929029934620283,0.05674474950175681,
0.0023320737866866126,0.0011742350958014848,0.30019349026671205,0.003090163944914999,0.6932100369058848,
0.001799649580541918,9.061513017644142E-4,0.5741153670610105,0.42094390942948245,0.0022349226272007808,
0.001561920091449697,7.864508398868095E-4,0.9936422790596634,0.002069655419562758,0.0019396945894373976,
0.001799649580541918,9.061513017644142E-4,0.0033527595652608558,0.6111981119280656,0.38274332762436725,
0.09741798922976697,7.613090547063142E-4,0.4184095170730305,0.0339721585081857,0.44943902613431064,
0.002122737340389774,0.0010688309685927331,0.0937187492887745,0.9004535282503817,0.002636154151861349,
0.002332073786686613,0.001174235095801485,0.8918911317424149,0.0030901639449149995,0.10151239543018223,
0.0030951555538618,0.1978854628090875,0.7910743132461224,0.00410130166165812,0.0038437667292700924,
0.002905042772265032,0.9842257816176534,0.005412114695834607,0.0038493886790965694,0.0036076722351504353,
0.005096198209105138,0.0025660143458814512,0.9792561692192193,0.006752825768987273,0.006328792456806776,
0.9922943312616075,7.864508398868095E-4,0.002909867889505563,0.002069655419562758,0.0019396945894373976,
0.00419266730245105,0.0021110726082780437,0.007810968065247616,0.8920310197019341,0.09385427232208923,
0.9679515999870894,0.003270902495665796,0.012102338326972068,0.008607837557895405,0.00806732163237739,
0.002736932984662004,0.001378087942068493,0.005098925003522229,0.6980458220592196,0.2927402320105277,
0.0010927734562672083,5.502282781250949E-4,0.9955519179732775,0.001448002697768353,0.0013570775945618045,
0.001235505368144292,6.22095995679196E-4,0.9949709345606415,0.0016371326517129105,0.0015343314238220904,
0.23420999659391745,0.001378087942068493,0.7573863817336025,0.0036266312314532523,0.0033989024989583548,
0.0015119875878313147,7.613090547063142E-4,0.19462884657518062,0.002003491294207149,0.8010943654880747,
0.5940297152623892,0.001174235095801485,0.20157721668742834,0.20032271110348254,0.002896121850898472,
0.08793989086226252,0.17283958809674935,0.7340056430039494,0.002691957690769784,0.0025229203462688817,
0.16221013913186424,6.387828387435548E-4,0.029187078506879658,0.8063885118336512,0.0015754876888613473,
0.0057116343758465814,0.002875895941540607,0.37293215853105377,0.611387229785667,0.0070930813658920564,
0.002905042772265032,0.0014627338111992778,0.005412114695834607,0.9866124364855507,0.0036076722351504353,
0.002905042772265032,0.9842257816176534,0.005412114695834607,0.0038493886790965694,0.0036076722351504353,
0.9922943312616075,7.864508398868095E-4,0.002909867889505563,0.002069655419562758,0.0019396945894373976,
0.980999955060392,0.0019391699549958952,0.007174928295770702,0.005103197050928393,0.0047827496379131106,
0.9864974533239976,0.001378087942068493,0.005098925003522229,0.0036266312314532523,0.0033989024989583548,
0.0014651487354875323,7.377249706249626E-4,0.9630578509788909,0.001941426477235985,0.03279784883776072,
0.0016152632120065538,0.10327012736649102,0.5152933337066891,0.3778153361472275,0.0020059395675859322,
0.001561920091449697,7.864508398868095E-4,0.9936422790596634,0.002069655419562758,0.0019396945894373976,
0.1685357561850624,0.08486035087728405,0.313983274714951,0.2233218863679338,0.20929873185476872,
0.002122737340389774,0.0010688309685927331,0.003954674287416051,0.9902176032517401,0.002636154151861349,
0.002122737340389774,0.04595086846927196,0.04883671178809528,0.9004535282503817,0.002636154151861349,
0.001379669046036783,6.946846294898345E-4,0.9943841232129992,0.0018281597976518313,0.0017133633138222495,
0.0035612713817365234,0.0017931550305060843,0.7596110902348997,0.004718938347802234,0.2303155450050555,
0.9847301769646114,0.0015584585269375997,0.005766296117522808,0.00410130166165812,0.0038437667292700924,
0.867106790965541,0.0025660143458814512,0.11724557646278351,0.006752825768987273,0.006328792456806776,
0.730294323065473,0.002875895941540607,0.2521683770827827,0.0075683225443115044,0.0070930813658920564,
0.0016152632120065538,8.133099232635947E-4,0.9934251484417504,0.0021403388553936004,0.0020059395675859322,
0.0019478870602218448,9.807911575644489E-4,0.003628927011024034,0.9910233811403192,0.002419013630870574,
0.0019478870602218448,9.807911575644489E-4,0.66259045500044,0.3320618531509032,0.002419013630870574,
0.0030951555538618,0.0015584585269375997,0.005766296117522808,0.00410130166165812,0.9854787881400197,
0.001870836481084724,9.419950033899347E-4,0.0034853812513361507,0.991378460085067,0.002323327179122217,
0.0030951555538618,0.0015584585269375997,0.26753563516038936,0.13498597118309139,0.5928247795757199,
0.006496131819108569,0.0032709024956657957,0.5615054629943896,0.008607837557895405,0.4201196651329405,
0.9679515999870894,0.003270902495665796,0.012102338326972068,0.008607837557895405,0.00806732163237739,
0.002905042772265032,0.9842257816176534,0.005412114695834607,0.0038493886790965694,0.0036076722351504353,
0.0017336815407572605,8.729353769688138E-4,0.6996947555191304,0.29554562836502635,0.002152999198117205,
0.001561920091449697,7.864508398868095E-4,0.9936422790596634,0.002069655419562758,0.0019396945894373976,
0.0033118936037717043,0.0016675894756462922,0.006170080597483956,0.2144632839670632,0.7743871523560348,
0.001799649580541918,9.061513017644142E-4,0.0033527595652608558,0.991706516925232,0.0022349226272007808,
0.0030951555538618,0.0015584585269375997,0.005766296117522808,0.13498597118309139,0.8545941186185865,
0.0057116343758465814,0.002875895941540607,0.010640814186240577,0.0075683225443115044,0.9732033329520607,
0.03693180738221358,0.01859573424612367,0.06880421155423037,0.048937276446647145,0.8267309703707851,
0.9895275623553327,0.0010688309685927331,0.003954674287416051,0.002812778236797156,0.002636154151861349,
0.8405703992105986,0.001174235095801485,0.004344669528860832,0.052398300734556875,0.10151239543018223,
0.008956494984341095,0.7619953366249603,0.2060574126902913,0.011867994070953534,0.011122761629453769,
0.005096198209105138,0.0025660143458814512,0.9792561692192193,0.006752825768987273,0.006328792456806776,
0.617131947651299,0.0014627338111992778,0.3739482576232549,0.0038493886790965694,0.0036076722351504353,
