0.3954801817943115,0.0028780849975707148,0.0019180868241893505,0.002556565167765479,0.597167081216163,
0.0012831180641811213,0.001994746492226127,0.0013293898434432359,0.956630516671434,0.038762228928715496,
0.9800270085287731,0.0040836739226952695,0.0027215461503113524,0.003627474003056585,0.009540297395163705,
0.9859234678874639,0.0028780849975707143,0.0019180868241893503,0.0025565651677654784,0.006723795123010503,
0.0013284199656546413,0.0020651732219075835,0.0013763254212273415,0.9904054144166928,0.004824666974517637,
0.0015468767375164678,0.9890962448305025,0.001602660177047219,0.002136141666128924,0.005618076588804854,
0.20503684282845264,0.0017041680106187338,0.5255545210968154,0.2637231830887703,0.00398128497534313,
0.976785616722998,0.004746408256185124,0.003163222471225349,0.004216172222154544,0.011088580327437049,
0.0011290994460320272,0.9920411086268488,0.0011698170088114996,0.0015592169132651545,0.004100758005042746,
0.0021719238648536415,0.9846903599396194,0.0022502477420198196,0.002999293318498325,0.007888175135008713,
0.0013284199656546413,0.9906361213427864,0.0013763254212273413,0.0018344662958138403,0.004824666974517636,
0.512814516019292,0.0019947464922261274,0.0013293898434432363,0.4792012119133307,0.0046601357317081135,
0.011320407020067353,0.0175988031220359,0.011728643323033087,0.9182377434846946,0.04111440305016899,
0.0012408040488674204,0.0019289647563319522,0.0012855499009129007,0.9250832417464082,0.07046143954747944,
0.0014857926174244593,0.002309826113838077,0.0015393732425765339,0.002051788251986271,0.9926132197741746,
0.036634525255686036,0.0020651732219075835,0.3191312730315099,0.0018344662958138405,0.6403345621950827,
0.0028239714838020746,0.004390170607609532,0.5283048762356287,0.07895388338193943,0.38552709829102016,
0.0040354937290851016,0.0062736136176450505,0.004181021627303137,0.005572768721017049,0.9799371023049496,
0.0020533930931351807,0.43978495469730666,0.05670153400983352,0.0028356096105173426,0.49862450858920737,
0.5194460137521545,0.003027025574863237,0.46776634277329016,0.0026888671297625507,0.007071750769929589,
0.0020533930931351803,0.003192222745540412,0.002127442515862729,0.8760210735140498,0.11660586813141183,
0.003644598161199773,0.00566592397112478,0.0037760295908724362,0.005032965975644076,0.9818804823011589,
0.003644598161199773,0.00566592397112478,0.0037760295908724362,0.005032965975644076,0.9818804823011589,
0.001485792617424459,0.002309826113838077,0.7913129681326287,0.0020517882519862705,0.20283962488412247,
0.002823971483802075,0.9050399993147114,0.002925809489819385,0.0038997309896809497,0.08531048872198628,
0.0016131987988917654,0.0025078928706427418,0.0016713739433402747,0.8168493045731536,0.1773582298139715,
0.39400540275400797,0.003817180164116865,0.45935228363959285,0.13390741996515942,0.008917713477122837,
0.0028239714838020746,0.07944432299986802,0.0029258094898193844,0.6793871025200073,0.23541879350650322,
9.330932874352963E-4,0.0014505949327579329,0.6953472393813425,0.2492815790671899,0.052987493331274615,
0.002626817893329417,0.004083673922695269,0.002721546150311352,0.9810276646385002,0.009540297395163704,
0.0016131987988917654,0.17400717207443644,0.0016713739433402747,0.6453500253693599,0.1773582298139715,
0.0019471302298221882,0.7275254625061285,0.002017347603191039,0.0026888671297625507,0.26582119253109576,
0.002171923864853642,0.0033764917132266797,0.0022502477420198205,0.9843131615448912,0.007888175135008715,
0.0020533930931351807,0.0031922227455404126,0.0021274425158627295,0.9851692565019915,0.007457685143470284,
0.0033227427679312477,0.005165564779988161,0.09175282253147173,0.0045885034665413505,0.8951703664540674,
0.0015468767375164678,0.0024047880177233724,0.001602660177047219,0.8654911663773106,0.12895450869040223,
0.0010358463603516673,0.001610335752786209,0.001073201032126354,0.0014304401355260772,0.9948501767192097,
0.004520312660037698,0.6077207683777056,0.00468332408933629,0.006242273855988994,0.37683332101693134,
0.004520312660037698,0.007027317340536447,0.00468332408933629,0.8472131053080258,0.1365559406020637,
0.7785595783392496,0.005665923971124781,0.1975047746353849,0.005032965975644077,0.013236757078596697,
0.005137528619258637,0.007986846634037346,0.005322798078756775,0.007094611146682489,0.9744582155212648,
8.890001199335158E-4,0.45030296112300155,9.210592253750791E-4,0.00122765450622298,0.5466593250254668,
0.0018513243988765608,0.0028780849975707148,0.0019180868241893505,0.1501673866910536,0.8431851170883098,
0.011320407020067353,0.0175988031220359,0.011728643323033087,0.01563278606925641,0.9437193604656072,
0.0841974955371525,0.004746408256185124,0.0031632224712253485,0.004216172222154543,0.9036767015132824,
0.0016131987988917656,0.002507892870642742,0.001671373943340275,0.0022277283551334994,0.9919798060319917,
0.0028239714838020746,0.07944432299986802,0.0029258094898193844,0.003899730989680949,0.9109061650368295,
0.0018513243988765608,0.0028780849975707148,0.0019180868241893505,0.10096377951662422,0.8923887242627391,
0.0033227427679312477,0.005165564779988161,0.0034425674545243905,0.9760013093129619,0.012067815684594231,
7.331072473702452E-4,0.09856054949778507,0.2735379374289349,0.0010123760341518438,0.6261560297917579,
0.0019471302298221878,0.0030270255748632365,0.002017347603191039,0.2614383088909287,0.7315701877011948,
0.002304977162220219,0.49366791008223737,0.0023880992048691445,0.0031830317414944,0.4984559818091789,
0.0040354937290851016,0.0062736136176450505,0.004181021627303137,0.005572768721017049,0.9799371023049496,
0.982474122275737,0.0035833375254789458,0.002388099204869144,0.003183031741494399,0.008371409252420412,
0.33139854738930835,0.001610335752786209,0.001073201032126354,0.0014304401355260772,0.6644874756902531,
0.4048441990909097,0.002620234972943853,0.0017462438330090556,0.002327520371651076,0.5884618017314863,
0.0012408040488674204,0.0019289647563319522,0.0012855499009129007,0.9580607334480042,0.037483947845883415,
0.9800270085287731,0.0040836739226952695,0.0027215461503113524,0.003627474003056585,0.009540297395163705,
0.9834857920912464,0.003376491713226679,0.0022502477420198196,0.002999293318498325,0.007888175135008713,
0.0019471302298221882,0.003027025574863237,0.002017347603191039,0.985936745822194,0.007071750769929589,
0.0015468767375164678,0.9890962448305025,0.001602660177047219,0.002136141666128924,0.005618076588804854,
0.976785616722998,0.004746408256185124,0.003163222471225349,0.004216172222154544,0.011088580327437049,
0.001129099446032027,0.9020151267344175,0.0011698170088114994,0.09158519880569617,0.004100758005042745,
0.0021719238648536415,0.9846903599396194,0.0022502477420198196,0.002999293318498325,0.007888175135008713,
0.0013284199656546413,0.9553300160527551,0.0013763254212273413,0.0018344662958138403,0.040130772264549024,
0.11623186067441353,0.18069506060081045,0.12042341182663249,0.1605090531757146,0.4221406137224289,
0.0028239714838020746,0.004390170607609532,0.0029258094898193844,0.003899730989680949,0.9859603174290881,
0.982474122275737,0.0035833375254789458,0.002388099204869144,0.003183031741494399,0.008371409252420412,
0.004520312660037698,0.007027317340536447,0.00468332408933629,0.006242273855988994,0.9775267720541005,
0.0018513243988765608,0.0028780849975707148,0.0019180868241893505,0.002556565167765479,0.9907959386115979,
0.4800716216535559,0.0018673831441907032,0.0012445091119993807,0.41667981120619324,0.10013667488406093,
0.0019471302298221882,0.003027025574863237,0.002017347603191039,0.985936745822194,0.007071750769929589,
0.8864252935374046,0.005165564779988162,0.003442567454524391,0.004588503466541351,0.10037807076154158,
0.7007698112043607,0.0040836739226952695,0.0027215461503113524,0.003627474003056585,0.2887974947195762,
0.0040354937290851016,0.8643008651194094,0.004181021627303138,0.00557276872101705,0.12190985080318537,
0.0012831180641811213,0.0019947464922261274,0.001329389843443236,0.4109970255193159,0.5843957200808336,
0.0012831180641811213,0.0019947464922261274,0.001329389843443236,0.9907326098684415,0.004660135731708113,
0.003053120883893829,0.24817953221596115,0.0031632224712253485,0.24764929618193054,0.49795482824698906,
0.003644598161199773,0.19939466901563724,0.0037760295908724362,0.005032965975644076,0.7881517372566464,
0.004520312660037698,0.007027317340536447,0.00468332408933629,0.006242273855988994,0.9775267720541005,
0.982474122275737,0.0035833375254789458,0.002388099204869144,0.003183031741494399,0.008371409252420412,
0.001546876737516468,0.002404788017723373,0.0016026601770472192,0.12547257376772633,0.8689731012999866,
0.08362652161759083,0.11173123609577175,0.0010732010321263539,0.001430440135526077,0.8021386011189848,
0.0018513243988765608,0.0028780849975707148,0.0019180868241893505,0.199370993865483,0.7939815099138804,
0.0014293494930504237,0.7619933111715824,0.0014808946673232634,0.0019738437675825217,0.23312260090046127,
0.0012408040488674206,0.0019289647563319524,0.0012855499009129007,0.0017134741017197236,0.993831207192168,
0.0014293494930504237,0.6100390647657108,0.0014808946673232634,0.0019738437675825217,0.38507684730633296,
0.0012011917576475722,0.2253402504289479,0.03316920443839327,0.001658771963072655,0.7386305814119386,
0.0016854627088133565,0.9881193683514015,0.0017462438330090554,0.0023275203716510754,0.006121404735124944,
0.19866575309659404,0.05208169217200008,0.0019180868241893503,0.0025565651677654784,0.744777902739451,
0.0024553961327417515,0.003817180164116865,0.0025439425814489367,0.003390751091404038,0.9877927300302883,
0.982474122275737,0.0035833375254789458,0.002388099204869144,0.003183031741494399,0.008371409252420412,
0.0040354937290851016,0.0062736136176450505,0.004181021627303137,0.005572768721017049,0.9799371023049496,
0.0012408040488674204,0.0019289647563319522,0.9576328092471975,0.0017134741017197233,0.037483947845883415,
0.0033227427679312477,0.005165564779988161,0.0034425674545243905,0.9760013093129619,0.012067815684594231,
0.005137528619258636,0.9637861551072124,0.005322798078756774,0.007094611146682488,0.018658907048089604,
0.002171923864853642,0.17654952728259013,0.0022502477420198205,0.8111401259755278,0.007888175135008715,
8.684801770540243E-4,0.0013501468299037993,8.997992927051726E-4,0.0011993177267573822,0.9956822559735797,
9.817886360760633E-4,0.0015262971448929393,0.5489807979615332,0.0013557897419939954,0.44715532651550377,
0.002171923864853642,0.0033764917132266797,0.0022502477420198205,0.0029992933184983255,0.9892020433614015,
0.0012011917576475722,0.001867383144190703,0.0012445091119993807,0.001658771963072655,0.9940281440230897,
0.0018513243988765608,0.0028780849975707148,0.9859902303127769,0.002556565167765479,0.006723795123010504,
0.0016131987988917656,0.002507892870642742,0.9020425897632575,0.08797736795703036,0.00585895061017779,
0.001008093324228226,0.5910047926702402,0.4029337212769309,0.001392114899011081,0.0036612778295896796,
0.004520312660037698,0.36744338796283793,0.00468332408933629,0.006242273855988994,0.617110701431799,
0.0023049771622202187,0.12610448066466853,0.002388099204869144,0.7995704621462267,0.06963198082201522,
0.982474122275737,0.0035833375254789458,0.002388099204869144,0.003183031741494399,0.008371409252420412,
0.0012408040488674206,0.0019289647563319524,0.9906103009487937,0.0017134741017197236,0.004506456144287397,
0.003053120883893829,0.0858907829094438,0.814606969003812,0.004216172222154543,0.09223295498069572,
0.002171923864853642,0.0033764917132266797,0.9835641159684128,0.0029992933184983255,0.007888175135008715,
0.0011640304404844579,0.0018096118376157836,0.0012060076841224807,0.0016074544689019114,0.9942128955688755,
0.0012831180641811215,0.47942405125032955,0.0013293898434432363,0.069976093549242,0.4479873472928042,
0.0012408040488674206,0.0019289647563319524,0.0012855499009129007,0.0017134741017197236,0.993831207192168,
0.11623186067441353,0.18069506060081045,0.12042341182663249,0.1605090531757146,0.4221406137224289,
0.001685462708813357,0.6297560471228716,0.001746243833009056,0.13671376583234987,0.23009848050295628,
0.0016854627088133565,0.9881193683514015,0.0017462438330090554,0.0023275203716510754,0.006121404735124944,
0.001096203837102234,0.0017041680106187334,0.20507637411040755,0.0015137900998912373,0.7906094639419801,
0.0028239714838020746,0.004390170607609532,0.0029258094898193844,0.003899730989680949,0.9859603174290881,
0.0024553961327417515,0.003817180164116865,0.9814189591346144,0.003390751091404038,0.008917713477122837,
0.0040354937290851016,0.0062736136176450505,0.969461679566788,0.005572768721017049,0.0146564443654648,
0.004520312660037699,0.9681368390000072,0.004683324089336291,0.0062422738559889945,0.01641725039462987,
0.0012831180641811213,0.0019947464922261274,0.1036356694344654,0.001771907155227228,0.8913145588539001,
0.0015468767375164678,0.9068719567627709,0.001602660177047219,0.002136141666128924,0.08784236465653644,
0.001546876737516468,0.41352622835638136,0.0016026601770472192,0.002136141666128924,0.5811880930629261,
0.0024553961327417515,0.003817180164116865,0.0025439425814489367,0.003390751091404038,0.9877927300302883,
0.0014857926174244593,0.04179850585834069,0.0015393732425765339,0.9497801021200489,0.005396226161609453,
0.0024553961327417515,0.003817180164116865,0.0025439425814489367,0.003390751091404038,0.9877927300302883,
0.005137528619258637,0.007986846634037346,0.005322798078756775,0.007094611146682489,0.9744582155212648,
0.005137528619258636,0.007986846634037346,0.9611221065519319,0.007094611146682488,0.018658907048089604,
0.982474122275737,0.0035833375254789458,0.002388099204869144,0.003183031741494399,0.008371409252420412,
0.037975284654102694,0.0021407549412640055,0.0014266965187347102,0.36788407301243026,0.5905731908734684,
0.0012408040488674206,0.0019289647563319524,0.0012855499009129007,0.0017134741017197236,0.993831207192168,
0.002626817893329417,0.004083673922695269,0.002721546150311352,0.0036274740030565844,0.9869404880306073,
0.0014293494930504237,0.7619933111715824,0.0014808946673232634,0.19191665177492218,0.04317979289312163,
0.0024553961327417515,0.003817180164116865,0.0025439425814489367,0.003390751091404038,0.9877927300302883,
0.004520312660037698,0.007027317340536447,0.8456541555413731,0.006242273855988994,0.1365559406020637,
0.0284244249109205,0.04418885796046284,0.02944946598223458,0.03925238315074461,0.8586848679956374,
0.0016854627088133565,0.0026202349729438526,0.9424499620579004,0.0023275203716510754,0.0509168198886912,
0.0018513243988765608,0.10128529934642946,0.8875830159639181,0.002556565167765479,0.006723795123010504,
0.9462616802865371,0.010987326319117925,0.007322454292891731,0.009759897910603527,0.025668641190849648,
0.0040354937290851016,0.0062736136176450505,0.004181021627303137,0.005572768721017049,0.9799371023049496,
0.0023049771622202187,0.0035833375254789458,0.4312121001920327,0.003183031741494399,0.5597165533787736,
