0.19242582390312116,0.25026884986275827,0.13328145486644138,0.1455118005168483,0.2785120708508309,
0.004231999474385572,0.00550413463011861,0.06405668856557338,0.0032002246414401963,0.9230069526884822,
0.1121804526714011,0.0032911987660678185,0.001752738145545098,0.0019135751755441405,0.8808620352414418,
0.00201499028736871,0.6429038305724056,0.23422589031393828,0.05973128711685046,0.06112400170943712,
0.86211621322535,0.009620562931358729,0.005123460729646538,0.005593606375285351,0.1175461567383595,
0.9719526842230256,0.008691919168548208,0.004628908603691167,0.00505367251600002,0.009672815488735043,
0.004231999474385572,0.00550413463011861,0.002931244026914494,0.0032002246414401963,0.9841323972271411,
0.010886296767030798,0.9575847169037432,0.007540263784699677,0.00823218324547188,0.015756539299054413,
0.004821422684139129,0.9812147314692165,0.0033395009922974413,0.0036459446117537483,0.00697840024259332,
0.0029638380471690012,0.9884522687087818,0.0020528671199250073,0.002241244973964774,0.004289781150159503,
0.005182313039156329,0.38099723303524885,0.003589467397992425,0.0039188487588299546,0.6063121377687725,
0.004821422684139128,0.006270737915453667,0.49081149776917876,0.142923657976577,0.3551726836546514,
0.005601600840368065,0.7354526051972308,0.0038798820991989866,0.004235912870348514,0.2508299989928538,
0.010886296767030798,0.9575847169037432,0.007540263784699677,0.00823218324547188,0.015756539299054413,
0.07446027936655075,0.8419370181043931,0.07297835767470907,0.0036459446117537483,0.00697840024259332,
0.001348032172184299,0.021223730504279732,0.09828610392232853,0.7993091027333705,0.07983303066783705,
0.006683011921876847,0.2982728208588928,0.004628908603691166,0.680742443126804,0.009672815488735042,
0.005182313039156329,0.3809972330352489,0.0035894673979924253,0.6027302430875777,0.007500743440024743,
0.28919938541517387,0.7044065040452688,0.0015291731752282262,0.0016694951465866027,0.0031954422177423907,
0.0028421688158188465,0.9889263174144398,0.001968594376080634,0.0021492390853467508,0.004113680308313968,
0.14409913604896238,0.1455484512802769,0.0033395009922974413,0.142923657976577,0.5640892537018862,
0.6137955637338175,0.0019013285300690118,0.06435742156489423,0.001105474124870561,0.3188402120463489,
0.7429260869188499,0.25000341088350675,0.0016909345293829126,0.0018461002558321396,0.003533467412428347,
0.984991344340307,0.004651212360568286,0.0024770176178508293,0.0027043169197591183,0.0051761087615148,
0.6223027822620616,0.007926771915609568,0.00422142705289231,0.004608799114868889,0.36094021965456763,
0.9652426389138989,0.010771375609513802,0.005736329602889713,0.00626271411661149,0.011986941757086143,
0.5904526830529724,0.39649258753119965,0.0031220827211300333,0.003408575323321741,0.006524071371376226,
0.9880719640783832,0.003696522151875494,0.001968594376080634,0.0021492390853467508,0.004113680308313968,
0.9689561118487551,0.009620562931358729,0.005123460729646538,0.005593606375285351,0.010706258114954398,
0.9797654162379019,0.006270737915453668,0.0033395009922974413,0.0036459446117537483,0.00697840024259332,
0.9719526842230256,0.008691919168548208,0.004628908603691167,0.00505367251600002,0.009672815488735043,
0.9764911585580046,0.007285436909003338,0.0038798820991989866,0.004235912870348514,0.008107609563444666,
0.929707043929732,0.004904549137531939,0.0026119329068426747,0.002851612480406524,0.059924861545486874,
0.9744216817140181,0.007926771915609568,0.00422142705289231,0.004608799114868889,0.008821320202611239,
0.9822391120929278,0.005504134630118611,0.0029312440269144945,0.0032002246414401967,0.006125284608598917,
0.9744216817140181,0.007926771915609568,0.00422142705289231,0.004608799114868889,0.008821320202611239,
0.9764911585580046,0.007285436909003338,0.0038798820991989866,0.004235912870348514,0.008107609563444666,
0.002441295905036447,0.0031751472122355973,0.21325801767618674,0.0018461002558321394,0.7792794389507091,
0.003988217883348844,0.12039577824182691,0.002762391611661804,0.003015877771955176,0.8698377344912072,
0.5342730573990725,0.007926771915609568,0.00422142705289231,0.4447574234298144,0.008821320202611239,
0.005601600840368065,0.9781749946266398,0.0038798820991989866,0.004235912870348514,0.008107609563444666,
0.0029638380471690012,0.1750891135061516,0.0020528671199250073,0.002241244973964774,0.8176529363527897,
0.003576207630799991,0.004651212360568285,0.002477017617850829,0.002704316919759118,0.9865912454710217,
0.005182313039156329,0.5307000816174358,0.003589467397992425,0.45302739450539076,0.007500743440024742,
0.0030963901339636853,0.1829196450672266,0.002144677743963041,0.002341480443511059,0.8094978066113357,
0.00828185700045089,0.010771375609513802,0.005736329602889713,0.00626271411661149,0.9689477236705342,
0.004821422684139129,0.006270737915453668,0.0033395009922974413,0.0036459446117537483,0.981922393796356,
0.00828185700045089,0.010771375609513802,0.005736329602889713,0.00626271411661149,0.9689477236705342,
0.19242582390312116,0.25026884986275827,0.13328145486644138,0.1455118005168483,0.2785120708508309,
0.19242582390312116,0.25026884986275827,0.13328145486644138,0.1455118005168483,0.2785120708508309,
0.012917398365503168,0.7630969683995007,0.195521235100488,0.00976809586172842,0.018696302272779672,
0.19973694638210657,0.20174585362877795,0.29420981029403576,0.2946345742063446,0.009672815488735042,
0.005182313039156329,0.006740111579781538,0.9766579831822075,0.0039188487588299546,0.007500743440024743,
0.0022804716593162813,0.9581765124613772,0.034517835776585994,0.0017244854689660728,0.003300694633754436,
0.005601600840368064,0.25000782633841245,0.003879882099198986,0.004235912870348514,0.736274777851672,
0.0035762076307999918,0.6761457795828626,0.0024770176178508293,0.0027043169197591183,0.31509667824872756,
0.006094708221137954,0.007926771915609568,0.00422142705289231,0.004608799114868889,0.9771482936954913,
0.0018048754975895267,0.0023474194147383234,0.0012501255148198566,0.0013648411530004351,0.9932327384198518,
0.0018048754975895267,0.0023474194147383234,0.0012501255148198566,0.0013648411530004351,0.9932327384198518,
0.012917398365503168,0.0168003564520589,0.00894708211362752,0.00976809586172842,0.9515670672070821,
0.004231999474385572,0.00550413463011861,0.002931244026914494,0.0032002246414401963,0.9841323972271411,
0.035218765904676264,0.002965979345937696,0.001579541531226005,0.0017244854689660726,0.958511227749194,
0.003096390133963685,0.004027162164801904,0.9860533337072988,0.0023414804435110586,0.0044816335504245155,
0.0030963901339636853,0.8984895766769254,0.002144677743963041,0.002341480443511059,0.09392787500163687,
0.002842168815818846,0.0036965221518754938,0.0019685943760806334,0.9873790343479111,0.004113680308313967,
0.002963838047169001,0.0038547650424400133,0.0020528671199250073,0.9440301615243786,0.047098368266087404,
0.002139526924543325,0.0027826667533222766,0.0014819178395339687,0.86688903229165,0.1267068561909503,
0.27875751696060835,0.0035507590833458473,0.0018909678002999013,0.711849288500313,0.0039514676554327725,
0.6292200802924501,0.3618121279696513,0.0021446777439630407,0.0023414804435110586,0.0044816335504245155,
0.005601600840368065,0.007285436909003338,0.0038798820991989866,0.9751254705879849,0.008107609563444666,
0.05522963587866878,0.004651212360568286,0.0024770176178508293,0.6225454558941846,0.31509667824872756,
0.002358144930924269,0.003067001131663273,0.0016333409976082348,0.9895283960578998,0.0034131168819044083,
0.009407140007606998,0.012234917655267762,0.006515743474105662,0.9582265521106305,0.013615646752389087,
0.010886296767030798,0.6431093804619145,0.007540263784699677,0.32270751968730066,0.015756539299054413,
0.002441295905036447,0.0384363277367029,0.0016909345293829123,0.9538979744164494,0.0035334674124283465,
0.29626391361222143,0.008691919168548206,0.004628908603691166,0.680742443126804,0.009672815488735042,
0.6835617134179384,0.30960860695081965,0.0016333409976082348,0.0017832217517292572,0.0034131168819044083,
0.9797654162379019,0.006270737915453668,0.0033395009922974413,0.0036459446117537483,0.00697840024259332,
0.8104491579593622,0.1780001311043993,0.002762391611661804,0.003015877771955176,0.0057724415526215,
0.9832622165470795,0.005187072516682154,0.0027623916116618044,0.0030158777719551766,0.005772441552621501,
0.9917826298068423,0.0025465794325887463,0.0013561888021402207,0.0014806371571946236,0.0028339648012342083,
0.6586782261184747,0.1446664598923312,0.002245084949184668,0.002451101344868299,0.19195912769514104,
0.006683011921876849,0.7809076570094673,0.10115587583380604,0.00505367251600002,0.10619978271884992,
0.2483239902697772,0.007285436909003338,0.0038798820991989866,0.7324030811585758,0.008107609563444666,
0.10822483747843836,0.0736975082611702,0.0016909345293829123,0.0018461002558321394,0.8145406194751763,
0.3550531011497095,0.0031751472122355973,0.0016909345293829123,0.38971908602497246,0.25036173108369947,
0.2344056293336384,0.2932088368295441,0.0027623916116618044,0.3486419949473895,0.12098114727776628,
0.005182313039156329,0.38099723303524885,0.003589467397992425,0.0039188487588299546,0.6063121377687725,
0.2282036334843561,0.002546579432588746,0.0013561888021402205,0.7367789299121812,0.03111466836873369,
0.0018048754975895267,0.1848301263630357,0.0012501255148198566,0.8095025433526031,0.002612329271951889,
0.9159777714851712,0.005862481412561028,0.0031220827211300333,0.06851359300976151,0.006524071371376226,
0.0027300950256853736,0.0035507590833458473,0.0018909678002999013,0.9878767104352361,0.0039514676554327725,
0.04389341028509236,0.9478750759451663,0.001968594376080634,0.0021492390853467508,0.004113680308313968,
0.18755476880728644,0.002782666753322277,0.0014819178395339692,0.8050839516640692,0.0030966949357882187,
0.005182313039156329,0.006740111579781537,0.003589467397992425,0.9769873645430449,0.007500743440024742,
0.004821422684139129,0.9812147314692165,0.0033395009922974413,0.0036459446117537483,0.00697840024259332,
0.5098916930083515,0.0022877793896074537,0.0012183640338282252,0.4840562047890888,0.002545958779124264,
0.002441295905036447,0.0031751472122355973,0.03695211505385022,0.6012861691717764,0.3561452726571014,
0.18215415794711617,0.007926771915609568,0.09225115191588142,0.7088465980187816,0.008821320202611239,
0.002963838047169001,0.26070628773800736,0.0020528671199250073,0.7299872259447391,0.004289781150159502,
0.002730095025685374,0.6344705806488843,0.0018909678002999018,0.35695688886969784,0.003951467655432773,
0.7994067335809059,0.0028714003173873712,0.0015291731752282265,0.12922133218801962,0.0669713607384589,
0.002075392038409457,0.0026992529793119697,0.001437495574589327,0.001569404907105058,0.9922184545005841,
0.19242582390312116,0.25026884986275827,0.13328145486644138,0.1455118005168483,0.2785120708508309,
0.003770992311589969,0.004904549137531939,0.6017470251303464,0.002851612480406524,0.38672582094012525,
0.0021395269245433252,0.002782666753322277,0.06328699846711502,0.12522806476067763,0.8065627430943418,
0.004821422684139129,0.006270737915453668,0.9782834945460602,0.0036459446117537487,0.0069784002425933205,
0.003576207630799991,0.004651212360568285,0.002477017617850829,0.002704316919759118,0.9865912454710217,
0.6022840576701596,0.08947193927429581,0.0020528671199250073,0.0022412449739647737,0.3039498909616548,
0.003096390133963685,0.004027162164801904,0.0021446777439630407,0.0023414804435110586,0.9883902895137603,
0.004507523875014449,0.0709674990990008,0.9145923303312868,0.0034085753233217414,0.006524071371376227,
0.00828185700045089,0.9677321575229618,0.005736329602889713,0.00626271411661149,0.011986941757086143,
0.002963838047169001,0.0038547650424400133,0.9866503707862666,0.0022412449739647737,0.004289781150159502,
0.9526349447884811,0.0018620122268448002,0.042348285077752686,0.0010826147635279143,0.002072143143393582,
0.002441295905036447,0.10895868878563751,0.706914545018729,0.0018461002558321394,0.17983937003476486,
0.0027300950256853736,0.7133355583445765,0.0018909678002999016,0.0020644892390824596,0.27997888959035583,
0.015880240851621853,0.020653826668711104,0.010999259670049546,0.01200858799557009,0.9404580848140475,
0.24898254675629597,0.004422761563491069,0.6899849262099188,0.0025714906138467187,0.05403827485644747,
0.0032413535815036493,0.19148337935925772,0.0022450849491846684,0.0024511013448682995,0.8005790807651857,
0.003096390133963685,0.04875028289040807,0.04686779846956921,0.0023414804435110586,0.8989440480625479,
0.002530525211335048,0.03984117458608983,0.9520521094661174,0.0019135751755441405,0.0036626155609134387,
0.005182313039156329,0.006740111579781537,0.003589467397992425,0.07877027304992341,0.9057178349331463,
0.006683011921876849,0.008691919168548208,0.004628908603691167,0.00505367251600002,0.9749424877898838,
0.003096390133963685,0.004027162164801904,0.0021446777439630407,0.0023414804435110586,0.9883902895137603,
0.004821422684139129,0.9812147314692165,0.0033395009922974413,0.0036459446117537483,0.00697840024259332,
0.004821422684139129,0.9812147314692165,0.0033395009922974413,0.0036459446117537483,0.00697840024259332,
0.3454325349745922,0.6459835717813585,0.0020528671199250073,0.0022412449739647737,0.004289781150159502,
0.007397024238109178,0.33014025880157394,0.0051234607296465375,0.00559360637528535,0.6517456498553849,
0.0035762076307999918,0.9860663490700753,0.0024770176178508293,0.0027043169197591183,0.0051761087615148,
0.003400557193787894,0.004422761563491068,0.9846833136849283,0.0025714906138467183,0.0049218769439458515,
0.003988217883348844,0.005187072516682153,0.9820363902753922,0.003015877771955176,0.0057724415526215,
0.003400557193787894,0.004422761563491068,0.0023553554348961906,0.0025714906138467183,0.987249835193978,
0.0018531861292091145,0.0024102521778588534,0.45631815263533365,0.0014013735001068795,0.5380170355574914,
0.0029638380471690012,0.21789770062207953,0.0020528671199250073,0.002241244973964774,0.7748443492368617,
0.006683011921876849,0.008691919168548208,0.004628908603691167,0.00505367251600002,0.9749424877898838,
0.004507523875014449,0.0709674990990008,0.8494873126448471,0.0034085753233217414,0.07162908905781601,
0.0020753920384094567,0.0026992529793119693,0.9007234834930283,0.0015694049071050577,0.09293246658214505,
0.002963838047169001,0.08947193927429581,0.9010331965544108,0.0022412449739647737,0.004289781150159502,
0.004231999474385573,0.9835112472486609,0.0029312440269144945,0.0032002246414401967,0.006125284608598917,
0.009407140007607,0.14810818944622542,0.006515743474105663,0.8223532803196729,0.013615646752389089,
0.4759199611998391,0.5161731141053457,0.0018909678002999013,0.0020644892390824596,0.0039514676554327725,
0.004507523875014448,0.39649258753119965,0.0031220827211300333,0.003408575323321741,0.5924692305493342,
0.003096390133963685,0.004027162164801904,0.0021446777439630407,0.09178772189472341,0.8989440480625479,
0.0032413535815036484,0.004215701491551689,0.002245084949184668,0.002451101344868299,0.9878467586328916,
0.0027300950256853736,0.0035507590833458473,0.0018909678002999013,0.0020644892390824596,0.9897636888515864,
0.003988217883348845,0.9844610711804127,0.0027623916116618044,0.0030158777719551766,0.005772441552621501,
0.005601600840368065,0.9781749946266398,0.0038798820991989866,0.004235912870348514,0.008107609563444666,
0.003770992311589969,0.2772386819663973,0.0026119329068426747,0.002851612480406524,0.7135267803347637,
0.005601600840368065,0.8972675314835035,0.0038798820991989866,0.004235912870348514,0.08901507270658104,
0.06159257074592122,0.005187072516682153,0.9244320374128198,0.003015877771955176,0.0057724415526215,
0.7076649063943826,0.0031751472122355977,0.0016909345293829126,0.0018461002558321396,0.28562291160816683,
0.0019580049443602447,0.42675713294508116,0.5386895565846306,0.001480637157194624,0.0311146683687337,
0.006683011921876849,0.973961591469697,0.004628908603691167,0.00505367251600002,0.009672815488735043,
0.0032413535815036484,0.05103262095847819,0.9385834742877147,0.002451101344868299,0.004691449827435017,
0.0032413535815036484,0.004215701491551689,0.9854003937546413,0.002451101344868299,0.004691449827435017,
0.012917398365503164,0.016800356452058896,0.9418178470479297,0.009768095861728419,0.01869630227277967,
0.05091535617501155,0.06622046548538199,0.03526591498168723,0.03850203159172957,0.8090962317661897,
0.012917398365503164,0.016800356452058896,0.9418178470479297,0.009768095861728419,0.01869630227277967,
0.8104491579593622,0.005187072516682153,0.17557545019937895,0.003015877771955176,0.0057724415526215,
0.006683011921876847,0.2982728208588928,0.004628908603691166,0.680742443126804,0.009672815488735042,
0.05091535617501155,0.06622046548538199,0.03526591498168723,0.03850203159172957,0.8090962317661897,
0.004821422684139129,0.9812147314692165,0.0033395009922974413,0.0036459446117537483,0.00697840024259332,
0.3182436184722195,0.026801166228250777,0.014273044483871868,0.015582786095683613,0.6250993847199743,
0.005601600840368065,0.7354526051972308,0.0038798820991989866,0.004235912870348514,0.2508299989928538,
0.003988217883348844,0.005187072516682153,0.3483885087870961,0.6366637592602513,0.0057724415526215,
0.007397024238109179,0.9711796505420046,0.005123460729646538,0.005593606375285351,0.010706258114954398,
