0.1457354257910742,0.1215661927071017,0.16574565033767277,0.290602168019424,0.2763505631447273,
0.003786717595269216,0.0031587161351818984,0.004306653423943575,0.007550863744276593,0.9811970491013287,
0.0022679894468318642,0.001891858761551179,0.002579396078775167,0.004522460113708883,0.9887382955991328,
0.0018068395905895401,0.0015071874849106291,0.002054927972196995,0.8459692519828591,0.14866179296944382,
0.00659858890153718,0.00550425763430501,0.007504609142626284,0.9678799808936487,0.012512563427882968,
0.005965741615597357,0.004976363783519426,0.7740365285371408,0.20370883826827182,0.011312527795470565,
0.003786717595269216,0.06403474688803662,0.30868680718821717,0.6163111712728239,0.007180557055653023,
0.00967876641387944,0.008073608572863242,0.011007710891342695,0.9528865691167244,0.01835334500519004,
0.0043116726260255655,0.003596610930390967,0.00490368748411423,0.9790120267840885,0.008176002175380802,
0.47220240077753556,0.0022148830952422724,0.0030198135753691517,0.5175279156279416,0.005034986923911303,
0.004632796355495854,0.15282000330308043,0.005268903155533853,0.08371574047144427,0.7535625567144456,
0.8360954286877609,0.0035966109303909675,0.004903687484114231,0.008597644712064057,0.14680662818567003,
0.32688987227675387,0.004175457172028419,0.005692897416820401,0.5732788402504485,0.08996293288394885,
0.00967876641387944,0.008073608572863242,0.011007710891342695,0.9528865691167244,0.01835334500519004,
0.0043116726260255655,0.003596610930390967,0.00490368748411423,0.008597644712064055,0.9785903842474052,
0.0012095584615899103,0.7010327115309398,0.13749136626305833,0.021857011291976473,0.13840935245243538,
0.005965741615597357,0.004976363783519426,0.10269132614897805,0.8750540406564347,0.011312527795470565,
0.07911055877464668,0.3017755281413821,0.005268903155533852,0.6050600774055,0.008784932522937272,
0.2883588557832107,0.0016510633688900029,0.034071039474409814,0.6721657586423299,0.0037532827311595835,
0.002546534362130941,0.8618347378858104,0.002896186645542942,0.08695508286239874,0.045767458244116904,
0.0043116726260255655,0.003596610930390967,0.00490368748411423,0.008597644712064055,0.9785903842474052,
0.0013115731692004253,0.0010940576443304862,0.6973003895545805,0.002615328458518796,0.2976786511733697,
0.002188206026740197,0.0018253068811895732,0.6356933510907208,0.3561437538968689,0.004149382104480572,
0.0032019513320010896,0.002670929395182414,0.9816706074612328,0.006384816827626744,0.006071694983957054,
0.005443659515697605,0.09205422650683981,0.35624454617901496,0.18588159315708896,0.36037597464135873,
0.007381634433519174,0.006157440369543488,0.9577442437186899,0.014719269239194732,0.013997412239052667,
0.00403218075490594,0.0681856165798542,0.00458581993961461,0.8507282208672226,0.07246816185840273,
0.002546534362130941,0.002124208889648206,0.944483908879435,0.005077889624668985,0.045767458244116904,
0.00659858890153718,0.00550425763430501,0.9622267443700836,0.013157845666191196,0.012512563427882968,
0.0043116726260255655,0.003596610930390967,0.9753180695561386,0.008597644712064055,0.008176002175380802,
0.005965741615597357,0.004976363783519426,0.6781300710531176,0.29961529575229506,0.011312527795470565,
0.005005602423562681,0.004175457172028419,0.9713457069763938,0.009981368007364,0.009491865420651079,
0.0033757170815325874,0.002815877272328794,0.9806758950803405,0.006731312563082071,0.006401198002716108,
0.005443659515697605,0.0045408654630470354,0.9688380734855643,0.010854871069503407,0.010322530466187608,
0.003786717595269217,0.003158716135181899,0.9174471147167645,0.007550863744276594,0.06805658780850775,
0.005443659515697605,0.0045408654630470354,0.9688380734855643,0.010854871069503407,0.010322530466187608,
0.005005602423562681,0.08464652463532621,0.890874639513096,0.009981368007364,0.009491865420651079,
0.17807839855633095,0.001825306881189573,0.0024886579841939993,0.004363368837687354,0.8132442677405981,
0.003569425159490085,0.0029774601778308667,0.004059525617604296,0.23664875016313958,0.7527448388819351,
0.005443659515697605,0.2670809485944254,0.09370446304763666,0.6234483983760528,0.010322530466187608,
0.005005602423562681,0.9698282667316019,0.005692897416820402,0.009981368007364001,0.00949186542065108,
0.21608576544300515,0.0022148830952422724,0.0030198135753691517,0.7736445509624721,0.005034986923911303,
0.0032019513320010896,0.002670929395182414,0.003641595740989713,0.8814634062615283,0.10902211727029842,
0.004632796355495854,0.9720753899137398,0.005268903155533854,0.00923797805229343,0.008784932522937276,
0.09195254379703098,0.002313643527862202,0.003154465420324595,0.005530730298026246,0.8970486169567559,
0.007381634433519174,0.006157440369543488,0.12706380496654177,0.1333879033466445,0.7260092168837512,
0.0043116726260255655,0.003596610930390967,0.21284962649954803,0.008597644712064055,0.7706444452319714,
0.007381634433519174,0.006157440369543488,0.008395170859092024,0.014719269239194732,0.9633464850986506,
0.1457354257910742,0.1215661927071017,0.16574565033767277,0.290602168019424,0.2763505631447273,
0.1457354257910742,0.1215661927071017,0.16574565033767277,0.290602168019424,0.2763505631447273,
0.011462270322256942,0.7466403473778753,0.013036099071973483,0.022856217614842824,0.2060050656130516,
0.005965741615597358,0.9640409386237522,0.006784868664954785,0.011895923300225292,0.011312527795470567,
0.004632796355495854,0.7486421026562872,0.005268903155533854,0.00923797805229343,0.2322182197803898,
0.0020443720307069357,0.9219458890744313,0.0023250748397128777,0.0040765581953519404,0.06960810585979695,
0.005005602423562681,0.004175457172028419,0.005692897416820401,0.009981368007364,0.9751446749802245,
0.0032019513320010896,0.002670929395182414,0.003641595740989713,0.932938617404699,0.057546906127127734,
0.005443659515697605,0.0045408654630470354,0.00619110200384388,0.010854871069503407,0.9729695019479081,
0.027642244957580477,0.0013502983926709817,0.0018410224114067503,0.029251354569606643,0.9399150796687352,
0.027642244957580477,0.0013502983926709817,0.027864508840659864,0.0032278681403535266,0.9399150796687352,
0.01146227032225694,0.009561330440369307,0.013036099071973482,0.02285621761484282,0.9430840825505574,
0.003786717595269217,0.003158716135181899,0.004306653423943577,0.9815673557899522,0.0071805570556530245,
0.0020443720307069357,0.0017053267789961717,0.0023250748397128772,0.10267376129843427,0.8912514650521497,
0.9837416665012906,0.0023136435278622025,0.0031544654203245954,0.005530730298026247,0.005259494252496417,
0.047363087661818015,0.002313643527862202,0.003154465420324595,0.005530730298026246,0.9416380730919689,
0.002546534362130941,0.7799575446480808,0.002896186645542942,0.20977087271899333,0.004828861625252039,
0.002655235997563065,0.8559370008770105,0.0030198135753691517,0.09066685673705754,0.047721092812999716,
0.0019182806276076434,0.6492120846554094,0.002181670437555761,0.3430504277722162,0.0036375365072111453,
0.0024463828802222267,0.8279400347774476,0.1600964491683853,0.004878183632697244,0.004638949541247633,
0.0027736315266050416,0.0023136435278622025,0.3598701145020284,0.629783116191008,0.005259494252496417,
0.005005602423562681,0.6479439968784108,0.005692897416820402,0.3318656378605552,0.00949186542065108,
0.0032019513320010896,0.5174230408268893,0.003641595740989713,0.10933523911396811,0.36639817298615185,
0.20600942942147815,0.783363018102389,0.002404086921884377,0.00421509023122732,0.004008375323021162,
0.00837554944619902,0.8148685872389562,0.009525555522002769,0.01670117484618069,0.15052913294666143,
0.00967876641387944,0.008073608572863242,0.011007710891342695,0.9528865691167244,0.01835334500519004,
0.002188206026740197,0.9868103850468979,0.0024886579841939998,0.004363368837687354,0.004149382104480572,
0.005965741615597358,0.9640409386237522,0.006784868664954785,0.011895923300225292,0.011312527795470567,
0.0021138451023347197,0.0017632782123392563,0.5461256451062668,0.37802366148299027,0.07197357009606896,
0.0043116726260255655,0.003596610930390967,0.9753180695561386,0.008597644712064055,0.008176002175380802,
0.003569425159490085,0.0029774601778308667,0.4631218777731437,0.5235627202603518,0.006768516629183633,
0.003569425159490085,0.06036025419727329,0.8074186418897982,0.12188316212425475,0.006768516629183633,
0.0017558375741781572,0.3684182000617519,0.6229952490851444,0.0035012091464818695,0.0033295041324435753,
0.002903078204878567,0.002421622351479551,0.7033586888524254,0.005788852063170213,0.2855277585280463,
0.10187219909962063,0.004976363783519426,0.006784868664954783,0.8750540406564347,0.011312527795470565,
0.08547666988686048,0.004175457172028419,0.005692897416820401,0.8951631101036397,0.009491865420651079,
0.002188206026740197,0.001825306881189573,0.0024886579841939993,0.4264998309087052,0.566997998199171,
0.002188206026740197,0.4239617689522074,0.0024886579841939998,0.004363368837687354,0.5669979981991711,
0.0609522191789325,0.06036025419727328,0.17620790767593153,0.6957111023186789,0.006768516629183632,
0.004632796355495854,0.0038644784647787465,0.005268903155533853,0.679537839824651,0.30669598219954064,
0.029983034209127676,0.6506901664112472,0.001996923116255132,0.20109158559112847,0.11623829067224165,
0.027642244957580473,0.0013502983926709814,0.0018410224114067501,0.9660968660227186,0.003069568215623213,
0.00403218075490594,0.0033634708926810843,0.06940796562678772,0.9155503665543957,0.007646016171229624,
0.0024463828802222267,0.0020406668525386387,0.0027822838493550147,0.673463386238576,0.3192672801793082,
0.002546534362130941,0.002124208889648206,0.002896186645542942,0.946665611858561,0.045767458244116904,
0.001918280627607643,0.0016001467808956942,0.00218167043755576,0.9906623656467297,0.003637536507211145,
0.004632796355495854,0.0038644784647787465,0.005268903155533853,0.9774488895012543,0.008784932522937274,
0.0043116726260255655,0.003596610930390967,0.14353431349440343,0.8403814007737993,0.008176002175380802,
0.0015777012414802856,0.00131605017870523,0.25542874034590496,0.7386857948314164,0.0029917134024932167,
0.0021882060267401976,0.0018253068811895734,0.002488657984194,0.6727461004501323,0.320751728657744,
0.005443659515697605,0.0045408654630470354,0.00619110200384388,0.973501842551224,0.010322530466187608,
0.002655235997563065,0.0022148830952422724,0.0030198135753691517,0.9443889745188258,0.047721092812999716,
0.0024463828802222267,0.0020406668525386382,0.0027822838493550143,0.9880917168766364,0.004638949541247633,
0.0019793202181873828,0.0016510633688900029,0.988669491357821,0.0039468423239420874,0.0037532827311595835,
0.0018608931689726052,0.0015522766435043976,0.002116403385285802,0.09345896840846071,0.9010114583937764,
0.1457354257910742,0.1215661927071017,0.16574565033767277,0.290602168019424,0.2763505631447273,
0.8174062792960807,0.002815877272328794,0.003839220422882777,0.006731312563082071,0.16920731044562573,
0.09443427175253814,0.0016001467808956942,0.00218167043755576,0.0038251269808043113,0.8979587840482061,
0.9747260546980501,0.0035966109303909675,0.004903687484114231,0.008597644712064057,0.008176002175380804,
0.0032019513320010887,0.0026709293951824135,0.0036415957409897124,0.006384816827626743,0.9841007067041999,
0.002655235997563065,0.0022148830952422724,0.5152530842444301,0.43215570384976487,0.047721092812999716,
0.18113145606745693,0.046903099663075175,0.003154465420324595,0.05012018643323922,0.7186907924159041,
0.9115422203753296,0.0033634708926810848,0.004585819939614611,0.008040326933972086,0.07246816185840274,
0.007381634433519174,0.36216334269189276,0.008395170859092024,0.6080624397764435,0.013997412239052667,
0.8563773537793313,0.0022148830952422724,0.0030198135753691517,0.0052946449588807095,0.13309330459117655,
0.41427872050379977,0.00107146566955915,0.4144550875361499,0.16775901505713595,0.002435711233355223,
0.9168172071806122,0.0018253068811895732,0.0024886579841939998,0.004363368837687354,0.07450545911631688,
0.0024463828802222267,0.0020406668525386382,0.0027822838493550143,0.9880917168766364,0.004638949541247633,
0.014051545080933892,0.23761664555274753,0.015980894590635335,0.02801933327038838,0.704331581505295,
0.6884184236254233,0.002540173431457849,0.0034633205827368447,0.2998036286028314,0.005774453757550659,
0.0029030782048785667,0.0024216223514795508,0.0033016857942181404,0.005788852063170212,0.9855847615862534,
0.002773631526605041,0.002313643527862202,0.1815122899611765,0.005530730298026246,0.8078697046863299,
0.950244961009043,0.0018918587615511793,0.002579396078775167,0.004522460113708884,0.040761324036921766,
0.004632796355495854,0.0038644784647787465,0.005268903155533853,0.00923797805229343,0.9769958439718981,
0.005965741615597357,0.004976363783519426,0.006784868664954783,0.01189592330022529,0.9703771026357031,
0.002773631526605041,0.002313643527862202,0.003154465420324595,0.005530730298026246,0.9862275292271818,
0.0043116726260255655,0.003596610930390967,0.00490368748411423,0.9790120267840885,0.008176002175380802,
0.0043116726260255655,0.003596610930390967,0.00490368748411423,0.07791295771720866,0.9092750712422606,
0.002655235997563065,0.0022148830952422724,0.5579391901335184,0.43215570384976487,0.005034986923911303,
0.00659858890153718,0.00550425763430501,0.007504609142626284,0.013157845666191196,0.9672346986553403,
0.4664788516205373,0.0026709293951824144,0.0036415957409897137,0.0063848168276267455,0.520823806415664,
0.9821498055790111,0.002540173431457849,0.0034633205827368447,0.006072246649243523,0.005774453757550659,
0.8643113354511265,0.0029774601778308667,0.004059525617604296,0.12188316212425475,0.006768516629183633,
0.0030451990670516205,0.0025401734314578484,0.0034633205827368442,0.006072246649243522,0.9848790602695101,
0.40244405230070507,0.0013863767491893424,0.0018902123262267184,0.003314112912763849,0.5909652457111152,
0.0026552359975630644,0.0022148830952422724,0.0030198135753691513,0.005294644958880709,0.9868154223729447,
0.005965741615597357,0.004976363783519426,0.006784868664954783,0.8750540406564347,0.10721898527949382,
0.9115422203753296,0.0033634708926810848,0.004585819939614611,0.07286247262114522,0.0076460161712296245,
0.9890919102063787,0.0015522766435043976,0.002116403385285802,0.0037106941323328973,0.0035287156324982734,
0.8563773537793313,0.0022148830952422724,0.0030198135753691517,0.0052946449588807095,0.13309330459117655,
0.003786717595269217,0.003158716135181899,0.7348190224582003,0.2510549867556955,0.0071805570556530245,
0.008375549446199018,0.814868587238956,0.009525555522002767,0.15134818583423343,0.015882121958608695,
0.0024463828802222267,0.0020406668525386382,0.23875353182790043,0.752120468898091,0.004638949541247633,
0.13367647212925218,0.7164070734515854,0.004585819939614611,0.008040326933972086,0.13729030754557586,
0.002773631526605041,0.002313643527862202,0.003154465420324595,0.005530730298026246,0.9862275292271818,
0.0029030782048785667,0.0024216223514795508,0.04997215266476528,0.005788852063170212,0.9389142947157063,
0.0024463828802222263,0.0020406668525386382,0.0027822838493550143,0.004878183632697243,0.9878524827851868,
0.29048339525670225,0.0029774601778308667,0.004059525617604296,0.007117574085369895,0.6953620448624928,
0.005005602423562681,0.004175457172028419,0.005692897416820401,0.3318656378605551,0.6532604051270333,
0.0033757170815325874,0.002815877272328794,0.003839220422882777,0.38661224159653784,0.603356943626718,
0.005005602423562681,0.004175457172028419,0.005692897416820401,0.9756341775669375,0.009491865420651079,
0.806928541431684,0.0029774601778308667,0.004059525617604296,0.06450036810481233,0.12153410466806848,
0.0021882060267401976,0.0018253068811895734,0.3190910045374574,0.3209657153909508,0.35592976716366215,
0.7356629500828655,0.001464643807408322,0.001996923116255132,0.25754597886102754,0.003329504132443576,
0.005965741615597357,0.004976363783519426,0.006784868664954783,0.9709604981404579,0.011312527795470565,
0.9363124156158216,0.002421622351479551,0.003301685794218141,0.005788852063170213,0.05217542417531053,
0.9829828824863687,0.002421622351479551,0.003301685794218141,0.005788852063170213,0.005504957304763384,
0.01146227032225694,0.009561330440369307,0.013036099071973482,0.02285621761484282,0.9430840825505574,
0.04359587503722537,0.03636579450220851,0.7504378350032717,0.086931888617692,0.08266860683960256,
0.9328110414941392,0.009561330440369307,0.013036099071973482,0.02285621761484282,0.02173531137867513,
0.405248983295587,0.0029774601778308663,0.004059525617604295,0.5235627202603517,0.06415131064862604,
0.005965741615597357,0.6763215661716823,0.006784868664954783,0.01189592330022529,0.29903190024754034,
0.04359587503722537,0.03636579450220851,0.7504378350032717,0.086931888617692,0.08266860683960256,
0.0043116726260255655,0.003596610930390967,0.00490368748411423,0.9790120267840885,0.008176002175380802,
0.018151999176483306,0.015141613083636882,0.02064436215219398,0.03619579992949062,0.9098662256581952,
0.005005602423562681,0.48700186195181516,0.005692897416820401,0.0904524354706618,0.41184720273714004,
0.9216941294705688,0.0029774601778308667,0.004059525617604296,0.06450036810481233,0.006768516629183633,
0.00659858890153718,0.00550425763430501,0.007504609142626284,0.755719506398658,0.2246730379228735,
