0.11999302625055214,0.288446881940384,0.21545805153839698,0.23370919699486273,0.14239284327580415,
0.0027761928904292523,0.9835373040480276,0.004984898952524624,0.0054071626610224105,0.0032944414479960265,
0.0016608059230867596,0.7710050204305369,0.22212860032528792,0.0032347348073249573,0.001970838513763478,
0.001322644282516363,0.35223027674098906,0.0023749243509729825,0.17710151088955697,0.4669706437359645,
0.431335274793369,0.0116544385342169,0.5418142197867475,0.00944281128273995,0.005753255602926661,
0.004381091317475136,0.010531546453233794,0.007866635490165728,0.9720217908606049,0.0051989358785202965,
0.0027761928904292523,0.9835373040480276,0.004984898952524624,0.0054071626610224105,0.0032944414479960265,
0.007128310017260174,0.01713548580473143,0.01279950873039546,0.9544777010974774,0.008458994350135427,
0.003162339761210642,0.007601833808680284,0.9793238967673226,0.006159256994437743,0.0037526726683488306,
0.0019449600128378266,0.004675418803342489,0.8589628322240352,0.13210875161011845,0.0023080373496659626,
0.0033987066084265457,0.0081700274962963,0.9777784760652953,0.006619626299097914,0.004033163530883896,
0.0031623397612106415,0.007601833808680283,0.4925010782253828,0.49298207553637735,0.00375267266834883,
0.003673261974883737,0.008830021179672643,0.8144187526384618,0.16871899241466756,0.004358971792314339,
0.47742529210030277,0.48743246788777406,0.01279950873039546,0.013883736931392256,0.008458994350135427,
0.003162339761210642,0.007601833808680284,0.9793238967673226,0.006159256994437743,0.0037526726683488306,
0.1565908106329359,0.3330022710542739,0.0015891216919678417,0.274208876993799,0.2346089196270233,
0.004381091317475136,0.010531546453233794,0.007866635490165728,0.9720217908606049,0.0051989358785202965,
0.0033987066084265453,0.3071471963826849,0.0061026771845325255,0.6793182562934721,0.004033163530883896,
0.001449096349862219,0.003483430135982803,0.0026019801799213333,0.9907458854879692,0.0017196078462644935,
0.7812261262398102,0.004483637812604255,0.0033490945036710523,0.20872777747179982,0.0022133639721145567,
0.0031623397612106415,0.6335168862197456,0.21431661048713155,0.006159256994437742,0.14284490653747445,
9.597325592017109E-4,0.9520959891197484,0.0017232843746418003,0.044082102361127695,0.0011388915852804972,
0.0016022834605117328,0.0038516710729856354,0.42572569619927536,0.566918957954705,0.0019013913125223011,
0.002346418339966928,0.005640469909292566,0.004213200878587792,0.9850154725645069,0.002784438307645782,
0.003996074063510963,0.6247771203630428,0.007175303085776075,0.35930945734034725,0.004742045147322917,
0.005426829114150064,0.25173880653552905,0.009744349846841515,0.7266501266893142,0.006439887814165244,
0.0029567119277420745,0.0071075325208678035,0.005309036790033568,0.9811180597059579,0.003508659055398569,
0.042884176889663395,0.004483637812604255,0.0033490945036710523,0.9470697268219468,0.0022133639721145567,
0.0048482110105137685,0.0116544385342169,0.008705390058178424,0.9690387047941641,0.005753255602926661,
0.0031623397612106415,0.007601833808680283,0.005678259683443138,0.9798048940783171,0.00375267266834883,
0.004381091317475136,0.010531546453233794,0.007866635490165728,0.9720217908606049,0.0051989358785202965,
0.0036732619748837364,0.008830021179672643,0.006595665536811912,0.9765420795163173,0.004358971792314338,
0.0024740871455013105,0.0059473683185430485,0.004442441468163688,0.9842001632538862,0.002935939813905882,
0.003996074063510963,0.009606017446512006,0.007175303085776075,0.9744805602568779,0.004742045147322917,
0.0027761928904292523,0.006673589357078951,0.004984898952524624,0.9822708773519712,0.0032944414479960265,
0.003996074063510963,0.009606017446512006,0.007175303085776075,0.9744805602568779,0.004742045147322917,
0.0036732619748837364,0.08961232988983762,0.006595665536811912,0.8957597708061523,0.004358971792314338,
0.0016022834605117328,0.8847863691239397,0.10858920490093187,0.0031207512020943284,0.0019013913125223011,
0.002616448302428789,0.9844845820960664,0.00469806346924815,0.005096029751448912,0.0031048763808077724,
0.003996074063510963,0.009606017446512006,0.35870164760950796,0.007783112816615438,0.6199131480638537,
0.9730609664968636,0.008830021179672643,0.006595665536811912,0.007154374994337568,0.004358971792314338,
0.001944960012837827,0.860145903948714,0.04626587133593229,0.0893352273528499,0.002308037349665963,
0.0023464183399669277,0.7280739059066282,0.10741797744963574,0.004570095139551213,0.15759160316421772,
0.9750745054891894,0.008170027496296299,0.0061026771845325255,0.006619626299097913,0.004033163530883896,
0.002031870264901201,0.987951102929397,0.0036484020941375743,0.003957453052448652,0.002411171659115582,
0.005426829114150062,0.9678191533457352,0.009744349846841511,0.01056977987910791,0.006439887814165242,
0.5595312752377132,0.42487853541605713,0.005678259683443138,0.006159256994437742,0.00375267266834883,
0.7215071759243564,0.25173880653552905,0.009744349846841515,0.010569779879107911,0.006439887814165244,
0.11999302625055214,0.288446881940384,0.21545805153839698,0.23370919699486273,0.14239284327580415,
0.11999302625055214,0.288446881940384,0.21545805153839698,0.23370919699486273,0.14239284327580415,
0.9380033243668635,0.020321143252825025,0.015179064862248145,0.01646486188267023,0.01003160563539294,
0.967869875171237,0.010531546453233794,0.007866635490165728,0.008533007006843181,0.0051989358785202965,
0.825585921045995,0.15765861193949057,0.0061026771845325255,0.006619626299097913,0.004033163530883896,
0.8573526346847669,0.0035980960597119796,0.10144022759929917,0.002915296345617855,0.034693745310604165,
0.32680249681554363,0.6550884908609925,0.006595665536811912,0.007154374994337568,0.004358971792314338,
0.6215750777662548,0.36685718790796046,0.004213200878587791,0.004570095139551213,0.0027844383076457814,
0.003996074063510963,0.9763034648867746,0.007175303085776075,0.007783112816615438,0.004742045147322917,
0.0011847932625225054,0.9929742305320012,0.00212740069815303,0.0023076097890129196,0.0014059657183103963,
0.0011847932625225054,0.9929742305320012,0.00212740069815303,0.0023076097890129196,0.0014059657183103963,
0.00845353383393976,0.9498709337857488,0.015179064862248145,0.01646486188267023,0.01003160563539294,
0.0027761928904292523,0.8614293397116591,0.004984898952524624,0.0054071626610224105,0.12540240578436462,
0.0014967970256453001,0.9911240625894676,0.0026876309463236027,0.002915296345617855,0.0017762130929456434,
0.002031870264901201,0.004884339204799718,0.8079757542324444,0.003957453052448651,0.181150583245406,
0.002031870264901201,0.13893889789451752,0.852660607129017,0.003957453052448651,0.0024111716591155817,
0.0018651797035441177,0.004483637812604255,0.0033490945036710523,0.0036327915412034707,0.9866692964389772,
0.001944960012837827,0.0046754188033424895,0.003492347078663711,0.0037881788383127375,0.9860990952668433,
0.0014043420746701631,0.0033758469577263,0.0025216199353954626,0.002735222777796665,0.9899629682544113,
0.001791686519252492,0.00430697021353458,0.35784175907036136,0.16110059541564412,0.47495898878120746,
0.002031870264901201,0.0048843392047997185,0.0036484020941375743,0.7189150993976103,0.27052028903855124,
0.0036732619748837364,0.008830021179672643,0.006595665536811912,0.007154374994337568,0.9737466763142941,
0.002346418339966928,0.4700619644790085,0.004213200878587792,0.1077748717105992,0.4156035445918377,
0.001547744970579055,0.0037205679759275637,0.002779112470611452,0.0030145271398653796,0.9889380474430166,
0.5482449681415835,0.421375291859194,0.011064910694801026,0.012002203560450226,0.007312625743971276,
0.6341909527946502,0.017135485804731426,0.012799508730395459,0.013883736931392254,0.32199031573883047,
0.0016022834605117328,0.0038516710729856354,0.0028770411348173616,0.0031207512020943284,0.9885482531295909,
0.10072996970285132,0.10688042483860997,0.007866635490165728,0.008533007006843181,0.7759899629615298,
0.001547744970579055,0.037758546446515634,0.002779112470611452,0.9560779243163314,0.0018366717959625038,
0.0031623397612106415,0.007601833808680283,0.005678259683443138,0.9798048940783171,0.00375267266834883,
0.002616448302428789,0.006289585138205665,0.00469806346924815,0.9832910267093097,0.0031048763808077724,
0.002616448302428789,0.006289585138205665,0.00469806346924815,0.6955866158393507,0.2908092872507668,
0.5665931929608429,0.0030895879974802446,0.0023077961720906824,0.4264842366150059,0.0015251862545802644,
0.2360018423567978,0.005112804104079502,0.2844689737177917,0.4718924256409472,0.0025239541803837176,
0.004381091317475136,0.010531546453233794,0.007866635490165728,0.10488188539221935,0.872338841346906,
0.003673261974883737,0.008830021179672643,0.006595665536811913,0.3302836098349975,0.6506174414736343,
0.0016022834605117328,0.8847863691239397,0.10858920490093187,0.0031207512020943284,0.0019013913125223011,
0.0016022834605117328,0.9552611449680161,0.0028770411348173616,0.0031207512020943284,0.037138779234560465,
0.002616448302428789,0.9844845820960664,0.00469806346924815,0.005096029751448912,0.0031048763808077724,
0.0033987066084265453,0.9051015341554619,0.0061026771845325255,0.08136391852069504,0.004033163530883896,
0.2274084327146542,0.05962038137184504,0.0023077961720906824,0.002503286307269946,0.7081601034341402,
0.0011847932625225054,0.0028480815343801614,0.08029525456638627,0.0023076097890129196,0.9133642608476981,
0.0029567119277420745,0.0071075325208678035,0.005309036790033568,0.005758757754262016,0.9788679610070945,
0.001791686519252492,0.00430697021353458,0.0032171310155949847,0.0034896496135257173,0.9871945626380922,
0.0018651797035441175,0.004483637812604254,0.9878050269705335,0.0036327915412034703,0.0022133639721145563,
0.0014043420746701631,0.0033758469577263,0.06429014926239474,0.002735222777796665,0.9281944389274122,
0.0033987066084265453,0.008170027496296299,0.0061026771845325255,0.006619626299097913,0.9757089624116467,
0.0031623397612106415,0.007601833808680283,0.005678259683443138,0.9798048940783171,0.00375267266834883,
0.0011547062916341107,0.07895859412033361,0.027467656078742107,0.8910487812769592,0.0013702622323310586,
0.0016022834605117328,0.14480122276113833,0.0028770411348173616,0.0031207512020943284,0.8475987014414383,
0.003996074063510963,0.009606017446512006,0.007175303085776075,0.007783112816615438,0.9714394925875854,
0.001944960012837827,0.0046754188033424895,0.21735996836500662,0.2604293243819242,0.5155903284368889,
0.001791686519252492,0.00430697021353458,0.0032171310155949847,0.08229512251458493,0.908389089737033,
0.001449096349862219,0.003483430135982803,0.09820747972155,0.8951403859463405,0.0017196078462644935,
0.001362269386397674,0.9919218052930476,0.002446074716465449,0.002653278230694009,0.0016165723733953855,
0.11999302625055214,0.288446881940384,0.21545805153839698,0.23370919699486273,0.14239284327580415,
0.0024740871455013105,0.33240783794523826,0.6029533024504381,0.0592288326449165,0.002935939813905882,
0.0014043420746701631,0.9916723161897147,0.0025216199353954626,0.002735222777796665,0.0016664990224230303,
0.003162339761210642,0.007601833808680284,0.9793238967673226,0.006159256994437743,0.0037526726683488306,
0.002346418339966928,0.9860858473342483,0.004213200878587792,0.004570095139551214,0.002784438307645782,
0.0019449600128378266,0.26131656434695394,0.0034923470786637103,0.7309380912118785,0.0023080373496659626,
0.002031870264901201,0.987951102929397,0.0036484020941375743,0.003957453052448652,0.002411171659115582,
0.002956711927742075,0.07213148598431421,0.9156443852782832,0.005758757754262016,0.0035086590553985693,
0.36346700251925323,0.013045357598793614,0.009744349846841515,0.6073034022209465,0.006439887814165244,
0.0019449600128378266,0.04744894306061106,0.9445098807385723,0.003788178838312737,0.0023080373496659626,
9.39894745470879E-4,0.002259378875211745,0.12570854990479985,0.869976825946495,0.0011153505280226306,
0.0016022834605117326,0.003851671072985635,0.6723874116535425,0.3202572425004378,0.001901391312522301,
0.0017916865192524917,0.28012612536724174,0.0032171310155949843,0.7127389057230584,0.0021261513748522293,
0.010384028054536183,0.938423191987878,0.018645437336322884,0.02022486584453995,0.012322476776722848,
0.0022312790139174202,0.005363690661152344,0.7400601537528485,0.24969707133821822,0.002647805233863514,
0.0021269109686598746,0.987387515934259,0.003819056052026127,0.004142562864671293,0.002523954180383718,
0.002031870264901201,0.987951102929397,0.0036484020941375743,0.003957453052448652,0.002411171659115582,
0.0016608059230867594,0.003992351097322979,0.9891412696585018,0.003234734807324957,0.001970838513763478,
0.0033987066084265457,0.3071471963826849,0.6788013071789069,0.006619626299097914,0.004033163530883896,
0.004381091317475136,0.684973695150867,0.20056439226091807,0.10488188539221935,0.0051989358785202965,
0.002031870264901201,0.987951102929397,0.0036484020941375743,0.003957453052448652,0.002411171659115582,
0.0031623397612106415,0.007601833808680283,0.005678259683443138,0.5625281924709402,0.42102937427572573,
0.003162339761210642,0.0771479507432431,0.9097777798327598,0.006159256994437743,0.0037526726683488306,
0.001944960012837827,0.0046754188033424895,0.003492347078663711,0.7737116154691471,0.21617565863600888,
0.0048482110105137685,0.7580068001542135,0.22194892194960603,0.00944281128273995,0.005753255602926661,
0.10555119491101488,0.005640469909292564,0.8814538017324955,0.004570095139551213,0.0027844383076457814,
0.00223127901391742,0.005363690661152343,0.985411385645987,0.004345839445079666,0.0026478052338635137,
0.0026164483024287886,0.006289585138205664,0.9828930604271088,0.005096029751448911,0.0031048763808077715,
0.0022312790139174202,0.9867686182337065,0.004006458073432838,0.0043458394450796665,0.002647805233863514,
0.0012164900684911637,0.511231786561434,0.48373879847747997,0.002369345335666848,0.0014435795569281047,
0.001944960012837827,0.7318253311769083,0.003492347078663711,0.0037881788383127375,0.25894918289327745,
0.004381091317475136,0.9740203303069956,0.007866635490165728,0.008533007006843181,0.0051989358785202965,
0.002956711927742075,0.007107532520867804,0.9806683387417295,0.005758757754262016,0.0035086590553985693,
0.001362269386397674,0.0032747099489662313,0.9910931700605466,0.002653278230694009,0.0016165723733953855,
0.0019449600128378266,0.004675418803342489,0.9872834049958409,0.003788178838312737,0.0023080373496659626,
0.0027761928904292523,0.006673589357078951,0.18814684545707752,0.7991089308474183,0.0032944414479960265,
0.006162276647269605,0.014813273238458572,0.011064910694801026,0.9606469136754995,0.007312625743971276,
0.001791686519252492,0.00430697021353458,0.04261986746612458,0.9491553244262362,0.0021261513748522297,
0.7832441534890988,0.20217939291120698,0.005309036790033568,0.005758757754262016,0.003508659055398569,
0.002031870264901201,0.9432662500328244,0.04833325499071018,0.003957453052448652,0.002411171659115582,
0.0021269109686598746,0.987387515934259,0.003819056052026127,0.004142562864671293,0.002523954180383718,
0.001791686519252492,0.9893753814767746,0.0032171310155949847,0.0034896496135257173,0.0021261513748522297,
0.1752390948244042,0.006289585138205665,0.8102704139051334,0.005096029751448912,0.0031048763808077724,
0.003673261974883737,0.008830021179672643,0.9759833700587918,0.007154374994337569,0.004358971792314339,
0.0024740871455013105,0.9853287771986284,0.004442441468163688,0.004818754373800641,0.002935939813905882,
0.3268024968155437,0.008830021179672643,0.6528541352181318,0.007154374994337569,0.004358971792314339,
0.0026164483024287886,0.006289585138205664,0.9828930604271088,0.005096029751448911,0.0031048763808077715,
0.0016022834605117328,0.6733620415917108,0.0028770411348173616,0.3202572425004378,0.0019013913125223011,
0.08608144927874219,0.0030895879974802446,0.5110849365413739,0.3982188399278235,0.0015251862545802644,
0.004381091317475136,0.29957818160936234,0.6823087841877991,0.008533007006843181,0.0051989358785202965,
0.002126910968659874,0.005112804104079502,0.8925437953269504,0.004142562864671292,0.09607392673563889,
0.0021269109686598746,0.005112804104079503,0.4715689188283021,0.5186674119185748,0.002523954180383718,
0.00845353383393976,0.020321143252825025,0.9447288553951719,0.01646486188267023,0.01003160563539294,
0.032975223545642196,0.07926794339836776,0.7844004194257413,0.06422550756813392,0.039130906062114834,
0.00845353383393976,0.20623110135940978,0.7588188972885872,0.01646486188267023,0.01003160563539294,
0.002616448302428789,0.17891223166018108,0.06223894564323996,0.7531274980133424,0.0031048763808077724,
0.5824743616297322,0.010531546453233794,0.007866635490165728,0.39392852054834787,0.0051989358785202965,
0.032975223545642196,0.07926794339836776,0.7844004194257413,0.06422550756813392,0.039130906062114834,
0.42043904136858745,0.007601833808680283,0.005678259683443138,0.006159256994437742,0.5601216081448513,
0.013457182187279313,0.03234923197552519,0.9120138539387633,0.026210416897358205,0.015969315001073982,
0.6499317316562037,0.3319592560203326,0.006595665536811912,0.007154374994337568,0.004358971792314338,
0.0026164483024287886,0.006289585138205664,0.9828930604271088,0.005096029751448911,0.0031048763808077715,
0.0048482110105137685,0.43814150231707216,0.43519245384103367,0.00944281128273995,0.11237502154864046,
