4.5776167056161475E-4,0.058450354579376425,5.92862145798318E-4,9.750169207080457E-4,0.9395240046835556,
0.003149322964845171,0.2124565955483774,0.004078791412263328,0.006707951707121278,0.7736073383673928,
0.9894671424254329,0.004949126082729873,8.859681712908767E-4,0.0014570570314523525,0.003240706289094007,
0.0020071963224358004,0.8607232133189427,0.002599585756705701,0.004275260475952079,0.13039474412596375,
0.003149322964845171,0.9711444758472425,0.004078791412263328,0.006707951707121278,0.01491945806852769,
6.088256083511917E-4,0.04107200737328097,7.885100037781996E-4,0.4779716062673453,0.47955905074724436,
7.134696094419378E-4,0.6067363585525387,9.240378800100974E-4,0.3882461757765017,0.0033799581815074763,
0.6064369182862488,0.3771794357478922,0.0025995857567057004,0.0042752604759520784,0.009508799733201113,
7.455036104579208E-4,0.005393546721995514,9.65526164858282E-4,0.0015878975488568664,0.9913075259538314,
0.17137740636074075,0.004103764974621092,7.346357900761213E-4,0.0012081768602672934,0.8225760160142948,
0.0020071963224358,0.49806538014065477,0.0025995857567057004,0.0042752604759520784,0.49305257730425156,
7.455036104579207E-4,0.9482704575715327,9.655261648582819E-4,0.001587897548856866,0.048430615104294035,
6.840751649077225E-4,0.9937321933432549,8.859681712908767E-4,0.0014570570314523525,0.003240706289094007,
6.319993132831664E-4,0.004572369303977019,8.185230287114837E-4,0.0013461372237018924,0.9926309711303265,
0.007307283585533496,0.05286651181372165,0.009463902517572403,0.0155642676058181,0.9147980344773544,
0.0010872032126659867,0.007865664554214263,0.9835809594549698,0.0023157061780575694,0.005150466600092322,
0.0012510341182030728,0.9885374584897464,0.0016202552976417204,0.0026646604818060735,0.005926591612602636,
0.007307283585533496,0.05286651181372165,0.009463902517572403,0.8957451122089777,0.03461718987419488,
0.001616396973198414,0.5957916068222111,0.002093448708400173,0.3928411026634676,0.00765744483272277,
5.672281640899312E-4,0.004103764974621092,7.346357900761213E-4,0.0012081768602672934,0.9933861942109456,
0.0020071963224358,0.014521602569604346,0.0025995857567057004,0.0042752604759520784,0.9765963548753019,
0.0016163969731984135,0.9851898384442561,0.0020934487084001726,0.003442871041422397,0.0076574448327227694,
5.484906083786615E-4,0.13610237340121212,7.103681674235522E-4,0.0011682664985089937,0.8614705013244767,
5.309514026123409E-4,0.0038413109700967045,0.9919815242400218,0.001130908581720194,0.002515304805548968,
0.0038864791152979795,0.9643903171467263,0.00503350650802418,0.00827806944767761,0.018411627782273975,
0.002647219606802521,0.01915202345418808,0.96002145178627,0.005638488487460952,0.012540816665278487,
9.613131214945697E-4,0.9911920135517084,0.0012450281372272246,0.00204756452938913,0.004554080660180497,
6.319993132831663E-4,0.9942093358945594,8.185230287114836E-4,0.0013461372237018922,0.0029940045397440058,
0.0012510341182030728,0.6118118757549699,0.0016202552976417204,0.0026646604818060735,0.38265217434737925,
0.0012510341182030728,0.00905094337932732,0.0016202552976417204,0.0026646604818060735,0.9854131067230217,
0.0017907230726523153,0.012955468522242369,0.0023192241545271766,0.003814179754273028,0.979120404496305,
0.0038864791152979795,0.028117780247293136,0.00503350650802418,0.9445506063471106,0.018411627782273975,
0.0038864791152979795,0.9643903171467263,0.00503350650802418,0.00827806944767761,0.018411627782273975,
8.190527459769259E-4,0.005925657758373284,0.0010607820613423881,0.9883143645477502,0.0038801428865571953,
0.7718892319891493,0.00841678010162062,0.0015067305116375366,0.002477958416143251,0.21570929898144925,
8.615517955302714E-4,0.7845538734079389,0.0011158239736144952,0.20938727488959288,0.004081475933323516,
8.615517955302713E-4,0.9921060720280881,0.001115823973614495,0.0018350762694434575,0.004081475933323515,
0.0013529741102228246,0.9876034380876813,0.0017522811230834745,0.002881789226976368,0.006409517452036035,
0.00507418386538177,0.036710550250885904,0.923369219619629,0.010807840511113873,0.02403820575298948,
0.0013529741102228246,0.9876034380876813,0.0017522811230834745,0.002881789226976368,0.006409517452036035,
0.0010203899247844114,0.9906507251086917,0.0013215404418121634,0.0021733961280860407,0.00483394839662549,
0.00507418386538177,0.6479088687539962,0.31217090111651874,0.010807840511113873,0.02403820575298948,
0.0011633791784169468,0.9893405927698254,0.0015067305116375366,0.002477958416143251,0.0055113391239768085,
7.455036104579207E-4,0.09519134775528479,9.655261648582819E-4,0.8995659078817496,0.0035317145876493997,
0.0011633791784169468,0.9893405927698254,0.0015067305116375366,0.002477958416143251,0.0055113391239768085,
0.5541088870233639,0.007382285822328493,0.0013215404418121638,0.4323533383158701,0.004833948396625491,
0.6040119664938456,0.00905094337932732,0.0016202552976417204,0.0026646604818060735,0.38265217434737925,
6.570069424187129E-4,0.004753293734465098,8.509112290001601E-4,0.001399402630401485,0.9923393854637146,
0.0017907230726523153,0.9835925837233529,0.0023192241545271766,0.003814179754273028,0.008483289295194511,
6.570069424187127E-4,0.9939802046639491,8.5091122900016E-4,0.0013994026304014848,0.0031124745342303983,
0.0011633791784169468,0.9893405927698254,0.0015067305116375366,0.002477958416143251,0.0055113391239768085,
0.0016163969731984135,0.9851898384442561,0.0020934487084001726,0.003442871041422397,0.0076574448327227694,
0.0010203899247844116,0.007382285822328493,0.0013215404418121638,0.002173396128086041,0.988102387682989,
7.80549421271934E-4,0.005647095082303911,0.001010915143308458,0.0016625439440032168,0.9908988964091126,
