0.009791959714644282,0.9516872261834659,0.011540735257849159,0.00899554825285802,0.01798453059118262,
0.3469449755017499,0.6455467351518853,0.0022494638705331787,0.0017533684239641066,0.003505457051867568,
0.006158222801327936,0.3202014083390455,0.007258038337584986,0.6550717502515606,0.011310580270481022,
0.009791959714644282,0.8041715779784033,0.011540735257849159,0.00899554825285802,0.16550017879624515,
0.011486380593411418,0.9433270842862866,0.01353776785878792,0.01055215645180766,0.021096610809706387,
0.037313825472790906,0.8158964637486702,0.0439778138174981,0.03427897247547111,0.0685329244855697,
0.0023065172371827354,0.9886198218914961,0.002718445089411668,0.002118920799081311,0.004236294982828149,
0.002478780745634437,0.2782571619964323,0.6750914236881768,0.03961994856615846,0.004552685003598023,
0.0023065172371827354,0.39791012543357246,0.002718445089411668,0.002118920799081311,0.5949459914407519,
0.0029140565829061642,0.9856222696292372,0.0034344867145865623,0.002677047022965947,0.005352140050304205,
0.003956097234923833,0.32489726763140275,0.6602462823520634,0.003634335169550719,0.007266017612059315,
0.0018552568077525556,0.26416187488056964,0.7288710238589022,0.001704362826434251,0.003407481626341408,
0.6606207364204559,0.3261768202640802,0.003955417522005401,0.0030830920547458194,0.006163933738712548,
0.007561176121216498,0.2792400727037661,0.00891154931146491,0.0069462014375976985,0.6973410004259549,
0.11894899116473981,0.5605905954842013,0.31336561533717056,0.0023655082050403945,0.004729289808848066,
0.003534763885242886,0.4500483802171446,0.5366774154691257,0.00324727021135599,0.0064921702171308006,
0.8295342930941318,0.11255975501674441,0.003592184307953015,0.04871587913367262,0.0055978884474980435,
0.004817432730832744,0.6859331047702214,0.005677792534817195,0.004425615489440135,0.29914605447468845,
0.004491466719039576,0.9101756067443146,0.07295745423728155,0.004126161337939507,0.008249310961424876,
0.005194414862085216,0.8961174172064464,0.0061221010389890355,0.08302567705092886,0.00954038984155062,
0.0024787807456344373,0.4276282620035674,0.5630630986828254,0.0022771735643746975,0.004552685003598023,
0.46220698867522725,0.4339711463832858,0.0035921843079530142,0.09463179218603567,0.005597888447498043,
0.00304785815159655,0.9849621030116429,0.003592184307953015,0.002799966081309539,0.0055978884474980435,
0.0024787807456344373,0.9130843370267564,0.04026424865785265,0.0022771735643746975,0.041895460005381795,
0.01756553241579212,0.9133330181800088,0.0207026136934213,0.016136871375919452,0.032261964334858326,
0.003534763885242886,0.9293086109381334,0.057417184748136854,0.00324727021135599,0.0064921702171308006,
0.6312243396221239,0.34834123304141257,0.006122101038989035,0.004771936455924018,0.009540389841550619,
0.35726780440508293,0.27561799826151806,0.05451423952456756,0.0030830920547458194,0.3095168657540855,
0.7223593770921297,0.26824032393338243,0.0028163050116812665,0.0021951987513199596,0.004388795211486574,
0.6121728767820982,0.37986071723174386,0.002386714418849268,0.001860349816615748,0.0037193417506928427,
0.005635406500524678,0.7175035305793916,0.1764363897001103,0.005177060831257829,0.09524761238871557,
0.0018552568077525556,0.3759594796738877,0.0021865927023345,0.4209453808013771,0.19905329001464808,
0.0020250539430611844,0.7154420197932144,0.0023867144188492685,0.2764268700941825,0.0037193417506928435,
0.001389296683174069,0.19781585765325874,0.022567137980787088,0.0012763007319502582,0.7769514069508298,
0.003534763885242886,0.5565506537106977,0.004166048001360307,0.42925636418556834,0.0064921702171308006,
0.004817432730832744,0.4682095644322414,0.005677792534817195,0.004425615489440135,0.5168695948126686,
0.004817432730832744,0.5407840778782348,0.005677792534817195,0.004425615489440135,0.4442950813666752,
0.004206817294258712,0.28211222291046534,0.00495812545047269,0.003864663363031063,0.7048581709817722,
0.00304785815159655,0.9849621030116429,0.003592184307953015,0.002799966081309539,0.0055978884474980435,
0.006787966070148501,0.8642481461330636,0.008000249351280388,0.006235879037723563,0.11472775940778401,
0.0037335813354945173,0.475361944107,0.5106172264746083,0.0034299172012709927,0.00685733088162617,
0.008533181861145694,0.8293457502493231,0.01005714848063389,0.13639133958890626,0.015672579819991057,
0.003956097234923833,0.5632913235625224,0.004662628541484317,0.4208239330490101,0.007266017612059315,
0.00304785815159655,0.5258029724880121,0.003592184307953015,0.002799966081309539,0.4647570189711288,
0.003956097234923833,0.861283893476422,0.004662628541484317,0.12283136313511055,0.007266017612059315,
0.023294097297011193,0.40305502084074496,0.0017089511024323948,0.5692787829885613,0.002663147771250293,
0.004817432730832744,0.32306053754025466,0.005677792534817195,0.004425615489440135,0.6620186217046553,
0.0029140565829061642,0.3710195327255673,0.0034344867145865623,0.002677047022965947,0.619954876953974,
0.004817432730832744,0.395635050986248,0.005677792534817195,0.004425615489440135,0.5894441082586619,
0.006787966070148503,0.9665086990777817,0.00800024935128039,0.006235879037723564,0.012467206463066031,
0.0021566409192114275,0.5020131113503032,0.0025418019089315366,0.4893274231339555,0.003961022687598253,
0.004817432730832745,0.9762311585541951,0.005677792534817196,0.004425615489440136,0.008848000690714987,
