0.7981791413367945,0.1664640267499634,0.007019408832143116,0.01839256213221312,0.009944860948885928,
0.9918777056362877,0.0015972700456011503,0.0012954162137853557,0.0033943062398673588,0.0018353018644583468,
0.003156592163196515,0.6028783705232351,0.0024257490716558918,0.006356053847908945,0.3851832343940037,
0.990806755367809,0.0018078751662197687,0.0014662209494697963,0.003841856281284901,0.002077292235216444,
0.6827933897840597,0.29553173675406136,0.004303123045278139,0.011275231271672799,0.006096519144928064,
0.005105660122737784,0.00483780456041358,0.7978001083177451,0.186697672702005,0.005558754297098517,
0.9753992301915363,0.004837804560413581,0.003923550988728299,0.010280659962223458,0.005558754297098518,
0.005105660122737784,0.00483780456041358,0.5331745892080729,0.010280659962223456,0.44660128614655226,
0.9063600915008998,0.0022535895612366126,0.0018277037529647088,0.08696918634357552,0.002589428841323314,
0.005105660122737784,0.00483780456041358,0.0039235509887282985,0.010280659962223456,0.9758523243658969,
0.0028461602343139093,0.1502128574952236,0.8381112697717908,0.0057309740295234095,0.0030987384691481754,
0.0025913194867501423,0.002455372455103051,0.18106823363171923,0.0052178315548502135,0.8086672428715774,
0.010845823437241602,0.7597931362122327,0.00833469918634992,0.20921802134107534,0.011808319823100549,
0.07378798314802633,0.0038254838980471585,0.0031025397870276853,0.008129410490989693,0.9111545826759091,
0.0021173573101966824,0.2580715930286958,0.7332423202970336,0.004263470344944882,0.0023052590191290417,
0.007889259206683697,0.007475369149310563,0.0060626657506766,0.015885662051132454,0.9626870438421966,
0.0017899657718280263,0.0016960597387533105,0.0013755365231949172,0.0036042409799724715,0.9915341969862512,
0.0025913194867501423,0.002455372455103051,0.18106823363171923,0.0052178315548502135,0.8086672428715774,
0.9548680684456301,0.001935474383762583,0.0015697063279920462,0.039402844024282596,0.002223906818332611,
0.002993349215790719,0.9337050772117742,0.0023003016246461432,0.057742282431058084,0.0032589895167308403,
0.9855770471900259,0.00283631070986714,0.0023003016246461432,0.006027350958729905,0.0032589895167308403,
0.004691803172693018,0.004445659569921771,0.0036055139853820002,0.009447325491433881,0.9778096977805693,
0.9790883933655715,0.004112321148048275,0.0033351702213066958,0.008738958932836768,0.004725156332236833,
0.0020426361289204937,0.7077320909146587,0.0015697063279920464,0.07469267485082741,0.21396289177760144,
0.9913753491499238,0.0016960597387533105,0.0013755365231949172,0.0036042409799724715,0.0019488136081555062,
0.0019730089759403056,0.0018695000434973436,0.8196020292091825,0.17440736106362242,0.002148100707757469,
0.9875141602336931,0.002455372455103051,0.001991353495911422,0.0052178315548502135,0.002821282260442243,
0.00354303222139121,0.7378962504558402,0.0027227169927404983,0.25198054701116984,0.0038574533188582122,
0.6187295419829476,0.0022535895612366126,0.3716384102760461,0.004789029338446306,0.002589428841323314,
0.0016380023485129565,0.8788251050285946,0.08615614767484246,0.03159738053001842,0.001783364418031687,
0.35287235779144144,0.0017501833597224643,0.6396471985792798,0.003719257313550976,0.0020110029560052867,
0.0029933492157907184,0.0028363107098671398,0.002300301624646143,0.988611048932965,0.0032589895167308394,
0.9818153821199588,0.003576051806280256,0.002900245643464983,0.007599350525338162,0.004108969904957858,
0.005105660122737784,0.00483780456041358,0.0039235509887282985,0.010280659962223456,0.9758523243658969,
0.9730193032285036,0.005305823309617491,0.00430312304527814,0.0112752312716728,0.006096519144928066,
0.006942938945278999,0.48638053037540624,0.005335446212354287,0.4937820047850432,0.007559079681917244,
0.0031565921631965146,0.9846248857017913,0.0024257490716558913,0.006356053847908944,0.0034367192154473327,
0.002993349215790719,0.00283631070986714,0.9848839995988814,0.006027350958729905,0.0032589895167308403,
0.9889925456686188,0.002164644162662685,0.0017555673526286576,0.004600014386204247,0.0024872284298855076,
0.7121144060662297,0.27566707179875816,0.0024257490716558913,0.006356053847908944,0.0034367192154473327,
0.4055142997923177,0.002455372455103051,0.5839912139372867,0.0052178315548502135,0.002821282260442243,
0.003774047685508124,0.0035760518062802555,0.002900245643464983,0.007599350525338161,0.9821503043394084,
0.0027127679939733997,0.0025704494731527837,0.2832893153937537,0.14606469408540756,0.5653627730537125,
0.002993349215790719,0.05455124218219531,0.3125898904586152,0.16117214537571442,0.46869337276768436,
0.00434000874472829,0.004112321148048275,0.22827710513380897,0.7585454086411777,0.004725156332236832,
0.013346719413651094,0.012646517491120874,0.010256564850154904,0.02687469996130025,0.9368754982837728,
0.004037290127066466,0.9803351861914853,0.0031025397870276857,0.008129410490989695,0.004395573403430937,
0.24786718506014538,0.7339718052322788,0.0036055139853820007,0.009447325491433881,0.005108170230760035,
0.002197752776266523,0.9133557543303784,0.0016889089502645962,0.004425353123919465,0.07833223081917103,
0.007889259206683697,0.007475369149310563,0.4149616646601374,0.15218532835428605,0.4174883786295823,
0.004037290127066466,0.0038254838980471585,0.9098615490595058,0.07788010351194956,0.004395573403430936,
0.11222702507135544,0.0029909895283607682,0.002425749071655891,0.006356053847908942,0.8760001824807189,
0.5182545938038318,0.19004020431310129,0.0020846831338309697,0.2866670102153689,0.002953508533867094,
0.6856527286030477,0.002082453228003451,0.0016889089502645962,0.30818312015804444,0.0023927890606397807,
0.0019730089759403056,0.8540422389172687,0.06969001900026366,0.0721466323987699,0.002148100707757469,
0.49456620646329386,0.10104085287232559,0.39556322816570894,0.0057309740295234095,0.0030987384691481754,
0.010845823437241603,0.010276824705282616,0.00833469918634992,0.9587343328480255,0.01180831982310055,
0.004691803172693018,0.004445659569921771,0.0036055139853820002,0.9821488530412432,0.005108170230760034,
0.00354303222139121,0.0033571559849830913,0.0027227169927404983,0.9253080502761223,0.06506904452476298,
0.002993349215790719,0.6751304198501333,0.3125898904586152,0.006027350958729905,0.0032589895167308403,
0.0021173573101966824,0.9896867859478383,0.0016271273778910612,0.004263470344944882,0.0023052590191290417,
0.0017899657718280263,0.991281443116849,0.0013755365231949172,0.0036042409799724715,0.0019488136081555062,
0.9665466093157336,0.006578695190179005,0.0053354462123542876,0.013980169599816038,0.007559079681917245,
0.0031565921631965146,0.9846248857017913,0.0024257490716558913,0.006356053847908944,0.0034367192154473327,
0.0033386670959418144,0.9837380359736456,0.0025656683504997778,0.00672267646402531,0.0036349521158874696,
0.006199326845886636,0.00587409482134559,0.004764001988167122,0.976413099506097,0.0067494768385036805,
0.03487126487889745,0.9577433656551314,0.0014662209494697963,0.003841856281284901,0.002077292235216444,
0.00434000874472829,0.004112321148048275,0.9031029098713157,0.008738958932836766,0.07970580130307092,
0.001592923985248713,0.4693549454537143,0.001224115653421177,0.5260937292648018,0.0017342856428140927,
0.009134255133277255,0.008655049509259972,0.007019408832143117,0.9652464255764338,0.00994486094888593,
0.005105660122737784,0.00483780456041358,0.0039235509887282985,0.186697672702005,0.7994353116261154,
0.07813719453479775,0.0020824532280034505,0.001688908950264596,0.9156986542262943,0.0023927890606397807,
0.0031565921631965146,0.0029909895283607687,0.0024257490716558913,0.6062434348427832,0.38518323439400365,
0.003774047685508124,0.0035760518062802555,0.9809415800779155,0.007599350525338161,0.004108969904957858,
0.010845823437241602,0.1976559025820201,0.00833469918634992,0.021838943464337814,0.7613246313300505,
0.0016380023485129563,0.0015520686926091167,0.0012587570616825704,0.03159738053001841,0.9639537913671768,
0.0017899657718280263,0.0016960597387533105,0.0013755365231949172,0.0036042409799724715,0.9915341969862512,
0.007889259206683697,0.007475369149310564,0.006062665750676601,0.9699833261732077,0.008589379720121514,
0.0013055013694008414,0.0012370115375261006,0.0010032397507008684,0.9950328912057375,0.001421356136634798,
0.006199326845886636,0.00587409482134559,0.004764001988167122,0.976413099506097,0.0067494768385036805,
0.006199326845886636,0.00587409482134559,0.004764001988167122,0.976413099506097,0.0067494768385036805,
0.0033386670959418144,0.0031635123596494047,0.0025656683504997778,0.7565737827570813,0.23435836943682772,
0.004037290127066466,0.003825483898047159,0.5611080839547066,0.4266335686167489,0.004395573403430937,
0.010845823437241603,0.19765590258202015,0.7578510106933001,0.021838943464337818,0.01180831982310055,
0.970129579909971,0.005874094821345591,0.004764001988167123,0.01248284644201276,0.006749476838503682,
0.007889259206683697,0.007475369149310564,0.006062665750676601,0.9699833261732077,0.008589379720121514,
0.007889259206683697,0.007475369149310564,0.006062665750676601,0.9699833261732077,0.008589379720121514,
0.024769914846063886,0.023470423828189913,0.01903495758602829,0.9057566198329715,0.026968083906746456,
0.005599591747023932,0.00530582330961749,0.004303123045278139,0.8819529716050045,0.10283849029307603,
0.00434000874472829,0.004112321148048275,0.8281222649004816,0.15870024887450496,0.004725156332236832,
0.0018470860646859835,0.2570412900700901,0.35244470353011625,0.06754203399114289,0.32112488634396485,
0.00434000874472829,0.004112321148048275,0.0033351702213066953,0.98348734355368,0.004725156332236832,
0.0689768033144715,0.0035760518062802555,0.13330575690139174,0.7900324180728987,0.004108969904957858,
0.0027127679939733993,0.0025704494731527833,0.23642187668376655,0.7553413973152401,0.0029535085338670934,
0.004037290127066466,0.0038254838980471585,0.0031025397870276853,0.9846391127844278,0.004395573403430936,
0.006199326845886636,0.00587409482134559,0.004764001988167122,0.976413099506097,0.0067494768385036805,
0.01734660521691704,0.01643655938873885,0.013330360504572456,0.9340004711269706,0.018886003762801067,
0.0033386670959418135,0.003163512359649404,0.0025656683504997773,0.9872972000780214,0.003634952115887469,
0.007889259206683697,0.552674034361925,0.0060626657506766,0.42478466096059325,0.008589379720121512,
0.003774047685508124,0.0035760518062802555,0.002900245643464983,0.007599350525338161,0.9821503043394084,
0.0027127679939733993,0.0025704494731527833,0.0020846831338309692,0.9896785908651756,0.0029535085338670934,
0.9619869233287589,0.007475369149310563,0.0060626657506766,0.015885662051132454,0.008589379720121512,
0.006942938945278999,0.0065786951901790035,0.005335446212354287,0.9735838399702705,0.007559079681917244,
0.007889259206683697,0.007475369149310564,0.006062665750676601,0.9699833261732077,0.008589379720121514,
0.006199326845886636,0.00587409482134559,0.004764001988167122,0.8693097380545322,0.11385283829006859,
0.004037290127066466,0.0038254838980471585,0.0031025397870276853,0.008129410490989693,0.9809052756968689,
0.009134255133277255,0.00865504950925997,0.007019408832143116,0.01839256213221312,0.9567987243931064,
0.009134255133277255,0.3242730039906669,0.007019408832143116,0.33401051661362,0.3255628154302928,
0.2645850702013616,0.0035760518062802555,0.002900245643464983,0.007599350525338161,0.721339281823555,
0.615658944280439,0.0033571559849830917,0.0027227169927404988,0.007134182187550786,0.3711270005542868,
0.0012767057312887005,0.001209726589834707,9.811111421233413E-4,0.0025707503397548533,0.9939617061969983,
0.004691803172693018,0.004445659569921771,0.0036055139853820002,0.9821488530412432,0.005108170230760034,
0.005599591747023932,0.00530582330961749,0.004303123045278139,0.9786949427531524,0.006096519144928064,
0.006942938945278999,0.0065786951901790035,0.005335446212354287,0.9735838399702705,0.007559079681917244,
0.004037290127066466,0.0038254838980471585,0.0031025397870276853,0.9846391127844278,0.004395573403430936,
0.05769180861727598,0.0029909895283607682,0.002425749071655891,0.8789195171131804,0.0579719356695268,
0.00354303222139121,0.12578033839679262,0.0027227169927404983,0.007134182187550784,0.8608197302015249,
0.8806503060026416,0.02347042382818991,0.019034957586028287,0.04987622867639357,0.02696808390674645,
0.006942938945278999,0.0065786951901790035,0.005335446212354287,0.9735838399702705,0.007559079681917244,
0.0019730089759403056,0.0018695000434973434,0.0015161998903619471,0.9924931903824429,0.0021481007077574685,
0.00434000874472829,0.004112321148048275,0.0033351702213066953,0.98348734355368,0.004725156332236832,
0.007889259206683697,0.007475369149310563,0.0060626657506766,0.833683659870054,0.14488904602327513,
0.002378364444478564,0.002253589561236612,0.0018277037529647083,0.9909509133999966,0.0025894288413233135,
0.003156592163196514,0.0029909895283607682,0.002425749071655891,0.9879899500213394,0.003436719215447332,
0.00434000874472829,0.004112321148048275,0.15329646016297488,0.8335260536120118,0.004725156332236832,
0.009134255133277255,0.00865504950925997,0.007019408832143116,0.17620153937291658,0.798989747152403,
0.005599591747023933,0.9727255347910971,0.00430312304527814,0.0112752312716728,0.006096519144928066,
0.013346719413651094,0.012646517491120874,0.010256564850154904,0.02687469996130025,0.9368754982837728,
0.0019079721034177361,0.0018078751662197687,0.0014662209494697963,0.003841856281284901,0.9909760754996079,
0.004037290127066466,0.0038254838980471585,0.0031025397870276853,0.008129410490989693,0.9809052756968689,
0.005599591747023932,0.00530582330961749,0.004303123045278139,0.011275231271672799,0.9735162306264076,
0.004691803172693018,0.004445659569921771,0.0036055139853820002,0.009447325491433881,0.9778096977805693,
