2,granted hours just Monday request one Network the decision the Court the such Alabama-based Eternal Word Television Hobby Lobby 11th U.S. Circuit Appeals Atlanta 
