0.09038690665837845,0.32445201248280164,0.011654537868262016,0.5600332027622228,0.013473340228334994,
0.23772705168400435,0.04883666191054029,0.05417280534146888,0.5966364901236912,0.06262699094029527,
0.4261982757064652,0.013742285969179561,0.4258765132269469,0.11656013956658536,0.017622785530822815,
0.040530037383249715,0.0357824518267558,0.03969222550472807,0.8381087074826971,0.04588657780256945,
0.007880309014934108,0.11090157434992436,0.0077174121383114,0.08499633094532363,0.7885043735515065,
0.012386629213131713,0.010935690952457585,0.09382281196777545,0.8688311940238165,0.01402367384281882,
0.23772705168400435,0.04883666191054029,0.05417280534146888,0.5966364901236912,0.06262699094029527,
0.011034482023291489,0.04612920959708315,0.08358094153133401,0.3373406404980561,0.5219147263502352,
0.12217363321028533,0.10786252436701416,0.1196481353880695,0.5119953331175013,0.1383203739171296,
0.013488537980377446,0.812544334280661,0.05768947844767341,0.10100643595321948,0.015271213338068615,
0.5023481893644852,0.010109798918797555,0.04897575731508635,0.387840375086337,0.050725879315293786,
0.16127476778764757,0.013071345760068865,0.06332263014019053,0.7455688687846068,0.016762387527486176,
0.5932309420176397,0.22806560334531698,0.010806384032040489,0.1554042467498223,0.012492823855180484,
0.14692783953921587,0.18982759367274835,0.10216924563395288,0.5013243406297347,0.059750980524348095,
0.02429481523543624,0.02144898233331526,0.023792607833102355,0.8228434037303908,0.10762019086775523,
