0.05119671930247794,0.47330018812350655,9.064239550455189E-4,0.0010132151925943207,0.47358345342637576,
0.011227833789197582,0.5819069055427193,0.006999245254895962,0.00782386827872192,0.3920421471344651,
0.018230085618605053,0.009337060733029198,0.01136433284086649,0.9481800080567299,0.012888512750769335,
0.002519181345562181,0.5183773960667696,0.001570415844248853,0.0017554359449865478,0.47577757079843286,
0.013896729667494659,0.9579317825866436,0.008662990654293901,0.00968362949299195,0.009824867598576018,
0.9402060099960138,0.001558980493909074,0.0018974679218406825,0.05418558600516204,0.0021519555830744903,
0.0023193012128124944,0.953307360790428,0.0411174582288415,0.001616153884036235,0.0016397258838818304,
0.003211001055926159,0.0016446062020907596,0.002001684770732902,0.0022375152479166406,0.9909051927233335,
0.00275676240319542,0.8030370516160109,0.001718519932848071,0.19053865888869434,0.0019490071592513148,
0.00289318904731221,0.991241730337105,0.0018035660387491514,0.002016054960965842,0.0020454596158678336,
0.0057277256153432715,0.9826610136171877,0.003570569095270027,0.003991239235677166,0.004049452436521725,
0.9838753436774221,0.0032522507139103227,0.003958382691469529,0.004424743475472154,0.004489279441725657,
0.008111986125354438,0.004154786143221652,0.9763454651772254,0.0056526585728990135,0.005735103981299611,
0.060176782632895,8.75355461049266E-4,0.00106541352764733,0.9366741420019403,0.0012083063764680938,
0.9878381750461833,0.002452970351567725,0.0029855617652118516,0.0033373086866282744,0.003385984150408642,
0.9647109039438699,0.007117608310268319,0.008662990654293901,0.00968362949299195,0.009824867598576018,
0.00289318904731221,0.6448257651053577,0.3482195312704965,0.002016054960965842,0.0020454596158678336,
0.9902374427977771,0.0019690518045995544,0.002396574331922381,0.0026789291145371363,0.0027180019511636355,
0.0030438216794673534,0.001558980493909074,0.05396203393942659,0.9392832083041225,0.0021519555830744903,
0.9647109039438699,0.007117608310268319,0.008662990654293901,0.00968362949299195,0.009824867598576018,
0.0023193012128124944,0.001187896575763619,0.0014458138865638167,0.9934072624409782,0.0016397258838818304,
0.0057277256153432715,0.0029336188019877993,0.003570569095270027,0.9837186340508771,0.004049452436521725,
0.011227833789197587,0.0057506568089347836,0.9672596598112038,0.007823868278721923,0.007937981311942129,
0.0057277256153432715,0.9826610136171877,0.003570569095270027,0.003991239235677166,0.004049452436521725,
0.0033976120759257166,0.0017401843833259676,0.002118014983734438,0.0023675510203769686,0.990376637536637,
0.0022308016434166985,0.993246911267128,0.001390644723679537,0.0015544849114920841,0.0015771574542837149,
0.9838753436774221,0.0032522507139103227,0.003958382691469529,0.004424743475472154,0.004489279441725657,
0.008111986125354438,0.9754433737907586,0.005056877529688357,0.0056526585728990135,0.005735103981299611,
0.008111986125354438,0.004154786143221652,0.9763454651772254,0.0056526585728990135,0.005735103981299611,
0.0041150677664273305,0.0021076498739232394,0.9880004708742299,0.002867494190510526,0.0029093172949089465,
0.0057277256153432715,0.0029336188019877993,0.003570569095270027,0.003991239235677166,0.9837768472517217,
0.004426651958134312,0.0022672366461570885,0.7599382634031603,0.003084614760641595,0.2302832332319066,
0.9922705760135997,0.001558980493909074,0.0018974679218406825,0.00212101998757613,0.0021519555830744903,
0.008111986125354438,0.004154786143221652,0.005056877529688357,0.976941246220436,0.005735103981299611,
0.002519181345562181,0.0012902709133204915,0.001570415844248853,0.0017554359449865478,0.992864695951882,
0.9938671078537386,0.0012369691770165805,0.0015055411808324545,0.0016829180087360248,0.0017074637796764768,
0.8149713106267226,0.004824165731828072,0.005871593494306239,0.006563361107187751,0.16776956903995552,
0.988759042602444,0.0022672366461570885,0.002759501369075911,0.003084614760641595,0.0031296046216812974,
0.004789286565395581,0.002452970351567725,0.9860344502459997,0.0033373086866282744,0.003385984150408642,
0.0041150677664273305,0.0021076498739232394,0.0025652649547994633,0.002867494190510526,0.9883445232143394,
0.9794005737728915,0.004154786143221652,0.005056877529688357,0.0056526585728990135,0.005735103981299611,
0.0057277256153432715,0.0029336188019877993,0.003570569095270027,0.9837186340508771,0.004049452436521725,
0.12701132175395863,0.0018475573011382256,0.0022487008184958047,0.8663421244268984,0.0025502956995088165,
0.0015301531978873031,7.837118068678512E-4,9.538721102088912E-4,0.9956504578176217,0.0010818050674141618,
0.0057277256153432715,0.0029336188019877993,0.003570569095270027,0.9837186340508771,0.004049452436521725,
0.003607251655318478,0.001847557301138226,0.0022487008184958056,0.9897461945255387,0.002550295699508817,
0.860062202118002,0.0036485321893401173,0.004440705203255612,0.1268122696278082,0.005036290861593929,
0.00289318904731221,0.0014818296749697915,0.0018035660387491514,0.991775955623101,0.0020454596158678336,
0.06391366781124148,9.297136820285237E-4,0.0011315740607646123,0.9327417041113565,0.0012833403346089024,
0.003211001055926159,0.0016446062020907596,0.002001684770732902,0.9908725580159585,0.002270149955291589,
0.009418912101371166,0.004824165731828072,0.005871593494306239,0.9732262393376093,0.00665908933488525,
0.007123553770901544,0.0036485321893401173,0.004440705203255612,0.0049638912925081356,0.9798233175439945,
0.7046936092687177,0.29041046776203744,0.0015055411808324545,0.0016829180087360248,0.0017074637796764768,
0.9505122441268855,0.0012902709133204915,0.04466100960703628,0.0017554359449865478,0.0017810394077711895,
0.9854551204305431,0.0029336188019877993,0.003570569095270027,0.003991239235677166,0.004049452436521725,
0.0063498364916942844,0.763549867413921,0.003958382691469529,0.2216526339611895,0.004489279441725657,
0.9854551204305431,0.0029336188019877993,0.003570569095270027,0.003991239235677166,0.004049452436521725,
0.00289318904731221,0.0014818296749697915,0.0018035660387491514,0.34843202019271313,0.6453893950462557,
0.42196725414724984,0.19193186557799208,0.0013906447236795372,0.3449752187782647,0.039735016772814005,
0.9922705760135997,0.001558980493909074,0.0018974679218406825,0.00212101998757613,0.0021519555830744903,
0.008111986125354438,0.004154786143221652,0.005056877529688357,0.976941246220436,0.005735103981299611,
0.002519181345562181,0.0012902709133204915,0.001570415844248853,0.0017554359449865478,0.992864695951882,
0.9938671078537386,0.0012369691770165805,0.0015055411808324545,0.0016829180087360248,0.0017074637796764768,
0.9760817903317928,0.004824165731828072,0.005871593494306239,0.006563361107187751,0.00665908933488525,
0.988759042602444,0.0022672366461570885,0.002759501369075911,0.003084614760641595,0.0031296046216812974,
0.004789286565395581,0.002452970351567725,0.9860344502459997,0.0033373086866282744,0.003385984150408642,
0.0041150677664273305,0.0021076498739232394,0.0025652649547994633,0.002867494190510526,0.9883445232143394,
0.9794005737728915,0.004154786143221652,0.005056877529688357,0.0056526585728990135,0.005735103981299611,
0.0057277256153432715,0.0029336188019877993,0.003570569095270027,0.9837186340508771,0.004049452436521725,
0.026490502114646965,0.9198078807739475,0.016513739400394627,0.018459321991532118,0.018728555719478557,
0.0038444628359692616,0.0019690518045995544,0.9887895542937304,0.0026789291145371363,0.0027180019511636355,
0.9867529684058228,0.0026718503078438,0.003251965159860076,0.0036350986615222266,0.0036881174649508516,
0.0030438216794673534,0.001558980493909074,0.0018974679218406825,0.731024944233779,0.262474785671004,
0.9929995289843018,0.0014119548598772167,0.001718519932848071,0.0019209890637217287,0.0019490071592513148,
0.0057277256153432715,0.0029336188019877993,0.003570569095270027,0.9837186340508771,0.004049452436521725,
0.0041150677664273305,0.9171546267991086,0.0025652649547994633,0.002867494190510526,0.07329754628915398,
0.003211001055926159,0.0016446062020907596,0.9906367275387749,0.0022375152479166406,0.002270149955291589,
0.0026326226172947555,0.001348373111300194,0.9923232778737892,0.0018344849925651008,0.0018612414050507091,
0.0057277256153432715,0.0029336188019877993,0.98329796391047,0.003991239235677166,0.004049452436521725,
0.007123553770901544,0.0036485321893401173,0.004440705203255612,0.0049638912925081356,0.9798233175439945,
0.0052166373620969805,0.0026718503078438,0.003251965159860076,0.18209624976038152,0.8067632974098176,
0.008111986125354438,0.004154786143221652,0.005056877529688357,0.0056526585728990135,0.9770236916288366,
0.0057277256153432715,0.2968518372465478,0.68937974546591,0.003991239235677166,0.004049452436521725,
0.22357772697741166,0.003252250713910323,0.00395838269146953,0.004424743475472155,0.7647868961417363,
0.003211001055926159,0.0016446062020907596,0.9357125584961058,0.057161684290585636,0.002270149955291589,
0.0041150677664273305,0.0021076498739232394,0.9880004708742299,0.002867494190510526,0.0029093172949089465,
0.0024151127050955614,0.0012369691770165805,0.9929575363294754,0.0016829180087360248,0.0017074637796764768,
0.9902374427977771,0.0019690518045995544,0.002396574331922381,0.0026789291145371363,0.0027180019511636355,
0.9647109039438699,0.007117608310268319,0.008662990654293901,0.00968362949299195,0.009824867598576018,
0.9838753436774221,0.0032522507139103227,0.003958382691469529,0.004424743475472154,0.004489279441725657,
0.003211001055926159,0.0016446062020907596,0.002001684770732902,0.0022375152479166406,0.9909051927233335,
0.01823008561860505,0.009337060733029196,0.9468411079082538,0.012703232989342462,0.012888512750769333,
0.0015301531978873031,7.837118068678512E-4,9.538721102088912E-4,0.0010662534992327275,0.9956660093858032,
0.013896729667494659,0.007117608310268319,0.008662990654293901,0.9604978037693672,0.009824867598576018,
