0.9735520364084899,0.010088778787457191,0.0033676472107133856,0.004355298672376584,0.008636238920963093,
7.697899418832279E-4,0.9909346203609907,0.0017077024215673758,0.00220853124573317,0.00437935602982562,
0.0012709672535779414,0.9036503848792515,0.002819514439690001,0.003646411493716758,0.0886127219337638,
0.0021429612853404527,0.014241846397501041,0.004753946469277402,0.9666698804947831,0.012191365353098085,
0.0015180519263062902,0.010088778787457191,0.0033676472107133856,0.8791858847063416,0.10583963736918144,
0.004750203158768842,0.03156924215425677,0.010537853245161103,0.013628356943786625,0.9395143444980266,
0.0021429612853404527,0.014241846397501041,0.004753946469277402,0.006148166791439892,0.9727130790564412,
7.007124031981497E-4,0.09439241424995823,0.8989101538865164,0.002010347437055297,0.003986372023271922,
6.430114083923403E-4,0.00427337151296676,0.001426456854607252,0.0018448029904407316,0.9918123572335928,
0.0015180519263062902,0.9821227632696407,0.0033676472107133856,0.004355298672376584,0.008636238920963093,
6.430114083923403E-4,0.9924276192606127,0.001426456854607252,0.0018448029904407316,0.0036581094859470444,
0.0015180519263062902,0.9821227632696407,0.0033676472107133856,0.004355298672376584,0.008636238920963093,
0.0015180519263062902,0.9821227632696407,0.0033676472107133856,0.004355298672376584,0.008636238920963093,
0.0018843901865829627,0.37450536197402257,0.004180332204566101,0.005406324998271724,0.6140235906365566,
7.697899418832279E-4,0.2515705991541603,0.0017077024215673758,0.7415725524525635,0.00437935602982562,
5.940903344327147E-4,0.3082730134530489,0.0013179303177936518,0.6864351697363155,0.0033797961584092697,
7.007124031981497E-4,0.004656844938561935,0.9886457231979127,0.002010347437055297,0.003986372023271922,
6.430114083923403E-4,0.00427337151296676,0.001426456854607252,0.0018448029904407316,0.9918123572335928,
0.0015180519263062902,0.8849193648214223,0.0033676472107133856,0.004355298672376584,0.10583963736918144,
0.3810000467539169,0.00394824831746158,0.0013179303177936518,0.6103539784524187,0.0033797961584092697,
7.697899418832279E-4,0.5966071423840145,0.0017077024215673758,0.34724507447558733,0.05367029077694764,
7.336286976202137E-4,0.0048756024179157816,0.0016274822978232727,0.0021047844526222116,0.9906585021340185,
0.0010215575826067007,0.006789140931855767,0.0022662238913126894,0.002930853883311436,0.9869922237109133,
0.0016814993805880196,0.44185187659620434,0.003730239131300304,0.5431702889339488,0.009566095957958414,
