huddled executives Nervous meetings York New Thursday 
huddled executives Nervous meetings York New Thursday 
huddled executives Nervous meetings York New Thursday 
huddled executives Nervous meetings York New Thursday 
huddled executives Nervous meetings York New Thursday 
huddled executives Nervous meetings York New Thursday 
huddled executives Nervous meetings York New Thursday 
huddled executives Nervous meetings York New Thursday 
huddled executives Nervous meetings York New Thursday 
huddled executives Nervous meetings York New Thursday 
huddled executives Nervous meetings York New Thursday 
huddled executives Nervous meetings York New Thursday 
huddled executives Nervous meetings York New Thursday 
huddled executives Nervous meetings York New Thursday 
