annoyed structure That has investors some two-tiered extent the powerful System Employees the largest the control Murdoch Retirement California Public fund US public pension 
annoyed structure That has investors some two-tiered extent the powerful System Employees the largest the control Murdoch Retirement California Public fund US public pension 
annoyed structure That has investors some two-tiered extent the powerful System Employees the largest the control Murdoch Retirement California Public fund US public pension 
annoyed structure That has investors some two-tiered extent the powerful System Employees the largest the control Murdoch Retirement California Public fund US public pension 
annoyed structure That has investors some two-tiered extent the powerful System Employees the largest the control Murdoch Retirement California Public fund US public pension 
annoyed structure That has investors some two-tiered extent the powerful System Employees the largest the control Murdoch Retirement California Public fund US public pension 
annoyed structure That has investors some two-tiered extent the powerful System Employees the largest the control Murdoch Retirement California Public fund US public pension 
annoyed structure That has investors some two-tiered extent the powerful System Employees the largest the control Murdoch Retirement California Public fund US public pension 
annoyed structure That has investors some two-tiered extent the powerful System Employees the largest the control Murdoch Retirement California Public fund US public pension 
annoyed structure That has investors some two-tiered extent the powerful System Employees the largest the control Murdoch Retirement California Public fund US public pension 
