0.001691323385236736,0.7207731726618362,0.03531571257126243,0.24102633074166188,0.001193460640002891,
0.003473300405383003,0.9884995922842261,0.0022843714065146035,0.0032918460498638186,0.0024508898540124458,
0.003735695463532399,0.9876307788217783,0.0024569472560202325,0.0035405328995052124,0.0026360455591638537,
0.22707509825418976,0.7677856440278816,0.0014625409786597284,0.0021075643521167547,0.0015691523871521748,
0.23037465051279593,0.5343528687232513,0.0024569472560202325,0.23017948794876875,0.0026360455591638537,
0.002328449291834738,0.003445987141813107,0.0015314088512306263,0.8968754658433512,0.0958186888717702,
0.003735695463532399,0.9876307788217783,0.0024569472560202325,0.0035405328995052124,0.0026360455591638537,
0.002128039766740926,0.9929538703548443,0.001399600560762013,0.0020168653679487228,0.0015016239497041778,
0.003473300405383003,0.005140308865035648,0.9856436548257052,0.0032918460498638186,0.0024508898540124458,
0.009442409894658102,0.013974288896401739,0.006210223319157159,0.9637101625334327,0.006662915356350339,
0.0024435088050141886,0.9919093242061083,0.0016070828878176355,0.0023158534732921946,0.0017242306277677024,
0.805332348577271,0.0065126544002101,0.002894246607153692,0.004170694062235336,0.18109005635312994,
0.9891243079775489,0.004245663338319447,0.001886787776064313,0.0027189164029351727,0.00202432450513216,
0.2087230071202882,0.30889948999934164,0.13727602386720514,0.19781876783239347,0.14728271118077163,
0.0018847139059499976,0.9937595440024649,0.0012395664220520744,0.0017862514906022845,0.0013299241789308032,
0.002443508805014188,0.0036162693997733985,0.001607082887817635,0.990608908279627,0.001724230627767702,
0.003245347372079139,0.004802949909246044,0.0021344478955794195,0.9875272171014381,0.0022900377216573137,
0.001815516859068697,0.9939886616021488,0.0011940558883055804,0.0017206694795889486,0.0012810961708880314,
0.003473300405383003,0.005140308865035648,0.0022843714065146035,0.0032918460498638186,0.985810173273203,
0.007928454069761844,0.011733710875587429,0.005214502536768376,0.9695287206589521,0.0055946118589302474,
0.9925718587205093,0.002899805091674829,0.0012886836199562687,0.0018570308102173884,0.001382621757642219,
0.0014877757916903914,0.002201832896273261,0.9938505109508049,0.0014100504682430359,0.0010498298929882588,
0.0022237382938611974,0.9926370039882102,0.0014625409786597284,0.0021075643521167547,0.0015691523871521748,
0.9943597844302349,0.002201832896273261,9.785023122603723E-4,0.0014100504682430359,0.0010498298929882588,
0.9931173053675948,0.002686873093622726,0.0011940558883055804,0.0017206694795889486,0.0012810961708880314,
0.00286878951854626,0.0042456633383194465,0.0018867877760643127,0.0027189164029351722,0.9882798429641347,
4.6988335705238206E-4,6.954035942430176E-4,3.090398122730736E-4,4.4533541366372805E-4,0.9980803378227678,
0.2723844955097542,0.0016543226716330605,7.351868355484906E-4,0.0010594257455729136,0.7241665692374913,
0.002443508805014188,0.0036162693997733985,0.001607082887817635,0.002315853473292194,0.9900172854341025,
0.006003350666685609,0.00888465524146877,0.0039483721549114755,0.9769274345872148,0.004236187349719363,
0.002711482763337547,0.16851438750093545,0.0017833279506217882,0.22190520136833156,0.6050856004167738,
0.0053534202147449235,0.22444535921070702,0.0035209163154063697,0.7629027319914943,0.0037775722676474453,
0.003473300405383003,0.005140308865035648,0.0022843714065146035,0.0032918460498638186,0.985810173273203,
0.0010043089881316134,0.0014863264884681481,6.605287386711049E-4,9.518412430724437E-4,0.9958969945416567,
0.0053534202147449235,0.007922791056444748,0.0035209163154063697,0.005073743451576263,0.9781291289618278,
0.16826419905291023,0.01173371087558743,0.005214502536768376,0.007514250760061816,0.8072733367746722,
0.003735695463532399,0.005528640274969697,0.0024569472560202325,0.9856426714463138,0.0026360455591638537,
0.0022237382938611974,0.9926370039882102,0.0014625409786597284,0.0021075643521167547,0.0015691523871521748,
0.9891243079775489,0.004245663338319447,0.001886787776064313,0.0027189164029351727,0.00202432450513216,
0.0011436772637755295,0.0016925844849509358,7.521905204630833E-4,0.9956045265478146,8.070211829958512E-4,
0.0018155168590686967,0.0026868730936227257,0.9924958443968316,0.0017206694795889484,0.0012810961708880312,
0.0010251293296014484,0.8929506463423844,0.1043292810981987,9.715738751010672E-4,7.233693547142858E-4,
0.0022237382938611974,0.9926370039882102,0.0014625409786597284,0.0021075643521167547,0.0015691523871521748,
9.117236119335325E-4,0.9969812017281651,5.996358237592512E-4,8.640927706280625E-4,6.4334606551404E-4,
0.0016353876679424584,0.5646470078483211,0.4310136634532128,0.0015499507115390866,0.0011539903189845923,
0.0019593947494001476,0.993512269062784,0.0012886836199562687,0.0018570308102173884,0.001382621757642219,
0.6836525606113231,0.005528640274969697,0.3046422206550383,0.0035405328995052124,0.0026360455591638537,
0.16748089735188984,0.0059804405398662065,0.0026577288887360234,0.8210294701213695,0.002851463098138394,
0.00286878951854626,0.0042456633383194465,0.9881423062350669,0.0027189164029351722,0.0020243245051321597,
0.006832896516410419,0.010112341127401739,0.00449396009673399,0.006475928016999032,0.9720848742424547,
0.9868325838245735,0.005140308865035648,0.0022843714065146035,0.0032918460498638186,0.0024508898540124458,
0.003473300405383003,0.9884995922842261,0.0022843714065146035,0.0032918460498638186,0.0024508898540124458,
0.0018847139059499976,0.11713200385044155,0.0012395664220520744,0.8784137916426257,0.0013299241789308032,
0.004040976349257213,0.986619966555662,0.0026577288887360234,0.003829865108206389,0.002851463098138394,
0.003245347372079139,0.9892543651276516,0.0021344478955794195,0.003075801883032515,0.0022900377216573137,
0.003473300405383003,0.005140308865035648,0.0022843714065146035,0.0032918460498638186,0.985810173273203,
0.007928454069761844,0.011733710875587429,0.005214502536768376,0.9695287206589521,0.0055946118589302474,
0.9925718587205093,0.002899805091674829,0.0012886836199562687,0.0018570308102173884,0.001382621757642219,
0.002443508805014188,0.0036162693997733985,0.001607082887817635,0.990608908279627,0.001724230627767702,
0.0014877757916903914,0.002201832896273261,0.9938505109508049,0.0014100504682430359,0.0010498298929882588,
0.0022237382938611974,0.9926370039882102,0.0014625409786597284,0.0021075643521167547,0.0015691523871521748,
0.993998659393734,0.002342809242868652,0.0010411526983778163,0.0015003315081277963,0.001117047156891717,
0.9931173053675948,0.002686873093622726,0.0011940558883055804,0.0017206694795889486,0.0012810961708880314,
0.00286878951854626,0.0042456633383194465,0.0018867877760643127,0.0027189164029351722,0.9882798429641347,
0.0025705306862327053,0.0038042553571841424,0.0016906245109400031,0.0024362393970917624,0.9894983500485514,
0.06088382001613466,0.9324861512997338,0.001886787776064313,0.0027189164029351727,0.00202432450513216,
0.00440059260295291,0.0065126544002101,0.002894246607153692,0.1821555287231949,0.8040369776664884,
0.007928454069761844,0.011733710875587429,0.005214502536768376,0.9695287206589521,0.0055946118589302474,
0.9876967625904848,0.004802949909246044,0.0021344478955794195,0.003075801883032515,0.0022900377216573137,
0.003473300405383003,0.005140308865035648,0.9856436548257052,0.0032918460498638186,0.0024508898540124458,
0.7251763851989098,0.26732332730082087,0.0021344478955794195,0.0030758018830325147,0.0022900377216573133,
0.007928454069761844,0.011733710875587429,0.005214502536768376,0.9695287206589521,0.0055946118589302474,
0.0025705306862327058,0.0038042553571841432,0.0016906245109400036,0.626236968698477,0.3656976207471662,
0.0015830333364480233,0.0023428092428686514,0.0010411526983778163,0.001500331508127796,0.9935326732141777,
0.003473300405383003,0.005140308865035648,0.0022843714065146035,0.0032918460498638186,0.985810173273203,
0.038530397914940034,0.8104142563227921,0.0011940558883055804,0.14858019370307432,0.0012810961708880314,
0.002040238163572318,0.45687263844250325,0.5377138047669936,0.0019336507516390167,0.0014396678752919391,
0.0010043089881316138,0.6920251585493947,0.04128046003637267,0.22436146338043103,0.041328609045670164,
0.1742679491876557,0.8208139609339294,0.001399600560762013,0.0020168653679487228,0.0015016239497041778,
0.002040238163572318,0.0030194492543003564,0.9915669939551963,0.0019336507516390165,0.001439667875291939,
0.2218759883690072,0.7657517795963628,0.0035209163154063697,0.005073743451576263,0.0037775722676474453,
0.002711482763337547,0.004012857299695163,0.0017833279506217882,0.4412405749699852,0.5502517570163604,
0.003045472710739378,0.06609520942653262,0.002002991382188378,0.9267073277484245,0.0021489987321150956,
0.9902550187467594,0.0038042553571841432,0.0016906245109400036,0.002436239397091763,0.0018138619880248088,
0.15539026189627514,0.6709349878001499,5.584498611940036E-4,8.047425932472712E-4,0.17231155784913357,
0.001815516859068697,0.8104142563227921,0.18476846116766227,0.0017206694795889486,0.0012810961708880314,
0.11174928554183153,0.7471161397496706,8.974935634359359E-4,0.0012933144904324037,0.1389437666546295,
0.0014877757916903914,0.9950738415348178,9.785023122603723E-4,0.0014100504682430359,0.0010498298929882588,
0.00286878951854626,0.0042456633383194465,0.9881423062350669,0.0027189164029351722,0.0020243245051321597,
0.006003350666685609,0.00888465524146877,0.0039483721549114755,0.9769274345872148,0.004236187349719363,
0.0017512209887636924,0.002591718458681913,0.674029869464372,0.3203914644729887,0.001235726615193623,
0.969942923968652,0.011733710875587427,0.005214502536768375,0.007514250760061813,0.005594611858930247,
0.8736983630439762,0.002899805091674829,0.0012886836199562687,0.12073052648675049,0.001382621757642219,
0.441382229966645,0.004012857299695163,0.550121761954756,0.0025698277666778104,0.0019133230122261237,
0.9740962250268481,0.010112341127401739,0.004493960096733989,0.006475928016999031,0.004821545732016984,
0.0040409763492572125,0.41458024304644775,0.002657728888736023,0.5758695886174205,0.0028514630981383935,
0.9876967625904848,0.004802949909246044,0.0021344478955794195,0.003075801883032515,0.0022900377216573137,
0.003045472710739379,0.9899161679748506,0.0020029913821883786,0.0028863692001066606,0.002148998732115096,
0.00440059260295291,0.9854292450354877,0.002894246607153692,0.004170694062235336,0.0031052216921703887,
0.0013646050501336213,0.9954816708559907,8.974935634359358E-4,0.0012933144904324035,9.629160400071521E-4,
0.006832896516410419,0.010112341127401739,0.00449396009673399,0.9737392565274369,0.004821545732016985,
0.003473300405383003,0.07538025768069212,0.9154037060100487,0.0032918460498638186,0.0024508898540124458,
0.7163399312467912,0.0065126544002101,0.002894246607153692,0.2711479460536747,0.0031052216921703887,
0.15120052435591072,0.0013746501029848982,6.108993587098933E-4,8.803238541239577E-4,0.8459336023282705,
0.002040238163572318,0.2918351151013386,0.0013418539082082459,0.7033431249515889,0.001439667875291939,
0.0018847139059499974,0.0027892812219167755,0.0012395664220520742,0.9927565142711503,0.001329924178930803,
0.9833171832382306,0.0065126544002101,0.002894246607153692,0.004170694062235336,0.0031052216921703887,
0.001815516859068697,0.3698356836523361,0.6253470338381183,0.0017206694795889486,0.0012810961708880314,
0.0014443204773431939,0.790760036750843,0.20540761118978065,0.0013688653738994215,0.0010191662081335295,
0.002040238163572318,0.45687263844250325,0.5377138047669936,0.0019336507516390167,0.0014396678752919391,
0.0027114827633375467,0.05884670070010858,0.0017833279506217878,0.057403671167091226,0.8792548174188408,
0.004040976349257213,0.0059804405398662065,0.0026577288887360234,0.9844693911240022,0.002851463098138394,
0.8150792164847837,0.17829075483108459,0.0018867877760643127,0.0027189164029351722,0.0020243245051321597,
0.0016353876679424584,0.9945850854347242,0.0010755858668096976,0.0015499507115390866,0.0011539903189845923,
0.9907365636113491,0.003616269399773399,0.0016070828878176355,0.0023158534732921946,0.0017242306277677024,
0.2194502095721337,0.0017746752325569278,7.886719385051166E-4,0.001136499344197124,0.7768499439126071,
