0.13266563371940057,0.11688354324957233,0.05458907510105798,0.10106613092149343,0.5947956170084756,
0.006551252131844256,0.005771905959540844,0.25432996100200045,0.0049908155344669325,0.7283560653721475,
0.158196313765603,0.00771268065345363,0.0036021161894696217,0.5670773361894241,0.26341155320204945,
0.010765012526685604,0.009484391488351531,0.004429572759784994,0.008200904295189913,0.967120118929988,
0.009859102885678586,0.008686250133003948,0.004056810288892935,0.17581705887699936,0.8015807778154252,
0.014861757222235792,0.07652062682233009,0.006115295712936998,0.011321849216224582,0.8911804710262725,
0.9183701591746707,0.01100058455135202,0.00513769277978738,0.009511916627184976,0.0559796468670047,
0.26856913783107916,0.013093781670119245,0.006115295712936998,0.13817553952064626,0.5740462452652183,
0.08359048299560755,0.013980522079182626,0.00652943732295087,0.012088590365441979,0.883810967236817,
0.05916172832946891,0.005466240748576532,0.002552943027294816,0.1635987555506163,0.7692203323440435,
0.013188719485154154,0.06790644382737736,0.0054268764131082,0.010047310767705755,0.9034306495066546,
0.09668608178833474,0.01617076313893892,0.6342073760326651,0.013982434302242464,0.2389533447378187,
0.03767032960679588,0.03681962823054132,0.0029425126795283502,0.4327173949145988,0.48985013456853566,
0.014861757222235794,0.9010696138010711,0.006115295712936999,0.011321849216224584,0.06663148404753158,
0.008754078103031245,0.007712680653453632,0.22776546968332734,0.04402951137042291,0.7117382601897649,
0.625239019875738,0.00906779172072069,0.04815978034957084,0.007840681414477437,0.30969272663949304,
0.013975345168297489,0.012312818441446343,0.005750556082738067,0.07029039628742537,0.8976708840200927,
0.013975345168297489,0.012312818441446343,0.005750556082738067,0.010646570817576135,0.957314709489942,
0.38748488643227935,0.03580161931507739,0.016720722448986834,0.03095672020459834,0.5290360515990581,
0.01128340371965394,0.009941114135541895,0.004642879665057307,0.008595820376380165,0.9655367821033667,
0.21421995434106222,0.010444049283462346,0.004877769571690007,0.31257925588599295,0.4578789709177924,
0.008438799824992302,0.5116451564606052,0.0034723859110615584,0.042443787738033076,0.4339998700653079,
0.013188719485154154,0.01161977085648265,0.0054268764131082,0.010047310767705755,0.9597173224775493,
0.008754078103031245,0.5307605054724549,0.3772077053458991,0.006668952454779953,0.07660875862383473,
0.054216937346514976,0.22869166961657572,0.0042350047703998295,0.09569023257281943,0.61716615569369,
