0.01882443163853849,0.4657565525291364,0.011918908547475333,0.47337643920402417,0.030123668080825537,
0.0015564446642857856,0.9558275979210266,9.854811007865582E-4,0.0391397863768338,0.002490689937067184,
0.002699243558936214,0.0667850375823732,0.001709057555844506,0.0066912594414129285,0.9221154018614331,
0.0019744036755273775,0.00409521267596245,0.001250116725767824,0.989520740934325,0.0031595259884173777,
0.9897971664980845,0.0031182846742014805,9.518967964242754E-4,0.0037268425539813445,0.002405809477308214,
0.00161336658550571,0.003346366993655663,0.0010215218794084168,0.003999436939280783,0.9900193076021494,
0.003306110534544995,0.5314572902357821,0.0020933024627640745,0.23302418073947265,0.23011911602743626,
0.00161336658550571,0.003346366993655663,0.0010215218794084168,0.991436965688943,0.0025817788524871575,
0.002543609272066464,0.9854700299050261,0.001610515891072304,0.006305451577584885,0.004070393354249995,
0.002543609272066464,0.9854700299050261,0.001610515891072304,0.006305451577584885,0.004070393354249995,
0.9791273521818061,0.006379292359251088,0.0019473616409893604,0.007624261641485033,0.004921732176468538,
0.002066909754402563,0.004287084313717609,0.0013086880290278718,0.9890297596939137,0.0033075582089381727,
0.49110148368210577,0.006379292359251089,0.0019473616409893606,0.4956501301411854,0.004921732176468539,
0.0024049438592135424,0.38659474123200055,0.0015227182668875558,0.6056291016669079,0.0038484949749905428,
0.0011505232995595617,0.2892667812349301,0.49624919515014365,0.21149238326808042,0.0018411170472862818,
0.0016746100218615002,0.9524740269227056,0.0010602988757647573,0.042111280936698504,0.0026797832429694734,
0.002699243558936214,0.12797143463592295,0.001709057555844506,0.0066912594414129285,0.8609290048078835,
0.9897971664980845,0.0031182846742014805,9.518967964242754E-4,0.0037268425539813445,0.002405809477308214,
0.0016746100218615004,0.0034733951692979817,0.03902032414590107,0.004151255666562198,0.9516804149963772,
0.004721473018411063,0.11681930366558493,0.21704196079732796,0.6538617575881575,0.007555504930518624,
0.13329616883342507,0.22255672713504407,6.160085635930901E-4,0.6419742047987367,0.0015568906692009971,
0.05692016141865768,0.004988218315891597,0.0015227182668875558,0.22402257875079884,0.7125463232477643,
0.002543609272066465,0.005275831413188519,0.0016105158910723046,0.8711826855409712,0.11938735788270152,
0.002066909754402563,0.004287084313717609,0.0013086880290278718,0.9890297596939137,0.0033075582089381727,
0.24852663241896417,0.35604285623109344,9.854811007865586E-4,0.39195434031208864,0.002490689937067185,
0.0013639553455540787,0.9922086184386019,8.636042425428227E-4,0.0033811617530361705,0.0021826602202651545,
0.0014538563297896497,0.003015518530774869,0.5941282588583572,0.0036040207861038104,0.3977983454949746,
