said Welles analyst senior technology overvalued that Inc Manning Napier MN.N not stocks all are advises who social media funds aa the billion 1.4 Series Manning Napier EXEYX.O Equity 
said Welles analyst senior technology overvalued that Inc Manning Napier MN.N not stocks all are advises who social media funds aa the billion 1.4 Series Manning Napier EXEYX.O Equity 
said Welles analyst senior technology overvalued that Inc Manning Napier MN.N not stocks all are advises who social media funds aa the billion 1.4 Series Manning Napier EXEYX.O Equity 
said Welles analyst senior technology overvalued that Inc Manning Napier MN.N not stocks all are advises who social media funds aa the billion 1.4 Series Manning Napier EXEYX.O Equity 
said Welles analyst senior technology overvalued that Inc Manning Napier MN.N not stocks all are advises who social media funds aa the billion 1.4 Series Manning Napier EXEYX.O Equity 
said Welles analyst senior technology overvalued that Inc Manning Napier MN.N not stocks all are advises who social media funds aa the billion 1.4 Series Manning Napier EXEYX.O Equity 
said Welles analyst senior technology overvalued that Inc Manning Napier MN.N not stocks all are advises who social media funds aa the billion 1.4 Series Manning Napier EXEYX.O Equity 
said Welles analyst senior technology overvalued that Inc Manning Napier MN.N not stocks all are advises who social media funds aa the billion 1.4 Series Manning Napier EXEYX.O Equity 
said Welles analyst senior technology overvalued that Inc Manning Napier MN.N not stocks all are advises who social media funds aa the billion 1.4 Series Manning Napier EXEYX.O Equity 
said Welles analyst senior technology overvalued that Inc Manning Napier MN.N not stocks all are advises who social media funds aa the billion 1.4 Series Manning Napier EXEYX.O Equity 
said Welles analyst senior technology overvalued that Inc Manning Napier MN.N not stocks all are advises who social media funds aa the billion 1.4 Series Manning Napier EXEYX.O Equity 
said Welles analyst senior technology overvalued that Inc Manning Napier MN.N not stocks all are advises who social media funds aa the billion 1.4 Series Manning Napier EXEYX.O Equity 
