0.3253716680335592,0.002827753668584295,0.16229223424586536,0.0012244956737444896,0.5082838483782467,
0.17098614615654079,0.33263320873510416,0.16479819437995996,0.004287178192867231,0.32729527253552804,
0.49786094410999027,0.003371639766907726,0.0011687200893587197,0.0014600134212080567,0.4961386826125353,
0.9809000759720998,0.008524847308028773,0.0029549895589072567,0.003691495042154665,0.003928592118809578,
0.005096530159260702,0.3044652642619037,0.6857496532646266,0.0022713345998781635,0.0024172177143308754,
0.011470774500092693,0.6852608108505805,0.2927158770114486,0.005112099054710595,0.0054404385831675435,
0.03512773488792112,0.33077674698179643,0.012531709700421894,0.015655129504395265,0.6059086789254653,
0.002114208829452337,0.0021758989358690852,7.542373962141183E-4,9.422245166110404E-4,0.9940134303218534,
0.004517250780327443,0.0046490588011187115,0.6456934776792048,0.34299773967138514,0.0021424730679640265,
0.05487988843023517,0.05505047462417181,0.002085625949089248,0.8852112182325907,0.0027727927639130865,
0.0039227614010573005,0.004037222926762603,0.0013994328771529739,0.9887800682780082,0.0018605145170188858,
0.010464050159764735,0.010769378734176799,0.003733017210224838,0.004663439328333522,0.9703701145675001,
0.00961977727070449,0.00990047096343157,0.0034318254941236794,0.00428717819286723,0.972760748078873,
0.005846234645262288,0.006016820839198927,0.8356577402936282,0.0026054501030789304,0.14987375411883172,
0.0962898676185026,0.7755320972155226,0.001313032548431159,0.12511935539318786,0.0017456472243558962,
0.006854544770679585,0.9843942801454109,0.0024453374368934465,0.0030548165550965544,0.003251021091919573,
0.016124763681951156,0.4223210670111316,0.005752459078128639,0.548153945339065,0.007647764889723611,
0.2508481516689558,0.005030220481074567,0.7396252753500773,0.0021782248169234827,0.0023181276829688604,
0.007745083314045732,0.007971075660305032,0.32756160703761156,0.0034516965779484237,0.6532705374100893,
0.005846234645262288,0.05505047462417181,0.884691394078601,0.0026054501030789304,0.05180644654888597,
0.007745083314045732,0.007971075660305032,0.0027630342806583014,0.0034516965779484237,0.9780691101670426,
0.008901570237408101,0.3824584291936428,0.003175607378301859,0.003967099936950744,0.6014972932536965,
0.1076786791791917,0.20422128745508558,0.004092162974151585,0.005112099054710595,0.6788957713368605,
0.035127734887921126,0.9200247998769984,0.012531709700421896,0.015655129504395265,0.016660626030263463,
0.004887605936041366,0.37397103908044615,0.6166450024836201,0.0021782248169234827,0.0023181276829688604,
0.00961977727070449,0.00990047096343157,0.0034318254941236794,0.00428717819286723,0.972760748078873,
0.010464050159764737,0.8884122443661543,0.0037330172102248383,0.09242772589153127,0.00496296237232495,
0.39630239321648875,0.49284500149238253,0.10030006765325059,0.005112099054710595,0.0054404385831675435,
0.005846234645262288,0.9376562427536835,0.05111927973406213,0.0026054501030789304,0.0027727927639130865,
0.30431655355579884,0.13348239374959617,0.5575125003803959,0.0022713345998781635,0.0024172177143308754,
0.014203812596896747,0.133748758368024,0.0050671657785914155,0.12546060820394306,0.7215196550525448,
0.9672477755069763,0.014618263004264073,0.005067165778591417,0.00633011284018316,0.006736682869985268,
0.9821408015849055,0.007971075660305032,0.002763034280658302,0.003451696577948424,0.0036733918961828647,
0.21670106638346984,0.7727238568966588,0.0029549895589072567,0.003691495042154665,0.003928592118809578,
0.9570033514178236,0.019190645124273785,0.00665210225144036,0.008310080963595269,0.008843820242866804,
0.022103368208586067,0.9496773332663155,0.007885307568942642,0.009850651996002534,0.010483338960152933,
0.30249172368819144,0.3113180734624207,0.1079129775983397,0.13480935003226557,0.14346787521878265,
0.008283154677479839,0.9811417686026488,0.0029549895589072567,0.003691495042154665,0.003928592118809578,
0.003368607578867741,0.05997340255287643,0.9335590397264886,0.0015012635475905806,0.0015976865941767547,
0.049800016168698794,0.05125312158298213,0.8531333432934407,0.022194021474183825,0.023619497480694706,
0.012691828750748115,0.01306216126253675,0.004527770264132061,0.00565627767843609,0.9640619620441471,
0.0061476777475155476,0.31569859937099437,0.0021931648342660257,0.002739792121402581,0.6732207659258215,
0.008283154677479839,0.9811417686026488,0.0029549895589072567,0.003691495042154665,0.003928592118809578,
0.9707342221227042,0.013062161262536752,0.004527770264132062,0.005656277678436091,0.006019568672190985,
0.9735498212910828,0.011805478096887596,0.004092162974151586,0.005112099054710596,0.005440438583167544,
0.9850535524785564,0.006671030875915984,0.0023123964422112242,0.0028887411720924907,0.0030742790312239614,
0.9871494211776324,0.005735584189782565,0.001988140172209148,0.0024836668429828908,0.0026431876173931054,
0.97587120235494,0.010769378734176799,0.0037330172102248383,0.004663439328333523,0.00496296237232495,
0.011470774500092693,0.011805478096887595,0.004092162974151585,0.9671911458457005,0.0054404385831675435,
0.33143215753849864,0.4883690405337675,0.16304490072127162,0.008310080963595269,0.008843820242866805,
0.006854544770679585,0.9843942801454109,0.0024453374368934465,0.0030548165550965544,0.003251021091919573,
0.005324113198671011,0.4520245300694471,0.0018993607538546956,0.002372759925659627,0.5383792360523677,
0.9570033514178236,0.019190645124273785,0.00665210225144036,0.008310080963595269,0.008843820242866804,
0.02210336820858607,0.5789057272720576,0.007885307568942644,0.009850651996002536,0.38125494495441115,
0.010464050159764735,0.09853366529737453,0.09149730377342259,0.004663439328333522,0.7948415414411046,
0.027133541607682256,0.9382251537981641,0.009679806217414662,0.012092413847248256,0.012869084529490453,
0.011470774500092693,0.011805478096887595,0.004092162974151585,0.005112099054710595,0.9675194853741576,
0.07270479786543638,0.2678099338658676,0.6523601797945647,0.0034516965779484237,0.0036733918961828643,
0.4492854829757534,0.010769378734176797,0.09149730377342258,0.004663439328333521,0.44378439518831364,
0.7098584573255792,0.02792526617430172,0.009679806217414664,0.012092413847248257,0.24044405643545613,
0.04784224778733758,0.9456510286830568,0.0018181712153965714,0.0022713345998781635,0.0024172177143308754,
0.008901570237408101,0.009161307500620702,0.003175607378301859,0.07862652427555517,0.9001349906081142,
0.38219869193043027,0.6064367022094561,0.003175607378301859,0.003967099936950744,0.004221898544861079,
0.05231470719001762,0.05247731988916331,0.001988140172209148,0.002483666842982891,0.8907361659056271,
0.9871494211776324,0.005735584189782565,0.001988140172209148,0.0024836668429828908,0.0026431876173931054,
0.00532411319867101,0.9878786087432115,0.0018993607538546954,0.0023727599256596265,0.0025251573786030986,
0.008283154677479839,0.9811417686026488,0.0029549895589072567,0.003691495042154665,0.003928592118809578,
0.2524648033244166,0.7294012351868236,0.005067165778591417,0.00633011284018316,0.006736682869985268,
0.014203812596896747,0.01461826300426407,0.0050671657785914155,0.006330112840183159,0.9597806457800646,
0.7675931845530396,0.006671030875915984,0.21977276436772797,0.0028887411720924907,0.0030742790312239614,
0.31023952262481447,0.004174570734383266,0.6818543919630377,0.001807704773150146,0.001923809904614406,
0.1839421394232592,0.49667903662559404,0.314480906646884,0.0023727599256596265,0.0025251573786030986,
0.005572971490636875,0.987312033876778,0.001988140172209148,0.0024836668429828908,0.0026431876173931054,
0.044074274778637734,0.4380026588252307,0.19857066795272899,0.0020924482000562027,0.31725995024334624,
0.12183568922798352,0.0070545522583274,0.8648039208666729,0.0030548165550965544,0.003251021091919573,
0.08552055598402002,0.08801594438935569,0.030509191225390798,0.03811334216366126,0.7578409662375722,
0.06826999826567424,0.12947955014539875,0.7955599745908063,0.0032411522527896136,0.0034493247453311073,
0.011470774500092693,0.011805478096887595,0.2927158770114486,0.6785674318084036,0.0054404385831675435,
0.004887605936041366,0.005030220481074567,0.9855858210829918,0.0021782248169234827,0.0023181276829688604,
0.4822834854196136,0.02792526617430172,0.009679806217414664,0.4672423576591796,0.012869084529490454,
0.0061476777475155476,0.006327059693696497,0.9818697071457093,0.002739792121402581,0.0029157632916760635,
0.8028002390732187,0.08801594438935569,0.030509191225390798,0.03811334216366126,0.04056128314837352,
0.9891736000734102,0.00483213473179342,0.001674975182984765,0.002092448200056203,0.0022268418117554855,
0.008901570237408101,0.009161307500620702,0.9737481237801593,0.003967099936950744,0.004221898544861079,
0.9735498212910828,0.011805478096887596,0.004092162974151586,0.005112099054710596,0.005440438583167544,
0.9865193103447198,0.006016820839198927,0.002085625949089248,0.0026054501030789304,0.0027727927639130865,
0.08356099457601254,0.9050743995638739,0.0031756073783018595,0.003967099936950744,0.004221898544861079,
0.004517250780327443,0.3077464529530594,0.07738586364431596,0.002013171250451834,0.6083372613718454,
0.9672477755069763,0.014618263004264073,0.005067165778591417,0.00633011284018316,0.006736682869985268,
0.1503688953148675,0.8440744704307314,0.0015526881401784448,0.001939682173902723,0.0020642639403199276,
0.005096530159260702,0.9883967463111337,0.0018181712153965714,0.0022713345998781635,0.0024172177143308754,
0.9707342221227042,0.013062161262536752,0.004527770264132062,0.005656277678436091,0.006019568672190985,
0.13766451241682703,0.8524473648283835,0.002763034280658302,0.003451696577948424,0.0036733918961828647,
0.007272653799217478,0.9834423726757934,0.0025944965268683584,0.0032411522527896136,0.0034493247453311073,
0.011470774500092693,0.6852608108505805,0.004092162974151585,0.2937358130920076,0.0054404385831675435,
0.8419548015014399,0.14747012177868876,0.0029549895589072567,0.003691495042154665,0.003928592118809578,
0.007272653799217478,0.9834423726757934,0.0025944965268683584,0.0032411522527896136,0.0034493247453311073,
0.0061476777475155476,0.9860036020051398,0.0021931648342660257,0.002739792121402581,0.0029157632916760635,
0.012691828750748115,0.2259604709007492,0.004527770264132061,0.7508003614121797,0.006019568672190984,
0.012691828750748115,0.4388587805389616,0.004527770264132061,0.00565627767843609,0.5382653427677221,
0.8172651650927214,0.17622811137767302,0.0018181712153965714,0.0022713345998781635,0.0024172177143308754,
0.007272653799217478,0.9834423726757934,0.0025944965268683584,0.0032411522527896136,0.0034493247453311073,
0.007272653799217478,0.3734689280112258,0.24658387439269544,0.3692252190515302,0.0034493247453311073,
0.006854544770679585,0.9843942801454109,0.0024453374368934465,0.0030548165550965544,0.003251021091919573,
0.03512773488792112,0.6254007734293974,0.012531709700421894,0.015655129504395265,0.3112846524778644,
0.04997861975481806,0.9432241021870645,0.0018993607538546954,0.0023727599256596265,0.0025251573786030986,
0.005572971490636875,0.005735584189782565,0.001988140172209148,0.0024836668429828908,0.9842196373043884,
0.9821408015849055,0.007971075660305032,0.002763034280658302,0.003451696577948424,0.0036733918961828647,
0.005572971490636875,0.987312033876778,0.001988140172209148,0.0024836668429828908,0.0026431876173931054,
0.9570033514178236,0.019190645124273785,0.00665210225144036,0.008310080963595269,0.008843820242866804,
0.20748917120571517,0.7642915302691865,0.007885307568942642,0.009850651996002534,0.010483338960152933,
0.30249172368819144,0.3113180734624207,0.1079129775983397,0.13480935003226557,0.14346787521878265,
0.008283154677479839,0.9811417686026488,0.0029549895589072567,0.003691495042154665,0.003928592118809578,
0.003368607578867741,0.05997340255287643,0.9335590397264886,0.0015012635475905806,0.0015976865941767547,
0.049800016168698794,0.05125312158298213,0.8531333432934407,0.022194021474183825,0.023619497480694706,
0.012691828750748115,0.01306216126253675,0.004527770264132061,0.00565627767843609,0.9640619620441471,
0.0061476777475155476,0.2641366760914447,0.0021931648342660257,0.002739792121402581,0.7247826892053711,
0.008283154677479839,0.9811417686026488,0.0029549895589072567,0.003691495042154665,0.003928592118809578,
0.9707342221227042,0.013062161262536752,0.004527770264132062,0.005656277678436091,0.006019568672190985,
0.9735498212910828,0.011805478096887596,0.004092162974151586,0.005112099054710596,0.005440438583167544,
0.9850535524785564,0.006671030875915984,0.0023123964422112242,0.0028887411720924907,0.0030742790312239614,
0.9404076854782516,0.0524773198891633,0.001988140172209148,0.0024836668429828908,0.0026431876173931054,
0.9858242200589589,0.006327059693696497,0.0021931648342660257,0.002739792121402581,0.0029157632916760635,
0.9374334292315446,0.02792526617430171,0.00967980621741466,0.012092413847248254,0.01286908452949045,
0.008283154677479839,0.008524847308028771,0.0029549895589072567,0.9763084163367746,0.0039285921188095775,
0.01420381259689675,0.9676622259143436,0.005067165778591417,0.00633011284018316,0.006736682869985268,
0.012691828750748115,0.01306216126253675,0.962570163636088,0.00565627767843609,0.006019568672190984,
0.009619777270704491,0.9780986842784494,0.00343182549412368,0.004287178192867231,0.004562534763855394,
0.03512773488792112,0.036152720534195486,0.012531709700421894,0.8995272088471981,0.016660626030263463,
0.864285067303598,0.11951131608164299,0.004527770264132062,0.005656277678436091,0.006019568672190985,
0.005096530159260702,0.9883967463111337,0.0018181712153965714,0.0022713345998781635,0.0024172177143308754,
0.007745083314045732,0.007971075660305032,0.0027630342806583014,0.0034516965779484237,0.9780691101670426,
0.010464050159764737,0.9761765309293521,0.0037330172102248383,0.004663439328333523,0.00496296237232495,
0.9778179905857223,0.009900470963431572,0.00343182549412368,0.004287178192867231,0.004562534763855394,
0.004887605936041366,0.9888724034127322,0.0017436381513341018,0.0021782248169234827,0.0023181276829688604,
0.007745083314045733,0.9823667939311648,0.002763034280658302,0.003451696577948424,0.0036733918961828647,
0.516623937426024,0.08359041183969113,0.0016749751829847651,0.002092448200056203,0.39601822735124403,
0.17503935906866744,0.80115463747343,0.006652102251440361,0.008310080963595269,0.008843820242866805,
0.012691828750748117,0.9711045546344929,0.004527770264132062,0.005656277678436091,0.006019568672190985,
0.9735498212910828,0.011805478096887596,0.004092162974151586,0.005112099054710596,0.005440438583167544,
0.9171810870335148,0.07293079021169568,0.002763034280658302,0.003451696577948424,0.0036733918961828647,
0.014203812596896747,0.01461826300426407,0.9581111286886707,0.006330112840183159,0.006736682869985266,
0.008901570237408101,0.08382073183922513,0.003175607378301859,0.8998801920002037,0.004221898544861079,
0.39287497420284423,0.5789057272720575,0.007885307568942642,0.009850651996002534,0.010483338960152933,
0.9891736000734102,0.00483213473179342,0.001674975182984765,0.002092448200056203,0.0022268418117554855,
0.9871494211776324,0.005735584189782565,0.001988140172209148,0.0024836668429828908,0.0026431876173931054,
0.9707342221227042,0.013062161262536752,0.004527770264132062,0.005656277678436091,0.006019568672190985,
0.8003426292285445,0.010769378734176799,0.0037330172102248383,0.004663439328333523,0.18049153549872046,
0.007272653799217478,0.312471583544769,0.0025944965268683584,0.6132145969173572,0.06444666921178788,
0.022103368208586067,0.022748318280670223,0.007885307568942642,0.936779666981648,0.010483338960152933,
0.007745083314045732,0.007971075660305032,0.0027630342806583014,0.32825026933490165,0.6532705374100893,
0.8028002390732187,0.08801594438935569,0.030509191225390798,0.03811334216366126,0.04056128314837352,
0.11914098356985435,0.2259604709007492,0.004527770264132061,0.6443512065930734,0.006019568672190984,
0.04980001616869879,0.05125312158298211,0.017766000218734375,0.85756136454889,0.023619497480694703,
0.010464050159764735,0.18629795186057227,0.003733017210224838,0.7945420183971131,0.004962962372324949,
0.13333430796065665,0.014618263004264066,0.005067165778591415,0.8402435803865025,0.006736682869985265,
0.6442177544781611,0.019190645124273785,0.00665210225144036,0.16470287943342649,0.16523661871269804,
0.918999814230724,0.03615272053419549,0.012531709700421896,0.015655129504395265,0.016660626030263463,
0.016124763681951152,0.2870791330620666,0.6819621288234532,0.007186209542805336,0.0076477648897236095,
0.9490323831942314,0.02274831828067022,0.00788530756894264,0.009850651996002532,0.010483338960152931,
0.9672477755069763,0.014618263004264073,0.005067165778591417,0.00633011284018316,0.006736682869985268,
0.6923173876348826,0.006016820839198928,0.002085625949089248,0.29680737281291625,0.002772792763913087,
0.11521208077648946,0.8765125025779829,0.0023123964422112242,0.0028887411720924907,0.0030742790312239614,
0.43848844802717296,0.013062161262536749,0.00452777026413206,0.005656277678436088,0.538265342767722,
0.9877232574339061,0.005479464507976586,0.0018993607538546954,0.0023727599256596265,0.0025251573786030986,
0.9735498212910828,0.011805478096887596,0.004092162974151586,0.005112099054710596,0.005440438583167544,
0.07775579191280983,0.008524847308028771,0.14190026402956724,0.7678905046307846,0.0039285921188095775,
0.9374334292315446,0.02792526617430171,0.00967980621741466,0.012092413847248254,0.01286908452949045,
0.008283154677479839,0.008524847308028771,0.0029549895589072567,0.9763084163367746,0.0039285921188095775,
0.01420381259689675,0.9676622259143436,0.005067165778591417,0.00633011284018316,0.006736682869985268,
0.012691828750748115,0.01306216126253675,0.962570163636088,0.00565627767843609,0.006019568672190984,
0.09030296171362265,0.8974154998355311,0.00343182549412368,0.004287178192867231,0.004562534763855394,
0.03512773488792112,0.036152720534195486,0.012531709700421894,0.8995272088471981,0.016660626030263463,
0.9707342221227042,0.013062161262536752,0.004527770264132062,0.005656277678436091,0.006019568672190985,
0.005096530159260702,0.9883967463111337,0.0018181712153965714,0.0022713345998781635,0.0024172177143308754,
0.007745083314045732,0.007971075660305032,0.0027630342806583014,0.0034516965779484237,0.9780691101670426,
0.010464050159764737,0.8884122443661543,0.0037330172102248383,0.09242772589153127,0.00496296237232495,
0.9778179905857223,0.009900470963431572,0.00343182549412368,0.004287178192867231,0.004562534763855394,
0.004887605936041366,0.9888724034127322,0.0017436381513341018,0.0021782248169234827,0.0023181276829688604,
0.007745083314045733,0.9823667939311648,0.002763034280658302,0.003451696577948424,0.0036733918961828647,
0.004517250780327443,0.0046490588011187115,0.0016115151063307836,0.3808849139403777,0.6083372613718454,
0.007272653799217479,0.2514742390783123,0.002594496526868359,0.7352092858502709,0.003449324745331108,
0.018646560598836195,0.019190645124273792,0.4758304976609341,0.47748847637308905,0.008843820242866807,
0.022103368208586067,0.20813412127779932,0.749428519557459,0.009850651996002534,0.010483338960152933,
0.014203812596896745,0.13374875836802397,0.005067165778591415,0.8402435803865025,0.006736682869985265,
0.008901570237408101,0.30779900485503836,0.003175607378301859,0.003967099936950744,0.6761567175923009,
0.012691828750748115,0.01306216126253675,0.7496718539978756,0.21855458731664854,0.006019568672190984,
0.011470774500092689,0.011805478096887593,0.5813395910487456,0.38994371777110653,0.005440438583167543,
0.02210336820858607,0.022748318280670227,0.007885307568942644,0.5660080609873899,0.38125494495441115,
0.2697274706632755,0.4214079757600371,0.0016115151063307832,0.077787519788437,0.22946551868191953,
0.005846234645262288,0.2511850897640633,0.002085625949089248,0.0026054501030789304,0.7382775995385062,
0.014203812596896747,0.8485317305505834,0.12419766114235134,0.006330112840183159,0.006736682869985266,
0.00469513622468889,0.9893105985805146,0.001674975182984765,0.002092448200056203,0.0022268418117554855,
0.7865246675303997,0.004174570734383265,0.0014470420979158624,0.0018077047731501457,0.20604601486415094,
0.6029138120226332,0.39172525012587,0.0014980047707224928,0.0018713694495391192,0.001991563631235232,
0.7872616579307335,0.007971075660305032,0.002763034280658302,0.003451696577948424,0.19855253555035482,
0.005846234645262288,0.10408412840914467,0.002085625949089248,0.787143910662645,0.10084010033385883,
0.004517250780327441,0.8002797184499628,0.0016115151063307832,0.0020131712504518335,0.19157834441292693,
0.8773419166119838,0.10801338277598661,0.004092162974151586,0.005112099054710596,0.005440438583167544,
0.30431655355579884,0.6891767229145955,0.0018181712153965714,0.0022713345998781635,0.0024172177143308754,
0.6923173876348826,0.006016820839198928,0.002085625949089248,0.29680737281291625,0.002772792763913087,
0.008901570237408103,0.9797338239024783,0.0031756073783018595,0.003967099936950744,0.004221898544861079,
0.009619777270704491,0.9780986842784494,0.00343182549412368,0.004287178192867231,0.004562534763855394,
0.5274227997251709,0.202850219314477,0.002763034280658302,0.26329055478351104,0.0036733918961828647,
0.014203812596896747,0.2528792537317839,0.0050671657785914155,0.7211130850227427,0.006736682869985266,
0.8657495160012418,0.12801049334753176,0.0017436381513341018,0.0021782248169234827,0.0023181276829688604,
0.08552055598402002,0.8052956274785543,0.030509191225390798,0.03811334216366126,0.04056128314837352,
0.1859926232861602,0.010769378734176799,0.003733017210224838,0.7945420183971131,0.004962962372324949,
0.004517250780327442,0.08042340733910389,0.03949868937532337,0.002013171250451834,0.8735474812547934,
0.014203812596896747,0.01461826300426407,0.0050671657785914155,0.006330112840183159,0.9597806457800646,
0.007745083314045732,0.07293079021169567,0.0027630342806583014,0.0034516965779484237,0.9131093956156519,
0.027133541607682263,0.02792526617430172,0.009679806217414664,0.012092413847248257,0.9231689721533531,
0.016124763681951156,0.15183719911300173,0.005752459078128639,0.007186209542805337,0.8190993685841131,
0.007272653799217478,0.9834423726757934,0.0025944965268683584,0.0032411522527896136,0.0034493247453311073,
0.0039227614010573005,0.004037222926762603,0.0013994328771529739,0.9887800682780082,0.0018605145170188858,
0.004887605936041366,0.9888724034127322,0.0017436381513341018,0.0021782248169234827,0.0023181276829688604,
0.007272653799217479,0.007484861212485218,0.06359184099332514,0.9182013192496412,0.003449324745331108,
0.049800016168698794,0.8866204646576885,0.01776600021873438,0.022194021474183825,0.023619497480694706,
0.9628183013254055,0.016595265163936807,0.005752459078128637,0.007186209542805335,0.007647764889723609,
0.8936659497788709,0.09921905558854403,0.001988140172209148,0.0024836668429828908,0.0026431876173931054,
0.137664512416827,0.007971075660305032,0.0027630342806583014,0.8479279857460268,0.0036733918961828643,
0.012691828750748115,0.01306216126253675,0.004527770264132061,0.9636986710503921,0.006019568672190984,
0.9534598811003913,0.04098348464520773,0.0015526881401784448,0.001939682173902723,0.0020642639403199276,
0.010464050159764735,0.44959081155016545,0.003733017210224838,0.004663439328333522,0.5315486817515114,
0.9628183013254055,0.016595265163936807,0.005752459078128637,0.007186209542805335,0.007647764889723609,
0.5501328166275229,0.33286158276419103,0.0023123964422112242,0.11161892513485085,0.0030742790312239614,
0.004887605936041366,0.005030220481074567,0.0017436381513341018,0.9860204077485811,0.0023181276829688604,
0.918999814230724,0.03615272053419549,0.012531709700421896,0.015655129504395265,0.016660626030263463,
0.9707342221227042,0.013062161262536752,0.004527770264132062,0.005656277678436091,0.006019568672190985,
0.027133541607682263,0.7106501818921988,0.009679806217414664,0.23966738575321392,0.012869084529490454,
0.014203812596896747,0.2528792537317839,0.6007196425973911,0.006330112840183159,0.12586717823374519,
0.9922324100730474,0.003466899553209011,0.0012017402319762797,0.0015012635475905806,0.0015976865941767547,
0.7098584573255791,0.25550023808026734,0.009679806217414662,0.012092413847248256,0.012869084529490453,
0.5733288338225617,0.006327059693696499,0.0021931648342660257,0.41523517835779983,0.002915763291676064,
0.1859926232861602,0.010769378734176799,0.7936115962790045,0.004663439328333522,0.004962962372324949,
0.0039227614010573005,0.004037222926762603,0.0013994328771529739,0.9887800682780082,0.0018605145170188858,
0.004887605936041366,0.9888724034127322,0.0017436381513341018,0.0021782248169234827,0.0023181276829688604,
0.007272653799217478,0.007484861212485217,0.0025944965268683584,0.9791986637160979,0.0034493247453311073,
0.049800016168698794,0.8866204646576885,0.01776600021873438,0.022194021474183825,0.023619497480694706,
0.6923344334272756,0.28707913306206656,0.005752459078128637,0.007186209542805335,0.007647764889723609,
0.9871494211776324,0.005735584189782565,0.001988140172209148,0.0024836668429828908,0.0026431876173931054,
0.007745083314045732,0.007971075660305032,0.0027630342806583014,0.977847414848808,0.0036733918961828643,
0.012691828750748115,0.01306216126253675,0.004527770264132061,0.9636986710503921,0.006019568672190984,
0.0040562151855096295,0.99076522803881,0.0014470420979158626,0.001807704773150146,0.001923809904614406,
0.011470774500092694,0.8776766202087787,0.004092162974151586,0.1013200037338096,0.005440438583167544,
0.005846234645262288,0.2021514359790904,0.002085625949089248,0.787143910662645,0.0027727927639130865,
0.3981154649250453,0.5944206662588735,0.002085625949089248,0.0026054501030789304,0.0027727927639130865,
0.007745083314045733,0.9823667939311648,0.002763034280658302,0.003451696577948424,0.0036733918961828647,
0.41788761231422056,0.1313208720537975,0.001354856655288655,0.0016925429095857232,0.44774411606710746,
0.5449376028462791,0.013062161262536749,0.00452777026413206,0.43145289695486094,0.006019568672190983,
