9.267851491085614E-4,0.003882513859142284,0.001401426535676495,0.3077283428718903,0.6860609315841822,
0.0010795900511013598,0.004522648360976457,0.08407063623819272,0.9080531032733995,0.0022740220763297968,
0.0016795951358407244,0.6483106960728674,0.0025397787122769665,0.0019190106918185363,0.3455509193871964,
0.001610733642829998,0.2937397796394168,0.002435650669564632,0.0018403334329230314,0.7003735026152654,
0.002396892656452877,0.9861913657310983,0.0036244311587773546,0.0027385543913069476,0.005048756062364706,
0.003780923768913985,0.015839149933820858,0.0057172764412794525,0.004319870296519377,0.9703427795594664,
0.9737409914172942,0.012290666975775924,0.004436421212111358,0.0033520793360062753,0.006179841058812205,
0.8949738412279555,0.007350449913460566,0.002653207672041725,0.0020047155548045246,0.09301778563173779,
0.0019267044138779393,0.10615427753309647,0.0029134419068008663,0.05124278100082909,0.8377627951453956,
9.267851491085613E-4,0.40491179517870585,0.5911503696526816,0.0010588924510475726,0.0019521575684561402,
0.008947391151412612,0.03748265731484799,0.01352968527465895,0.9211937003953868,0.018846565863693637,
6.966950531855786E-4,0.10931872333829429,0.0010534986838621077,0.8874635815061357,0.0014675014185222624,
0.001488666381018704,0.006236362183299592,0.2674938153338676,0.0017008662628066854,0.7230802898390073,
0.00202606558183644,0.008487649708864425,0.9829037614399392,0.0023148682863525357,0.004267654983007499,
0.0012927306998009775,0.0054155430338343495,0.8903780525160959,0.0014770012020297876,0.10143667254823906,
0.003170650454672269,0.013282576166225225,0.004794459305704702,0.9720737335113646,0.006678580562033086,
0.0019267044138779395,0.40040290062585615,0.0029134419068008667,0.5416571528220953,0.05309980023136997,
0.0034489994011180454,0.8045516690417636,0.18079381135214548,0.003940632230700211,0.007264887974272666,
0.0012927306998009775,0.1370338046645207,0.001954786508963061,0.6924728747631331,0.16724580336358222,
0.5413825134172706,0.10615427753309647,0.0029134419068008663,0.0022013438187024805,0.3473484233241296,
0.00255262686384004,0.1406402863826521,0.003859922686619426,0.8475703732794196,0.005376790787468784,
0.0027300044703011234,0.7063192383337386,0.004128142008830669,0.003119149166026794,0.28370346602110275,
0.008947391151412612,0.9484535731134879,0.01352968527465895,0.010222784596746776,0.018846565863693637,
0.0027300044703011234,0.9842722897158676,0.004128142008830669,0.003119149166026794,0.005750414638973851,
0.19846808878136968,0.7941651461705809,0.002339724617530404,0.001767853449297769,0.0032591869812214616,
0.003170650454672269,0.013282576166225225,0.004794459305704702,0.9720737335113646,0.006678580562033086,
0.003170650454672269,0.9817337032573291,0.004794459305704702,0.003622606420260782,0.006678580562033086,
0.04858544170849168,0.8959214348613741,0.04952605039938711,0.0020984336182330423,0.0038686394125142316,
0.00255262686384004,0.010693534726587375,0.003859922686619426,0.0029164875149988415,0.9799774282079544,
0.0023968926564528763,0.8031631962873842,0.0036244311587773537,0.0027385543913069467,0.1880769255060786,
0.16261936443025948,0.8081127129643288,0.009295651290247956,0.007023625376169107,0.01294864593899454,
0.0072876759441834775,0.9580152863697997,0.011019967747016236,0.008326487590354063,0.01535058234864642,
0.005315613902689105,0.022268316089107263,0.9551460702021414,0.006073320704000289,0.011196679102061971,
0.006147358671879996,0.9645847187227083,0.009295651290247956,0.007023625376169107,0.01294864593899454,
0.0027300044703011234,0.9842722897158676,0.004128142008830669,0.003119149166026794,0.005750414638973851,
0.9580937143585572,0.019614457240016706,0.007080005856083149,0.005349523905482587,0.009862298639860363,
0.001110094769965721,0.9936046811937908,0.0016786158790330628,0.0012683316872251714,0.002338276469985077,
0.006147358671879996,0.02575268417243147,0.009295651290247956,0.945855659926446,0.01294864593899454,
0.004183538630046758,0.9758983971448976,0.006326085452291219,0.004779875333871483,0.008812103438892889,
0.0018366332783320163,0.10119169154865974,0.0027772419692274333,0.0020984336182330423,0.8920959995855477,
0.0034489994011180454,0.014448643235052187,0.005215361172876305,0.003940632230700211,0.9729463639602534,
0.9661596579848175,0.015839149933820858,0.0057172764412794525,0.004319870296519377,0.007964045343562754,
0.006147358671879996,0.02575268417243147,0.009295651290247956,0.007023625376169107,0.9517806804892714,
0.006147358671879996,0.9645847187227083,0.009295651290247956,0.007023625376169107,0.01294864593899454,
0.40370326266099954,0.5879429518562267,0.002653207672041725,0.0020047155548045246,0.003695862255927614,
0.005315613902689105,0.8340752858000767,0.14333910049117188,0.006073320704000289,0.011196679102061971,
0.00255262686384004,0.5954539171788786,0.003859922686619426,0.0029164875149988415,0.39521704575566297,
0.0034489994011180454,0.9801301192210328,0.005215361172876305,0.003940632230700211,0.007264887974272666,
0.008947391151412612,0.03748265731484799,0.01352968527465895,0.2379655135464068,0.7020747527126736,
0.0027300044703011234,0.219901398415013,0.004128142008830669,0.7674900404668813,0.005750414638973851,
0.0029338742987268032,0.9830977840943433,0.004436421212111358,0.0033520793360062753,0.006179841058812205,
0.19278478668211066,0.030529732680163856,0.5675112999607977,0.19382359832828125,0.01535058234864642,
0.2886027835655057,0.006747729716741137,0.658417479064252,0.0018403334329230316,0.04439167422057829,
0.0016795951358407246,0.9903237573496622,0.002539778712276967,0.0019190106918185366,0.003537858110401718,
0.0029338742987268032,0.012290666975775924,0.004436421212111358,0.9741591964545736,0.006179841058812205,
0.0029338742987268032,0.9830977840943433,0.004436421212111358,0.0033520793360062753,0.006179841058812205,
0.0018366332783320168,0.24143811683913874,0.0027772419692274337,0.7500793685007877,0.0038686394125142316,
0.0018366332783320163,0.007694074688340417,0.0027772419692274333,0.0020984336182330423,0.9855936164458671,
0.0016795951358407246,0.9903237573496622,0.002539778712276967,0.0019190106918185366,0.003537858110401718,
0.004183538630046758,0.6564408631610119,0.32578361943617684,0.004779875333871483,0.008812103438892889,
0.004183538630046758,0.9758983971448976,0.006326085452291219,0.004779875333871483,0.008812103438892889,
0.00255262686384004,0.010693534726587375,0.0688332985146518,0.0029164875149988415,0.915004052379922,
0.0021362322092729267,0.6614450844736438,0.0032302767338487203,0.3286886993109254,0.0044997072723091626,
0.04641556915775879,0.14133333497717585,0.002653207672041725,0.8059020259370961,0.003695862255927614,
0.0018366332783320163,0.38168454212961767,0.610511751561303,0.0020984336182330423,0.0038686394125142308,
0.0015472962537305952,0.006481976060024543,0.5537179436949198,0.04115201195482558,0.39710077203649957,
0.10049964269177483,0.42101586971367977,0.15196927381683972,0.11482522468304374,0.21168998909466202,
0.0016107336428299983,0.8267250152101003,0.0024356506695646326,0.1658357905315949,0.003392809945910325,
0.004682117910556104,0.019614457240016706,0.007080005856083149,0.005349523905482587,0.9632738950878615,
0.0022590682791900386,0.009463751022705087,0.00341602175585909,0.9801027127768946,0.004758446165351145,
0.00255262686384004,0.010693534726587375,0.003859922686619426,0.9775171249354844,0.005376790787468784,
0.0019267044138779393,0.4004029006258561,0.0029134419068008663,0.0022013438187024805,0.5925556092347627,
0.006147358671879996,0.02575268417243147,0.009295651290247956,0.7893836541680666,0.16942065169737405,
0.0016107336428299983,0.4167363724634207,0.0024356506695646326,0.5348255690036064,0.04439167422057829,
0.001488666381018704,0.006236362183299592,0.0022510681910859237,0.0017008662628066854,0.988323036981789,
0.0027300044703011234,0.08092487272394855,0.004128142008830669,0.003119149166026794,0.909097831630893,
0.0019267044138779393,0.05711284035096986,0.0029134419068008663,0.0022013438187024805,0.9358456695096488,
0.0022590682791900386,0.2969701124189679,0.00341602175585909,0.0025810840296008634,0.6947737135163821,
0.006147358671879996,0.02575268417243147,0.009295651290247956,0.007023625376169107,0.9517806804892714,
0.0014886663810187043,0.9914237087136318,0.002251068191085924,0.0017008662628066856,0.0031356904514570085,
0.0017546074698536987,0.4986210284804165,0.1812970544236621,0.002004715554804524,0.31632259407126323,
0.0023968926564528763,0.6811444166582415,0.0036244311587773537,0.0027385543913069467,0.31009570513522117,
0.011586023837941143,0.6383470038989555,0.312424917535793,0.013237537514982361,0.024404517212328218,
0.003780923768913985,0.6895042638849533,0.2944308967060505,0.004319870296519377,0.007964045343562754,
0.0027300044703011234,0.011436609878416305,0.9769638218462819,0.003119149166026794,0.005750414638973851,
0.002396892656452877,0.9861913657310983,0.0036244311587773546,0.0027385543913069476,0.005048756062364706,
0.00255262686384004,0.010693534726587375,0.003859922686619426,0.9775171249354844,0.005376790787468784,
0.0019267044138779393,0.5475272121722359,0.0029134419068008663,0.0022013438187024805,0.44543129768838285,
0.004183538630046758,0.9758983971448976,0.006326085452291219,0.004779875333871483,0.008812103438892889,
0.0029338742987268032,0.012290666975775924,0.9752435383306788,0.0033520793360062753,0.006179841058812205,
0.0023968926564528763,0.559125637029099,0.43069015986077647,0.0027385543913069467,0.005048756062364705,
0.11066938329134197,0.3369833291771263,0.5387553087587673,0.004779875333871483,0.008812103438892889,
0.24303501702255637,0.7346731545760175,0.007080005856083149,0.005349523905482587,0.009862298639860363,
0.0016795951358407246,0.6055590634132682,0.002539778712276967,0.3866837046282125,0.003537858110401718,
0.002259068279190039,0.986985379769999,0.003416021755859091,0.002581084029600864,0.004758446165351146,
0.0018366332783320168,0.9894190517216934,0.0027772419692274337,0.0020984336182330423,0.0038686394125142316,
0.0034489994011180454,0.014448643235052187,0.005215361172876305,0.5306759827685078,0.4462110134224456,
0.0018366332783320168,0.007694074688340418,0.2832700925501855,0.703330560070628,0.0038686394125142316,
0.00255262686384004,0.010693534726587375,0.003859922686619426,0.0029164875149988415,0.9799774282079544,
0.0019267044138779395,0.9889001468113755,0.0029134419068008667,0.002201343818702481,0.004058363049243348,
0.006147358671879996,0.9645847187227083,0.009295651290247956,0.007023625376169107,0.01294864593899454,
0.0072876759441834775,0.9580152863697997,0.011019967747016236,0.008326487590354063,0.01535058234864642,
0.005315613902689105,0.022268316089107263,0.9551460702021414,0.006073320704000289,0.011196679102061971,
0.006147358671879996,0.9645847187227083,0.009295651290247956,0.007023625376169107,0.01294864593899454,
0.0027300044703011234,0.9842722897158676,0.004128142008830669,0.003119149166026794,0.005750414638973851,
0.9580937143585572,0.019614457240016706,0.007080005856083149,0.005349523905482587,0.009862298639860363,
0.001110094769965721,0.9936046811937908,0.0016786158790330628,0.0012683316872251714,0.002338276469985077,
0.006147358671879996,0.02575268417243147,0.009295651290247956,0.945855659926446,0.01294864593899454,
0.004183538630046758,0.9758983971448976,0.006326085452291219,0.004779875333871483,0.008812103438892889,
0.0018366332783320163,0.05444288311850008,0.049526050399387095,0.0020984336182330423,0.8920959995855477,
0.0020260655818364398,0.111628709897244,0.003063689650333214,0.0023148682863525353,0.8809666665842337,
0.008947391151412612,0.9484535731134879,0.01352968527465895,0.010222784596746776,0.018846565863693637,
0.02824554073296594,0.8372758410107107,0.042711140047705924,0.032271762108685764,0.059495716099931505,
0.9060774214622201,0.011436609878416305,0.004128142008830669,0.003119149166026794,0.07523867748450609,
0.004682117910556104,0.9730260536880178,0.007080005856083149,0.005349523905482587,0.009862298639860363,
0.004682117910556104,0.9730260536880178,0.007080005856083149,0.005349523905482587,0.009862298639860363,
0.881341250297464,0.014448643235052187,0.005215361172876305,0.003940632230700211,0.09505411306390728,
0.004183538630046758,0.01752579519324067,0.006326085452291219,0.004779875333871483,0.9671847053905499,
0.0016795951358407246,0.9903237573496622,0.002539778712276967,0.0019190106918185366,0.003537858110401718,
0.003170650454672269,0.9817337032573291,0.004794459305704702,0.003622606420260782,0.006678580562033086,
0.0019267044138779395,0.9889001468113755,0.0029134419068008667,0.002201343818702481,0.004058363049243348,
0.0018366332783320168,0.9894190517216934,0.0027772419692274337,0.0020984336182330423,0.0038686394125142316,
0.0029338742987268032,0.9830977840943433,0.004436421212111358,0.0033520793360062753,0.006179841058812205,
0.9849671463066254,0.007036206178877517,0.002539778712276967,0.0019190106918185366,0.003537858110401718,
0.0016107336428299983,0.9907204723087721,0.0024356506695646326,0.0018403334329230316,0.003392809945910325,
0.0027300044703011234,0.9842722897158676,0.004128142008830669,0.003119149166026794,0.005750414638973851,
0.0015472962537305952,0.04586613456555236,0.0023397246175304036,0.0017678534492977687,0.9484789911138889,
0.0034489994011180454,0.9801301192210328,0.005215361172876305,0.003940632230700211,0.007264887974272666,
0.00255262686384004,0.010693534726587375,0.003859922686619426,0.0029164875149988415,0.9799774282079544,
0.0072876759441834775,0.030529732680163856,0.011019967747016236,0.008326487590354063,0.9428361360382823,
0.0029338742987268032,0.012290666975775924,0.004436421212111358,0.0033520793360062753,0.9769869581773797,
0.08031561326478621,0.08525029307108016,0.0023397246175304036,0.0017678534492977687,0.8303265155973054,
0.0019267044138779393,0.008071403168843253,0.0029134419068008663,0.0022013438187024805,0.9848871066917754,
0.0072876759441834775,0.030529732680163856,0.011019967747016236,0.008326487590354063,0.9428361360382823,
0.002396892656452877,0.9861913657310983,0.0036244311587773546,0.0027385543913069476,0.005048756062364706,
0.004183538630046758,0.01752579519324067,0.006326085452291219,0.004779875333871483,0.9671847053905499,
0.12385856746655624,0.8538496041320176,0.007080005856083149,0.005349523905482587,0.009862298639860363,
0.0034489994011180454,0.10223786832468679,0.8831076120692223,0.003940632230700211,0.007264887974272666,
0.006147358671879996,0.9645847187227083,0.009295651290247956,0.007023625376169107,0.01294864593899454,
0.006147358671879996,0.18222468993081098,0.009295651290247956,0.7893836541680666,0.01294864593899454,
0.011586023837941141,0.0485364900014061,0.0175196605870183,0.308142794463757,0.6142150311098774,
0.005315613902689105,0.9693764474185717,0.008037938872676946,0.006073320704000289,0.011196679102061971,
0.011586023837941143,0.93325226084773,0.0175196605870183,0.013237537514982361,0.024404517212328218,
0.011586023837941143,0.93325226084773,0.0175196605870183,0.013237537514982361,0.024404517212328218,
0.004183538630046758,0.01752579519324067,0.006326085452291219,0.004779875333871483,0.9671847053905499,
0.008947391151412612,0.9484535731134879,0.01352968527465895,0.010222784596746776,0.018846565863693637,
0.02824554073296594,0.8372758410107107,0.042711140047705924,0.032271762108685764,0.059495716099931505,
0.9755656843077524,0.011436609878416305,0.004128142008830669,0.003119149166026794,0.005750414638973851,
0.004682117910556104,0.9730260536880178,0.007080005856083149,0.005349523905482587,0.009862298639860363,
0.004682117910556104,0.9730260536880178,0.007080005856083149,0.005349523905482587,0.009862298639860363,
0.9691304753870986,0.014448643235052187,0.005215361172876305,0.003940632230700211,0.007264887974272666,
0.004183538630046758,0.01752579519324067,0.006326085452291219,0.004779875333871483,0.9671847053905499,
0.0016795951358407246,0.9903237573496622,0.002539778712276967,0.0019190106918185366,0.003537858110401718,
0.003170650454672269,0.9010294426664038,0.004794459305704702,0.003622606420260782,0.08738284115295843,
0.0019267044138779395,0.9889001468113755,0.0029134419068008667,0.002201343818702481,0.004058363049243348,
0.0018366332783320168,0.9894190517216934,0.0027772419692274337,0.0020984336182330423,0.0038686394125142316,
0.0029338742987268032,0.9830977840943433,0.004436421212111358,0.0033520793360062753,0.006179841058812205,
0.942215513647026,0.04978783883847685,0.002539778712276967,0.0019190106918185366,0.003537858110401718,
0.0016107336428299983,0.9907204723087721,0.0024356506695646326,0.0018403334329230316,0.003392809945910325,
0.0027300044703011234,0.9842722897158676,0.004128142008830669,0.003119149166026794,0.005750414638973851,
0.016431868131371694,0.06883683431161239,0.02484724323883591,0.8552723692179336,0.03461168510024648,
0.001754607469853699,0.007350449913460566,0.9851943648059537,0.0020047155548045246,0.003695862255927614,
0.10049964269177483,0.42101586971367977,0.15196927381683972,0.11482522468304374,0.21168998909466202,
0.0072876759441834775,0.030529732680163856,0.011019967747016236,0.9358120412799901,0.01535058234864642,
0.004183538630046758,0.01752579519324067,0.9646986874039483,0.004779875333871483,0.008812103438892889,
0.07761134484630891,0.012290666975775924,0.9005660677830967,0.0033520793360062753,0.006179841058812205,
0.01643186813137169,0.06883683431161237,0.024847243238835907,0.01877412595319924,0.8711099283649807,
0.0072876759441834775,0.7725181756318725,0.19651707848494343,0.008326487590354063,0.01535058234864642,
0.0029338742987268032,0.012290666975775924,0.22846883285485767,0.0033520793360062753,0.7529545465346333,
0.005315613902689105,0.022268316089107263,0.9551460702021414,0.006073320704000289,0.011196679102061971,
0.8963017946842651,0.048536490001406106,0.0175196605870183,0.013237537514982361,0.024404517212328218,
0.004183538630046758,0.3369833291771263,0.006326085452291219,0.004779875333871483,0.6477271714066641,
0.0017546074698536987,0.05201141160136565,0.0026532076720417247,0.9398849110008113,0.003695862255927613,
0.004682117910556104,0.019614457240016706,0.007080005856083149,0.9587611203534836,0.009862298639860363,
0.140616775521184,0.2928706393260971,0.5492425853466567,0.006073320704000289,0.011196679102061971,
0.0034489994011180454,0.8045516690417636,0.005215361172876305,0.003940632230700211,0.18284333815354184,
0.0019267044138779395,0.2042371518973497,0.3952449393638138,0.39453284127571536,0.004058363049243348,
0.004682117910556104,0.019614457240016706,0.007080005856083149,0.005349523905482587,0.9632738950878615,
0.001251549023109174,0.03709936980129581,0.9575828995864021,0.001429949340428017,0.0026362322487649944,
0.0015472962537305952,0.43970771962083044,0.5537179436949198,0.0017678534492977687,0.003259186981221461,
0.0013367147166255808,0.005599802087905863,0.036045410483536544,0.10359959714552798,0.8534184755664039,
0.04260959791749795,0.17074318681541292,0.20742997204290442,0.08383806198225893,0.4953791812419258,
0.10049964269177483,0.42101586971367977,0.15196927381683972,0.11482522468304374,0.21168998909466202,
0.00255262686384004,0.010693534726587375,0.978460560107105,0.0029164875149988415,0.005376790787468784,
0.42257590914976895,0.28818692526929834,0.0027772419692274333,0.282591284199191,0.0038686394125142308,
0.0014886663810187043,0.915640066672837,0.0780347102318807,0.0017008662628066856,0.0031356904514570085,
0.6179735750285602,0.014448643235052187,0.18079381135214548,0.003940632230700211,0.18284333815354184,
0.7712089830086287,0.007036206178877517,0.002539778712276967,0.0019190106918185366,0.21729602140839838,
0.00202606558183644,0.060058179803054224,0.9313332313457494,0.0023148682863525357,0.004267654983007499,
0.003170650454672269,0.9817337032573291,0.004794459305704702,0.003622606420260782,0.006678580562033086,
0.001610733642829998,0.41673637246342066,0.20742997204290442,0.2068346548062628,0.16738826704458212,
0.003780923768913985,0.015839149933820858,0.0057172764412794525,0.004319870296519377,0.9703427795594664,
0.001488666381018704,0.006236362183299592,0.0022510681910859237,0.9868882127931388,0.003135690451457008,
0.005315613902689105,0.022268316089107263,0.008037938872676946,0.9531814520334647,0.011196679102061971,
0.003780923768913985,0.11207702335541123,0.0057172764412794525,0.8704607310908326,0.007964045343562754,
0.0034489994011180454,0.5411839937728598,0.4441614866210493,0.003940632230700211,0.007264887974272666,
0.008947391151412612,0.9484535731134879,0.01352968527465895,0.010222784596746776,0.018846565863693637,
0.0018366332783320168,0.24143811683913874,0.750758176851782,0.0020984336182330423,0.0038686394125142316,
0.005315613902689105,0.15756947770760218,0.8198449085836464,0.006073320704000289,0.011196679102061971,
0.002396892656452877,0.9861913657310983,0.0036244311587773546,0.0027385543913069476,0.005048756062364706,
0.0012927306998009775,0.0054155430338343495,0.9890917487391107,0.0014770012020297876,0.002722976325224295,
0.0016107336428299983,0.9907204723087721,0.0024356506695646326,0.0018403334329230316,0.003392809945910325,
0.005315613902689105,0.022268316089107263,0.14333910049117188,0.006073320704000289,0.8230036488130315,
0.0012927306998009775,0.07122467384917752,0.9232826179237675,0.0014770012020297876,0.002722976325224295,
0.0018366332783320163,0.007694074688340417,0.0027772419692274333,0.0020984336182330423,0.9855936164458671,
0.0014343174797881442,0.04251713166051604,0.002168885181957402,0.0016387702729312276,0.9522408954048072,
0.006147358671879996,0.8081127129643288,0.009295651290247956,0.1634956311345486,0.01294864593899454,
0.004183538630046758,0.9758983971448976,0.006326085452291219,0.004779875333871483,0.008812103438892889,
0.004183538630046758,0.9758983971448976,0.006326085452291219,0.004779875333871483,0.008812103438892889,
0.005315613902689105,0.022268316089107263,0.008037938872676946,0.006073320704000289,0.9583048104315264,
0.0021362322092729267,0.00894916277718294,0.0032302767338487203,0.11119005874543846,0.8744942695342569,
0.0016107336428299983,0.0477465939914091,0.9454095289869276,0.0018403334329230316,0.003392809945910325,
0.8963017946842651,0.048536490001406106,0.0175196605870183,0.013237537514982361,0.024404517212328218,
0.003780923768913985,0.015839149933820858,0.0057172764412794525,0.004319870296519377,0.9703427795594664,
0.011586023837941141,0.6383470038989554,0.0175196605870183,0.01323753751498236,0.31930977416110284,
0.00255262686384004,0.7254006688349434,0.13380667434268415,0.13286323917106357,0.005376790787468784,
0.0034489994011180454,0.014448643235052187,0.7075291618899531,0.003940632230700211,0.27063256324317647,
0.00107959005110136,0.004522648360976458,0.0016324885511178643,0.00123347871557595,0.9915317943212284,
0.0072876759441834775,0.9580152863697997,0.011019967747016236,0.008326487590354063,0.01535058234864642,
0.25987871605278534,0.06005817980305421,0.003063689650333214,0.0023148682863525353,0.6746845462074748,
0.35460589975965645,0.45339476868322515,0.005215361172876305,0.003940632230700211,0.18284333815354184,
0.0012927306998009775,0.0054155430338343495,0.9890917487391107,0.0014770012020297876,0.002722976325224295,
0.0016107336428299983,0.9907204723087721,0.0024356506695646326,0.0018403334329230316,0.003392809945910325,
0.005315613902689105,0.022268316089107263,0.9551460702021414,0.006073320704000289,0.011196679102061971,
0.0012927306998009775,0.07122467384917752,0.8574734871084243,0.06728613201737296,0.002722976325224295,
0.0018366332783320163,0.007694074688340417,0.0027772419692274333,0.0020984336182330423,0.9855936164458671,
0.3756019697655906,0.5499856276136732,0.0020212963881760916,0.0015272548594466337,0.0708638513731136,
0.0013837971901066075,0.07624210019451486,0.9178782574237855,0.0015810486387207838,0.0029147965528723853,
0.002259068279190039,0.986985379769999,0.003416021755859091,0.002581084029600864,0.004758446165351146,
0.9073829418808703,0.045866134565552365,0.04172388312305822,0.001767853449297769,0.0032591869812214616,
0.0022590682791900386,0.2969701124189679,0.69343128910689,0.0025810840296008634,0.004758446165351145,
0.4472403955585925,0.0370993698012958,0.001892514153223378,0.19256802642706375,0.32119969405982457,
0.004183538630046758,0.01752579519324067,0.006326085452291219,0.004779875333871483,0.9671847053905499,
