0.16648629643976856,0.02719456445103793,0.49738537783523,0.0014110208777849361,0.3075227403961785,
0.0016727706223792728,0.25138752652236307,0.002603119273648031,0.16642733799048445,0.5779092455911252,
0.002601637275886696,0.9889802415868215,0.004048595811820932,0.00255616636927851,0.001813358956192398,
0.002495062352250719,0.33399871742969917,0.12677642381375842,0.5349907208980145,0.0017390755062772086,
0.003711324534631661,0.8014795689240123,0.0057754603635500786,0.18644682762066603,0.0025868185571400167,
0.2939973365835929,0.30287709554908104,0.009103825788390809,0.005747892453010389,0.3882738496259249,
0.0045415151859365165,0.011434950182663902,0.007067380042376248,0.8992269530141566,0.07772920157486664,
0.0027177230005525957,0.006842876407819458,0.0042292451986707495,0.9843158838935521,0.0018942714994051137,
0.05197637912707787,0.20348281692734435,0.004643646611997988,0.7378172761686898,0.0020798811648900352,
0.001436121121386869,0.475187897458074,0.0022348518800849454,0.5201401433069845,0.0010009862334696056,
0.013807086710451603,0.034764465654688194,0.021486205608862628,0.013565769153941696,0.9163764728720558,
0.0010797088510647711,0.17998787279690515,0.0016802129846932583,0.0010608379112970186,0.8161913674560398,
0.683831419020018,0.005806522326740084,0.0035887257357561093,0.0022658176959823866,0.3045075152215033,
0.0031377438088874073,0.007900434694503989,0.31398045512162753,0.6727943375025016,0.0021870288724795423,
0.0020027995503922773,0.00504279125951545,0.003116701143079776,0.9884417430768673,0.0013959649701452512,
0.004907431613667146,0.012356280608922346,0.007636809044073571,0.004821660485362927,0.9702778182479741,
0.8358541518463999,0.10549809533742908,0.05363600740695561,0.002931864244325399,0.0020798811648900352,
0.0053374800808184755,0.9773920286386863,0.008306038547788873,0.00524419264965833,0.0037202600830478828,
0.26506251903429584,0.07080772113049133,0.035999166078567714,0.0019677950122289913,0.6261627987444162,
0.39492290469178126,0.10549809533742908,0.49456725456157424,0.002931864244325399,0.0020798811648900352,
0.003952142219862755,0.009950984979391645,0.07103747557317566,0.0038830674524279294,0.9111763297751421,
0.9062934397989776,0.08003125537033148,0.006576976139918184,0.004152512624579486,0.002945816066193136,
0.013807086710451603,0.9415173047568175,0.021486205608862628,0.013565769153941696,0.009623633769926369,
0.004226380474501501,0.9127085409006171,0.07596674993410865,0.004152512624579486,0.002945816066193136,
0.002396875408219898,0.9898475516975864,0.0037299510693197357,0.002354983289418872,0.0016706385354551447,
0.004907431613667146,0.012356280608922346,0.007636809044073571,0.004821660485362927,0.9702778182479741,
0.004907431613667146,0.9792135854936289,0.00763680904407357,0.004821660485362926,0.0034205133632673967,
0.0028446521096291617,0.8011340584262462,0.19124361367112142,0.0027949338373670757,0.001982741955636206,
0.003952142219862754,0.009950984979391644,0.9794591352192575,0.003883067452427929,0.0027546701290600464,
0.49117897490568907,0.4968122874421014,0.0057754603635500786,0.003646458731519508,0.0025868185571400167,
0.009500007379173314,0.17989329668014087,0.7946511577800823,0.00933396811139405,0.006621570049209292,
0.19605250508602456,0.5827308759347165,0.2023125464210727,0.011058856721565827,0.007845215836620265,
0.008218187841967577,0.8302619434747479,0.01278891611299187,0.14300281949615984,0.005728133074132815,
0.009500007379173314,0.9597608063152371,0.014783648144986093,0.00933396811139405,0.006621570049209292,
0.004226380474501501,0.9820983146948077,0.006576976139918184,0.004152512624579486,0.002945816066193136,
0.9583375083763731,0.018232287343050935,0.011268479673002749,0.007114592345555221,0.005047132262017787,
0.0017200088902761172,0.00433076080752785,0.0026766301567128724,0.9900737421975204,0.0011988579479626814,
0.9453410189412889,0.023919794753121584,0.014783648144986093,0.00933396811139405,0.006621570049209292,
0.006471745126360576,0.9725876207013321,0.010071150370039923,0.00635863323295398,0.004510850569313395,
0.0028446521096291617,0.007162467552976257,0.9852152045443913,0.0027949338373670757,0.001982741955636206,
0.0053374800808184755,0.013439087248705133,0.97225897993777,0.00524419264965833,0.0037202600830478828,
0.9663407951508759,0.014729899020245402,0.009103825788390807,0.005747892453010388,0.0040775875874773425,
0.6333940150872505,0.023919794753121587,0.014783648144986096,0.00933396811139405,0.31856857390324783,
0.009500007379173314,0.803787304388218,0.014783648144986096,0.1653074700384133,0.006621570049209293,
0.13657849491734722,0.7207669932973907,0.0042292451986707495,0.13653099508718625,0.0018942714994051137,
0.952716060560563,0.020692338287380336,0.012788916112991868,0.008074551964931924,0.005728133074132814,
0.06883940362315431,0.39927455339914103,0.006150214169884101,0.4580938972754689,0.06764193153235161,
0.005337480080818476,0.10107117282961253,0.18357020970960367,0.09287627823056571,0.6171448591493996,
0.013807086710451603,0.48814088520575283,0.4748626251599273,0.013565769153941696,0.009623633769926369,
0.0042263804745015015,0.2882005767529029,0.006576976139918185,0.004152512624579487,0.6968435540080979,
0.0045415151859365165,0.9807634981852936,0.007067380042376248,0.004462139473267657,0.003165467113125891,
0.5656463561869711,0.39793395038424323,0.01751562087059948,0.011058856721565827,0.007845215836620265,
0.4531052111464122,0.006282245579399898,0.5364220136266324,0.002451454141278217,0.0017390755062772086,
0.5151736307084603,0.4764082481542479,0.004048595811820932,0.00255616636927851,0.001813358956192398,
0.0045415151859365165,0.011434950182663902,0.9763959280450059,0.004462139473267657,0.003165467113125891,
0.07910524964767725,0.4588173569531084,0.4544497868128207,0.004462139473267657,0.003165467113125891,
0.2363657082488262,0.007162467552976257,0.004426768759763794,0.7500623134827976,0.001982741955636206,
0.0028446521096291617,0.10057089000865506,0.8918067820887124,0.0027949338373670757,0.001982741955636206,
0.002601637275886696,0.9889802415868215,0.004048595811820932,0.00255616636927851,0.001813358956192398,
0.006471745126360576,0.9725876207013321,0.010071150370039923,0.00635863323295398,0.004510850569313395,
0.006471745126360576,0.6538234206385469,0.22258061707856328,0.00635863323295398,0.11076558392357508,
0.003952142219862754,0.009950984979391644,0.9794591352192575,0.003883067452427929,0.0027546701290600464,
0.0033081682800095782,0.9859875872883083,0.005148079775525531,0.003250348762931353,0.00230581589322532,
0.0027177230005525957,0.765387250602989,0.22733053172666176,0.0026702231703916337,0.0018942714994051137,
0.0028446521096291617,0.9879509033376038,0.004426768759763794,0.0027949338373670757,0.001982741955636206,
0.002396875408219898,0.32085503252537073,0.6727224702415354,0.002354983289418872,0.0016706385354551447,
0.14806978118694572,0.3728206341077149,0.2304220890156165,0.14548184656045118,0.10320564912927173,
0.535034329108987,0.4568923943735614,0.0038827468698962,0.002451454141278217,0.0017390755062772086,
0.007241151777675191,0.018232287343050935,0.011268479673002749,0.9582109489442532,0.005047132262017787,
0.8075715848144884,0.06624175432525264,0.12031138446882599,0.0034370286938154903,0.002438247697617487,
0.003952142219862755,0.009950984979391645,0.006150214169884102,0.13365759025901106,0.8462890683718505,
0.0029840183321202507,0.8403835072617934,0.004643646611997988,0.14990894662919826,0.0020798811648900352,
0.009500007379173314,0.023919794753121584,0.9506246597071016,0.00933396811139405,0.006621570049209292,
0.002495062352250719,0.7436443072425732,0.24967010075762064,0.002451454141278217,0.0017390755062772086,
0.0023061236737479383,0.005806522326740085,0.9880141523470352,0.002265817695982387,0.0016073839564944266,
0.004226380474501501,0.010641481576141016,0.9780338092585847,0.004152512624579486,0.002945816066193136,
0.0029840183321202507,0.20348281692734435,0.78852141933132,0.002931864244325399,0.0020798811648900352,
0.2906672460806948,0.06624175432525264,0.6372157232026197,0.0034370286938154903,0.002438247697617487,
0.1654735093061926,0.023919794753121587,0.6386776558530632,0.00933396811139405,0.16259507197622858,
0.0023061236737479383,0.9902319489380191,0.0035887257357561098,0.002265817695982387,0.0016073839564944266,
0.0027177230005525957,0.6315264786861944,0.36119130364345636,0.0026702231703916337,0.0018942714994051137,
0.003711324534631661,0.8624130252203944,0.12764237295631442,0.003646458731519508,0.0025868185571400167,
0.017854488816786113,0.9243737183598266,0.02778466057348728,0.01754243155920847,0.012444700690691575,
0.2939973365835929,0.014729899020245404,0.29725102231722644,0.293895088981846,0.10012665309708922,
0.004226380474501501,0.08003125537033148,0.006576976139918184,0.9062195719490556,0.002945816066193136,
0.003711324534631661,0.9842799378131588,0.0057754603635500786,0.003646458731519508,0.0025868185571400167,
0.06883940362315431,0.07483824638268322,0.006150214169884102,0.0038830674524279294,0.8462890683718505,
0.6398847086665693,0.007513373747513848,0.34759017217670135,0.002931864244325399,0.0020798811648900352,
0.6440001452519307,0.22880448722150012,0.1163258837243016,0.00635863323295398,0.004510850569313395,
0.0045415151859365165,0.011434950182663902,0.007067380042376248,0.9737906874758974,0.003165467113125891,
0.003711324534631661,0.9233464815167766,0.0057754603635500786,0.06457991502790168,0.0025868185571400167,
0.006471745126360576,0.7600781539928085,0.22258061707856328,0.00635863323295398,0.004510850569313395,
0.9583375083763731,0.018232287343050935,0.011268479673002749,0.007114592345555221,0.005047132262017787,
0.0026016372758866954,0.34826524979610446,0.004048595811820931,0.0025561663692785096,0.6425283507469093,
0.003498169006364963,0.8128813547185102,0.005443753639094068,0.17573847493841335,0.002438247697617487,
0.18966149702098678,0.7544298471984068,0.004426768759763794,0.04949914506520648,0.001982741955636206,
0.9692904214707997,0.013439087248705133,0.008306038547788873,0.00524419264965833,0.0037202600830478828,
0.04954886333746855,0.053866678780815656,0.47146888103815776,0.04949914506520647,0.3756164317783514,
0.003952142219862754,0.009950984979391644,0.9794591352192575,0.003883067452427929,0.0027546701290600464,
0.39492290469178126,0.5954217032870054,0.004643646611997988,0.002931864244325399,0.0020798811648900352,
0.009500007379173314,0.023919794753121584,0.9506246597071016,0.00933396811139405,0.006621570049209292,
0.01125557953555135,0.952324727035663,0.01751562087059948,0.011058856721565827,0.007845215836620265,
0.008218187841967577,0.8302619434747478,0.14771718364421976,0.008074551964931924,0.005728133074132814,
0.009500007379173314,0.9597608063152371,0.014783648144986093,0.00933396811139405,0.006621570049209292,
0.004226380474501501,0.9820983146948077,0.006576976139918184,0.004152512624579486,0.002945816066193136,
0.9583375083763731,0.018232287343050935,0.011268479673002749,0.007114592345555221,0.005047132262017787,
0.0017200088902761172,0.00433076080752785,0.0026766301567128724,0.9900737421975204,0.0011988579479626814,
0.9453410189412889,0.023919794753121584,0.014783648144986093,0.00933396811139405,0.006621570049209292,
0.006471745126360576,0.9725876207013321,0.010071150370039923,0.00635863323295398,0.004510850569313395,
0.0028446521096291617,0.007162467552976257,0.9852152045443913,0.0027949338373670757,0.001982741955636206,
0.0031377438088874073,0.007900434694503989,0.9836918896868023,0.0030829029373267455,0.0021870288724795423,
0.013807086710451603,0.9415173047568175,0.021486205608862628,0.013565769153941696,0.009623633769926369,
0.04315586201485108,0.8172046588031597,0.06715795619483483,0.04240159231343614,0.030079930673718443,
0.0042263804745015015,0.010641481576141018,0.006576976139918185,0.004152512624579487,0.9744026491848599,
0.007241151777675191,0.969328643941749,0.011268479673002749,0.007114592345555221,0.005047132262017787,
0.007241151777675191,0.969328643941749,0.011268479673002749,0.007114592345555221,0.005047132262017787,
0.0053374800808184755,0.013439087248705133,0.008306038547788873,0.9691971340396396,0.0037202600830478828,
0.006471745126360576,0.016295020512976776,0.9663637505583951,0.00635863323295398,0.004510850569313395,
0.002601637275886696,0.9889802415868215,0.004048595811820932,0.00255616636927851,0.001813358956192398,
0.004907431613667146,0.8986421434199033,0.00763680904407357,0.08539310255908845,0.0034205133632673967,
0.0029840183321202507,0.9873605896466664,0.004643646611997988,0.002931864244325399,0.0020798811648900352,
0.0028446521096291617,0.9879509033376038,0.004426768759763794,0.0027949338373670757,0.001982741955636206,
0.0045415151859365165,0.011434950182663902,0.9763959280450059,0.004462139473267657,0.003165467113125891,
0.002601637275886696,0.006550587507722063,0.004048595811820932,0.00255616636927851,0.9842430130352917,
0.002495062352250719,0.9484671021490103,0.04484730585118361,0.002451454141278217,0.0017390755062772086,
0.004226380474501501,0.9820983146948077,0.006576976139918184,0.004152512624579486,0.002945816066193136,
0.002396875408219898,0.0060350235031515894,0.9875424792637545,0.002354983289418872,0.0016706385354551447,
0.8816583358898923,0.013439087248705133,0.09593812412869625,0.00524419264965833,0.0037202600830478828,
0.003952142219862754,0.07483824638268322,0.9145718738159659,0.003883067452427929,0.0027546701290600464,
0.01125557953555135,0.028340099283296796,0.01751562087059948,0.935043484473932,0.007845215836620265,
0.0045415151859365165,0.6079448258765899,0.007067380042376248,0.3772808117819714,0.003165467113125891,
0.08110187766377469,0.0060350235031515894,0.9088374770081997,0.002354983289418872,0.0016706385354551447,
0.0029840183321202507,0.10549809533742908,0.8865061409212353,0.002931864244325399,0.0020798811648900352,
0.01125557953555135,0.028340099283296796,0.01751562087059948,0.935043484473932,0.007845215836620265,
0.003711324534631661,0.8624130252203944,0.0057754603635500786,0.003646458731519508,0.12445373114990436,
0.006471745126360576,0.016295020512976776,0.8601090172041335,0.11261336658721566,0.004510850569313395,
0.007241151777675191,0.969328643941749,0.011268479673002749,0.007114592345555221,0.005047132262017787,
0.35586582240444803,0.27633534399142723,0.3588343808714184,0.00524419264965833,0.0037202600830478828,
0.009500007379173314,0.023919794753121584,0.9506246597071016,0.00933396811139405,0.006621570049209292,
0.009500007379173314,0.8037873043882179,0.17075715007200534,0.00933396811139405,0.006621570049209292,
0.31099396068457186,0.6312342464920409,0.02778466057348728,0.01754243155920847,0.012444700690691575,
0.008218187841967577,0.6953336759435199,0.01278891611299187,0.2779310870273878,0.005728133074132815,
0.8972729044201435,0.04495530275646928,0.02778466057348728,0.01754243155920847,0.012444700690691575,
0.017854488816786113,0.9243737183598266,0.02778466057348728,0.01754243155920847,0.012444700690691575,
0.006471745126360576,0.5475686872842852,0.4350900837870867,0.00635863323295398,0.004510850569313395,
0.013807086710451603,0.7148290949812852,0.24817441538439494,0.013565769153941696,0.009623633769926369,
0.04315586201485108,0.8172046588031597,0.06715795619483483,0.04240159231343614,0.030079930673718443,
0.0042263804745015015,0.010641481576141018,0.006576976139918185,0.004152512624579487,0.9744026491848599,
0.007241151777675191,0.969328643941749,0.011268479673002749,0.007114592345555221,0.005047132262017787,
0.007241151777675191,0.969328643941749,0.011268479673002749,0.007114592345555221,0.005047132262017787,
0.0053374800808184755,0.013439087248705133,0.008306038547788873,0.9691971340396396,0.0037202600830478828,
0.006471745126360576,0.016295020512976776,0.9663637505583951,0.00635863323295398,0.004510850569313395,
0.002601637275886696,0.9889802415868215,0.004048595811820932,0.00255616636927851,0.001813358956192398,
0.004907431613667146,0.9792135854936289,0.00763680904407357,0.004821660485362926,0.0034205133632673967,
0.0029840183321202507,0.9873605896466664,0.004643646611997988,0.002931864244325399,0.0020798811648900352,
0.0028446521096291617,0.9879509033376038,0.004426768759763794,0.0027949338373670757,0.001982741955636206,
0.0045415151859365165,0.011434950182663902,0.9763959280450059,0.004462139473267657,0.003165467113125891,
0.002601637275886696,0.006550587507722063,0.08947726138391653,0.00255616636927851,0.8988143474631961,
0.002495062352250719,0.9894316611302977,0.0038827468698962,0.002451454141278217,0.0017390755062772086,
0.07361615426869196,0.9127085409006171,0.006576976139918184,0.004152512624579486,0.002945816066193136,
0.025258856742169843,0.06359854733331587,0.45401337275017006,0.02481738739261907,0.4323118357817252,
0.0027177230005525957,0.22994416293581046,0.0042292451986707495,0.7612145973655611,0.0018942714994051137,
0.14806978118694572,0.3728206341077149,0.2304220890156165,0.14548184656045118,0.10320564912927173,
0.011255579535551351,0.0283400992832968,0.5719063975220192,0.011058856721565829,0.3774390669375668,
0.856509611960454,0.016295020512976776,0.010071150370039923,0.00635863323295398,0.11076558392357508,
0.0045415151859365165,0.08599868464440465,0.007067380042376248,0.8992269530141566,0.003165467113125891,
0.4399650968011079,0.06359854733331587,0.45401337275017006,0.02481738739261907,0.017605595722787148,
0.011255579535551351,0.7675278014851898,0.017515620870599484,0.19585578227203906,0.007845215836620267,
0.0045415151859365165,0.08599868464440465,0.007067380042376248,0.7500994840906752,0.15229293603660737,
0.008218187841967577,0.29054887334983615,0.012788916112991868,0.6827158896210715,0.005728133074132814,
0.6041334325523577,0.3380947746242551,0.02778466057348728,0.01754243155920847,0.012444700690691575,
0.537745411897669,0.016295020512976776,0.4350900837870867,0.00635863323295398,0.004510850569313395,
0.0027177230005525957,0.006842876407819458,0.0042292451986707495,0.047290480475989834,0.9389196749169673,
0.9583375083763731,0.018232287343050935,0.011268479673002749,0.007114592345555221,0.005047132262017787,
0.008218187841967577,0.020692338287380336,0.012788916112991868,0.9525724246835273,0.005728133074132814,
0.9692904214707997,0.013439087248705133,0.008306038547788873,0.00524419264965833,0.0037202600830478828,
0.0029840183321202507,0.007513373747513848,0.004643646611997988,0.002931864244325399,0.9819270970640425,
0.12612819635251243,0.018232287343050935,0.011268479673002749,0.839323904369416,0.005047132262017787,
0.03377467008122661,0.6415948691806526,0.32137378817704265,0.0019051490164971444,0.0013515235445810776,
0.3959218866859938,0.5963225404198125,0.0037299510693197357,0.002354983289418872,0.0016706385354551447,
0.0020708957058240907,0.005214248606483046,0.6492318794276307,0.3420395478043346,0.0014434284557275994,
0.12538873929611294,0.047246804560687305,0.8231739264956444,0.002451454141278217,0.0017390755062772086,
0.14806978118694572,0.3728206341077149,0.2304220890156165,0.14548184656045118,0.10320564912927173,
0.003952142219862754,0.009950984979391644,0.9794591352192575,0.003883067452427929,0.0027546701290600464,
0.42318255316018377,0.10057089000865505,0.004426768759763793,0.0027949338373670753,0.46902485423403023,
0.040168640081874055,0.8009193668973886,0.15503879136826057,0.002265817695982387,0.0016073839564944266,
0.005337480080818476,0.013439087248705135,0.008306038547788873,0.3557725349732879,0.6171448591493996,
0.002601637275886696,0.006550587507722063,0.08947726138391653,0.8995571548762823,0.001813358956192398,
0.0031377438088874073,0.5745793408650366,0.31398045512162753,0.10611543133196902,0.0021870288724795423,
0.004907431613667146,0.9792135854936289,0.00763680904407357,0.004821660485362926,0.0034205133632673967,
0.002495062352250719,0.29303415844841174,0.0038827468698962,0.002451454141278217,0.6981365781881631,
0.9663407951508759,0.014729899020245402,0.009103825788390807,0.005747892453010388,0.0040775875874773425,
0.0023061236737479383,0.005806522326740085,0.0035887257357561098,0.002265817695982387,0.9860328105677735,
0.14314645537319548,0.020692338287380336,0.14771718364421976,0.6827158896210715,0.005728133074132814,
0.005850140054757259,0.014729899020245404,0.009103825788390809,0.005747892453010389,0.9645682426835962,
0.0053374800808184755,0.013439087248705133,0.008306038547788873,0.9691971340396396,0.0037202600830478828,
0.013807086710451607,0.0347644656546882,0.02148620560886263,0.6936303984805389,0.23631184354545876,
0.0028446521096291617,0.2873877349200127,0.144539402443282,0.56324546857144,0.001982741955636206,
0.008218187841967577,0.9651902110059757,0.012788916112991868,0.008074551964931924,0.005728133074132814,
0.003711324534631661,0.9842799378131588,0.0057754603635500786,0.003646458731519508,0.0025868185571400167,
0.0020027995503922773,0.9915167393241537,0.003116701143079776,0.0019677950122289913,0.0013959649701452512,
0.002495062352250719,0.9894316611302977,0.0038827468698962,0.002451454141278217,0.0017390755062772086,
0.008218187841967577,0.020692338287380336,0.9572867888315872,0.008074551964931924,0.005728133074132814,
0.0020027995503922773,0.00504279125951545,0.989590649207718,0.0019677950122289913,0.0013959649701452512,
0.0028446521096291617,0.007162467552976257,0.9852152045443913,0.0027949338373670757,0.001982741955636206,
0.002221993411737287,0.22448216126140522,0.7695639428915703,0.0021831578462087778,0.0015487445890784474,
0.4774205131602311,0.4918403005341793,0.014783648144986093,0.00933396811139405,0.006621570049209292,
0.0064717451263605775,0.4413139539300236,0.11632588372430162,0.006358633232953981,0.42952978398636027,
0.006471745126360576,0.9725876207013321,0.010071150370039923,0.00635863323295398,0.004510850569313395,
0.008218187841967577,0.020692338287380336,0.9572867888315872,0.008074551964931924,0.005728133074132814,
0.0033081682800095782,0.17127254917976062,0.6569201102623636,0.003250348762931353,0.16524882351493483,
0.24828241623997513,0.2111050404858369,0.0038827468698961996,0.002451454141278217,0.5342783422630134,
0.017854488816786113,0.04495530275646928,0.32092413244127305,0.3106819034269942,0.30558417255847736,
0.005850140054757258,0.014729899020245402,0.9695944808845095,0.005747892453010388,0.0040775875874773425,
0.017854488816786113,0.6312342464920409,0.02778466057348728,0.01754243155920847,0.30558417255847736,
0.003952142219862754,0.7885981218188904,0.20081199837975877,0.003883067452427929,0.0027546701290600464,
0.0053374800808184755,0.013439087248705133,0.008306038547788873,0.9691971340396396,0.0037202600830478828,
0.0016727706223792725,0.004211820934379685,0.9638419743380277,0.001643534265162181,0.028629899840051112,
0.01125557953555135,0.21313702483377003,0.7567033230724924,0.011058856721565827,0.007845215836620265,
0.0031377438088874073,0.05941669889182513,0.004882869937700672,0.8788593942917862,0.05370329306980068,
0.7063941647280775,0.18870325841051988,0.09593812412869625,0.00524419264965833,0.0037202600830478828,
0.0020027995503922773,0.9257518094531778,0.06888163101405566,0.0019677950122289913,0.0013959649701452512,
0.002495062352250719,0.9484671021490103,0.04484730585118361,0.002451454141278217,0.0017390755062772086,
0.008218187841967577,0.020692338287380336,0.9572867888315872,0.008074551964931924,0.005728133074132814,
0.0020027995503922773,0.00504279125951545,0.989590649207718,0.0019677950122289913,0.0013959649701452512,
0.0028446521096291617,0.007162467552976257,0.9852152045443913,0.0027949338373670757,0.001982741955636206,
0.7160810740024924,0.03921473328727678,0.10522412453493087,0.002034700996397225,0.13744536717890254,
0.002143785450181909,0.11098939590402977,0.0033360994922288015,0.8820364860480174,0.001494233105542119,
0.003498169006364963,0.9851828009631081,0.005443753639094068,0.0034370286938154903,0.002438247697617487,
0.002396875408219898,0.08474002575870636,0.0037299510693197357,0.8681100081005215,0.04102313966323254,
0.003498169006364962,0.6405799084739121,0.12031138446882596,0.00343702869381549,0.2321735093570813,
0.0019390391631030049,0.06855351265442758,0.48055194276766067,0.44760398187022765,0.0013515235445810776,
0.006471745126360576,0.5475686872842852,0.4350900837870867,0.00635863323295398,0.004510850569313395,
