0.5538282192683504,0.0012885097980048328,0.025021115108522986,0.003263564016798282,0.41659859180832354,
0.004828836821464275,0.004498593190933805,0.8910064880740922,0.011394129006142228,0.08827195290736747,
0.4406877938986868,0.001536006212528984,0.5511860069908979,0.0038904280064849025,0.0026997648914016087,
0.004160172394645186,0.003875658652301816,0.9060991670925638,0.009816347643324393,0.07604865421716483,
0.08787553528812032,0.0023877694446876093,0.003711009261557772,0.6458913814554118,0.2601343045502226,
0.005753615294027147,0.005360126163284688,0.008330568882738172,0.9711344514441923,0.009421238215757634,
0.5983006482831064,0.016257130064962676,0.025266409356083697,0.33160142983155266,0.028574382464294612,
0.886910386640032,9.917403257212803E-4,0.07240900443812713,0.037945733906344516,0.0017431346897752117,
0.9476938704126822,0.002116875589321633,0.0032899930665483117,0.043178529629127126,0.0037207313023206886,
0.247518933969552,0.002738169483159517,0.0042555919016080855,0.7406745546860498,0.004812749959630687,
0.0019737171519025364,0.9872795270181911,0.0028577139500506024,0.004657185297802985,0.0032318565820526604,
0.704354174054633,0.26705547410145875,0.007602577800625853,0.012389838233407202,0.00859793580987524,
0.2459238071932816,0.004498593190933805,0.730276507826214,0.011394129006142228,0.007906962783428355,
0.0029391796640642356,0.05165412034425706,0.6890789039569737,0.0558512426306841,0.20047655340402087,
0.0018520450992530503,0.12501767283409396,0.5883199191774142,0.2817777378048848,0.0030326250843539884,
0.0034446788947005277,0.003209097675815473,0.004987496268825397,0.9827182491680727,0.005640477992586004,
0.008072614908406559,0.007520529643612257,0.6834396515768789,0.1533984395122158,0.14756876435888652,
0.2888360713913752,0.1250234569582374,0.003559187699208468,0.0467114940418799,0.535869789909299,
0.0038907875196832137,0.003624696979946732,0.9769328516468068,0.009180706777603556,0.0063709570759597255,
0.981258196886015,0.0027381694831595162,0.004255591901608085,0.006935291769586551,0.004812749959630686,
0.9751902292521242,0.003624696979946732,0.005633409914365763,0.009180706777603556,0.0063709570759597255,
0.525177854591482,0.004163956840565268,0.0064715135853856244,0.45686788655855376,0.007318788424013324,
0.7718001865529398,0.0053601261632846885,0.008330568882738172,0.013576237370551473,0.20093288103048582,
0.3078756105741246,0.016257130064962676,0.0252664093560837,0.6220264675405345,0.028574382464294616,
0.0024581990820473436,0.002290083111382629,0.5354038077022458,0.45582274019806257,0.0040251699062616355,
0.9692087183087335,0.004498593190933805,0.006991596710762078,0.011394129006142228,0.007906962783428355,
0.44219041584330776,0.0048917158901334995,0.007602577800625853,0.5367173546560576,0.00859793580987524,
0.005753615294027148,0.0053601261632846885,0.008330568882738172,0.10933205877791556,0.8712236308820345,
0.05185513052516178,0.002738169483159517,0.0042555919016080855,0.5450107512416597,0.39614035684841103,
0.98365656140383,0.002387769444687609,0.0037110092615577715,0.006047791372761969,0.004196868517162641,
0.36243079682218754,0.36194409948481043,0.010303882311602855,0.2536683161391303,0.011652905242268913,
0.007116509771468063,0.00662981243409096,0.957808647780188,0.016792124771984027,0.011652905242268913,
0.0038907875196832137,0.003624696979946732,0.005633409914365763,0.009180706777603556,0.9776703988084008,
0.004160172394645186,0.0038756586523018156,0.006023448028170165,0.9791286604819021,0.006812060442980712,
0.009325498288694967,0.00868772846436066,0.013502241962627788,0.9532145251458038,0.01527000613851276,
0.011038727287613927,0.010283789916424825,0.015982799222376273,0.9446193563122445,0.018075327261340573,
0.1355648724115961,0.12629360537714082,0.19628224168494157,0.3198790313420751,0.2219802491842463,
0.004160172394645186,0.0038756586523018156,0.006023448028170165,0.9791286604819021,0.006812060442980712,
0.0016952835567212124,0.8480033455797241,0.0024545743368869716,0.14507086010844586,0.002775936418221717,
0.8431817356567396,0.02291108188551773,0.03560780847523926,0.058029657627185656,0.04026971635531777,
0.006362900011125386,0.005927741964153067,0.9622765422756588,0.015013906300930248,0.01041890944813251,
0.0030903469222571082,0.002878998428833514,0.05590625014776177,0.9330641262176583,0.005060278283489331,
0.004160172394645186,0.0038756586523018156,0.006023448028170165,0.9791286604819021,0.006812060442980712,
0.006362900011125386,0.005927741964153067,0.009212742619702409,0.015013906300930248,0.963482709104089,
0.005753615294027148,0.0053601261632846885,0.008330568882738172,0.20508788018527965,0.7754678094746703,
0.003257906890827759,0.0030350989891867707,0.0047170720287403245,0.007687360906272,0.9813025611849732,
0.0028021117055673944,0.002610475587592736,0.004057133365275357,0.006611866054561466,0.983918413287003,
0.0052508188244323765,0.0048917158901334995,0.007602577800625853,0.012389838233407202,0.969865049251401,
0.005753615294027148,0.19687176897801287,0.3913538545121945,0.39659952300000784,0.009421238215757636,
0.9405355667761915,0.00868772846436066,0.013502241962627788,0.022004456658307307,0.01527000613851276,
0.0034446788947005277,0.003209097675815473,0.004987496268825397,0.9827182491680727,0.005640477992586004,
0.0026772583848706476,0.002494160972061465,0.6276725087656856,0.3627722040447198,0.004383867832662552,
0.009325498288694967,0.00868772846436066,0.013502241962627788,0.7980128470645544,0.1704716842197622,
0.011038727287613927,0.7451416799214484,0.015982799222376273,0.20976146630722087,0.018075327261340573,
0.0052508188244323765,0.0048917158901334995,0.9688696912421517,0.012389838233407202,0.00859793580987524,
0.01352312017761568,0.012598275444054893,0.6947645126870345,0.03190917017208179,0.24720492151921303,
0.005753615294027148,0.0053601261632846885,0.965888782956379,0.013576237370551473,0.009421238215757636,
0.0038907875196832137,0.003624696979946732,0.005633409914365763,0.2681938912395878,0.7186572143464165,
0.09263873822820745,0.0048917158901334995,0.4445421748195012,0.18716567704095735,0.2707616940212005,
0.013523120177615684,0.012598275444054894,0.019579912523195953,0.031909170172081794,0.9223895216830518,
0.00256305661043368,0.0023877694446876093,0.003711009261557772,0.944485056827315,0.046853107856005966,
0.748338520269994,0.004163956840565268,0.22963217926389767,0.010546555201529714,0.007318788424013324,
0.004469634674953982,0.004163956840565268,0.006471513585385624,0.9775761064750818,0.007318788424013323,
0.0028021117055673944,0.002610475587592736,0.6569438698985185,0.33305523432118306,0.004588308487138274,
0.0028021117055673944,0.002610475587592736,0.004057133365275357,0.006611866054561466,0.983918413287003,
0.13634786164670498,0.04705102872600624,0.003876360210458666,0.8083408815841676,0.004383867832662552,
0.004160172394645186,0.07311225242648593,0.006023448028170166,0.909892066707718,0.006812060442980713,
0.1255546054550412,0.5988202908519568,0.010303882311602855,0.2536683161391303,0.011652905242268913,
0.007116509771468063,0.00662981243409096,0.957808647780188,0.016792124771984027,0.011652905242268913,
0.003257906890827759,0.0030350989891867707,0.0047170720287403245,0.27878955879198597,0.7102003632992592,
0.06996808341479135,0.0019011850241756436,0.6143007567300739,0.03877902617939263,0.27505094865156643,
0.8047008779558765,0.0024941609720614648,0.003876360210458665,0.18454473302894064,0.004383867832662551,
0.09607164549603071,0.002610475587592736,0.3771352685271286,0.5195943019021098,0.004588308487138274,
0.002361584023761004,0.002200075546534578,0.5143607317098823,0.47721064081922643,0.0038669679005957666,
0.9780348597179306,0.0032090976758154723,0.004987496268825396,0.008128068344842414,0.0056404779925860035,
0.04163324825250533,0.03878595488517334,0.7531707118398348,0.09823786122264201,0.06817222379984468,
0.003654168091216851,0.003404259928727708,0.9783356873020742,0.00862237929771828,0.005983505380262897,
0.005753615294027148,0.0053601261632846885,0.5828654973269227,0.10933205877791556,0.2966887024378499,
0.0024581990820473436,0.002290083111382629,0.4944926830866276,0.4967338648136808,0.0040251699062616355,
0.2385846535655619,0.012598275444054894,0.6947645126870347,0.031909170172081794,0.022143388131266827,
0.8774307013752106,0.0028789984288335136,0.10733803570381786,0.007291986208648608,0.005060278283489329,
0.734523836264861,0.03878595488517334,0.06028012382747914,0.09823786122264201,0.06817222379984468,
0.0023615840237610035,0.0022000755465345777,0.9859989761072685,0.005572396421840117,0.003866967900595766,
0.004469634674953983,0.004163956840565268,0.0064715135853856244,0.010546555201529714,0.9743483396975654,
0.005753615294027148,0.10111594757064878,0.7743771401416509,0.10933205877791556,0.009421238215757636,
0.0029391796640642356,0.002738169483159517,0.0042555919016080855,0.006935291769586553,0.9831317671815816,
0.004469634674953983,0.4504852881975893,0.37840595638290564,0.08493344376103372,0.08170567698351734,
0.8342432791218565,0.002116875589321633,0.07892372059376544,0.08099539339273569,0.0037207313023206886,
0.007116509771468063,0.00662981243409096,0.010303882311602855,0.016792124771984027,0.9591576707108541,
0.0021894771628857375,0.0020397390553520724,0.0031701094686564075,0.9890155222190962,0.0035851520940097083,
0.00256305661043368,0.0023877694446876093,0.003711009261557772,0.9871412961661583,0.004196868517162642,
0.32405083322977757,0.005927741964153067,0.11510872035925312,0.015013906300930248,0.539898798145886,
0.0038907875196832137,0.003624696979946732,0.45890648272283824,0.5272070757015722,0.0063709570759597255,
0.06446947277422028,0.003404259928727709,0.6134438592040536,0.3126989027127354,0.005983505380262898,
0.005753615294027148,0.9629183402369256,0.008330568882738172,0.013576237370551473,0.009421238215757636,
0.004160172394645186,0.003875658652301816,0.006023448028170166,0.009816347643324393,0.9761243732815584,
0.003654168091216852,0.003404259928727709,0.005290812374019356,0.9816672542257733,0.005983505380262898,
0.0545221324783132,0.002878998428833514,0.6730876768204349,0.213019128432873,0.05649206383954543,
0.7476347441879804,0.005927741964153067,0.11510872035925312,0.12090988404048095,0.01041890944813251,
0.006362900011125385,0.005927741964153066,0.009212742619702407,0.9680777059568866,0.010418909448132509,
0.00256305661043368,0.0023877694446876093,0.25964844529461767,0.6458913814554118,0.08950934719484928,
0.003654168091216852,0.003404259928727709,0.005290812374019356,0.9816672542257733,0.005983505380262898,
0.003654168091216851,0.003404259928727708,0.005290812374019355,0.8600366448597662,0.1276141147462697,
0.0034446788947005277,0.003209097675815473,0.004987496268825397,0.9827182491680727,0.005640477992586004,
0.01745057286514281,0.016257130064962676,0.896541522483029,0.04117639212257096,0.028574382464294612,
0.0026772583848706476,0.002494160972061465,0.04843322796440344,0.8528977493381124,0.0934976033405521,
0.9354974496102004,0.0026104755875927354,0.004057133365275356,0.05324663294979311,0.0045883084871382734,
0.0038907875196832137,0.003624696979946732,0.005633409914365763,0.009180706777603556,0.9776703988084008,
0.0028021117055673944,0.002610475587592736,0.004057133365275357,0.9859419708544263,0.004588308487138274,
0.009325498288694967,0.00868772846436066,0.013502241962627788,0.7980128470645544,0.1704716842197622,
0.011038727287613927,0.010283789916424825,0.015982799222376273,0.9446193563122445,0.018075327261340573,
0.1355648724115961,0.12629360537714082,0.19628224168494157,0.3198790313420751,0.2219802491842463,
0.004160172394645186,0.0038756586523018156,0.006023448028170165,0.9791286604819021,0.006812060442980712,
0.0016952835567212124,0.8762174789891574,0.0024545743368869716,0.11685672669901262,0.002775936418221717,
0.024592994105654197,0.022911081885517732,0.03560780847523927,0.8766183991782711,0.04026971635531778,
0.006362900011125386,0.005927741964153067,0.9622765422756588,0.015013906300930248,0.01041890944813251,
0.0030903469222571082,0.002878998428833514,0.004474464591705681,0.9844959117737144,0.005060278283489331,
0.004160172394645186,0.0038756586523018156,0.006023448028170165,0.9791286604819021,0.006812060442980712,
0.006362900011125386,0.005927741964153067,0.009212742619702409,0.015013906300930248,0.963482709104089,
0.005753615294027148,0.0053601261632846885,0.008330568882738172,0.10933205877791556,0.8712236308820345,
0.003257906890827759,0.0030350989891867707,0.0047170720287403245,0.007687360906272,0.9813025611849732,
0.0028021117055673944,0.002610475587592736,0.004057133365275357,0.006611866054561466,0.983918413287003,
0.0030903469222571082,0.002878998428833514,0.004474464591705681,0.007291986208648609,0.9822642038485551,
0.013523120177615684,0.012598275444054894,0.019579912523195953,0.9321553037238667,0.022143388131266827,
0.004160172394645186,0.9731879714908795,0.006023448028170166,0.009816347643324393,0.006812060442980713,
0.007116509771468061,0.006629812434090958,0.010303882311602853,0.9642968902405692,0.01165290524226891,
0.9594266996670817,0.005927741964153067,0.009212742619702409,0.015013906300930248,0.01041890944813251,
0.004828836821464275,0.004498593190933805,0.006991596710762077,0.9757740104934114,0.007906962783428353,
0.01745057286514281,0.8875322431919078,0.025266409356083697,0.04117639212257096,0.028574382464294612,
0.006362900011125386,0.005927741964153067,0.9622765422756588,0.015013906300930248,0.01041890944813251,
0.00256305661043368,0.0023877694446876093,0.003711009261557772,0.9871412961661583,0.004196868517162642,
0.0038907875196832137,0.003624696979946732,0.9769328516468068,0.009180706777603556,0.0063709570759597255,
0.0052508188244323765,0.0048917158901334995,0.35715425541572615,0.6241052740598327,0.00859793580987524,
0.004828836821464275,0.004498593190933805,0.9713714781980314,0.011394129006142228,0.007906962783428355,
0.0024581990820473436,0.002290083111382629,0.003559187699208468,0.9876673602011,0.0040251699062616355,
0.0038907875196832133,0.0036246969799467316,0.005633409914365762,0.9804801485100445,0.006370957075959725,
0.31678708028868513,0.002200075546534578,0.0034193002793805136,0.005572396421840118,0.6720211474635597,
0.009325498288694967,0.00868772846436066,0.013502241962627788,0.7980128470645544,0.1704716842197622,
0.006362900011125386,0.005927741964153067,0.009212742619702409,0.015013906300930248,0.963482709104089,
0.005753615294027148,0.0053601261632846885,0.3913538545121945,0.20508788018527965,0.392444523845214,
0.0038907875196832133,0.0036246969799467316,0.005633409914365762,0.5919603718170682,0.3948907337689361,
0.007116509771468063,0.00662981243409096,0.010303882311602855,0.016792124771984027,0.9591576707108541,
0.004469634674953983,0.9711935081141174,0.0064715135853856244,0.010546555201529714,0.007318788424013324,
0.7458966172926376,0.010283789916424825,0.015982799222376273,0.02604699380596498,0.20178979976259648,
0.19887751918933863,0.002200075546534578,0.0034193002793805136,0.1627851445543022,0.6327179604304441,
0.0028021117055673944,0.002610475587592736,0.14396143405097034,0.006611866054561466,0.8440141126013081,
0.006362900011125386,0.005927741964153067,0.009212742619702409,0.015013906300930248,0.963482709104089,
0.09263873822820745,0.0048917158901334995,0.007602577800625853,0.012389838233407202,0.882477129847626,
0.003654168091216852,0.4899266973927552,0.005290812374019356,0.13025298866372514,0.3708753334782835,
0.011038727287613927,0.010283789916424825,0.567126216726144,0.39347593880847676,0.018075327261340573,
0.6514237486746438,0.003624696979946732,0.26464659437635,0.009180706777603556,0.0711242531914558,
0.04163324825250532,0.038785954885173335,0.060280123827479125,0.098237861222642,0.7610628118122003,
0.9594266996670817,0.005927741964153067,0.009212742619702409,0.015013906300930248,0.01041890944813251,
0.024592994105654194,0.02291108188551773,0.8541965500263247,0.058029657627185656,0.04026971635531777,
0.0052508188244323765,0.26705547410145875,0.7067059330308264,0.012389838233407202,0.00859793580987524,
0.007116509771468063,0.7172583865355299,0.010303882311602855,0.2536683161391303,0.011652905242268913,
0.009325498288694967,0.00868772846436066,0.013502241962627788,0.022004456658307307,0.9464800746260094,
0.01745057286514281,0.016257130064962676,0.0252664093560837,0.9124515052495162,0.028574382464294616,
0.142422902850365,0.007520529643612257,0.14603849980904518,0.6907995912800495,0.013218476416928098,
0.011038727287613927,0.010283789916424825,0.9345551617286557,0.02604699380596498,0.018075327261340573,
0.007116509771468063,0.00662981243409096,0.957808647780188,0.016792124771984027,0.011652905242268913,
0.0029391796640642347,0.05165412034425705,0.8847427074013638,0.055851242630684084,0.004812749959630686,
0.4912418630851129,0.0030350989891867707,0.0047170720287403245,0.007687360906272,0.49331860499068797,
0.006362900011125386,0.005927741964153067,0.9622765422756588,0.015013906300930248,0.01041890944813251,
0.002677258384870647,0.0024941609720614648,0.8058999797814647,0.006317262013161572,0.18261133884844163,
0.005753615294027148,0.0053601261632846885,0.4871096759195586,0.20508788018527965,0.2966887024378499,
0.6965261101364864,0.003875658652301816,0.21373322935072256,0.009816347643324393,0.07604865421716483,
0.013523120177615684,0.012598275444054894,0.24464144591114217,0.7070937703359205,0.022143388131266827,
0.004160172394645186,0.9039513777166954,0.0752600418023543,0.009816347643324393,0.006812060442980713,
0.007116509771468061,0.006629812434090958,0.010303882311602853,0.9642968902405692,0.01165290524226891,
0.9594266996670817,0.005927741964153067,0.009212742619702409,0.015013906300930248,0.01041890944813251,
0.004828836821464275,0.004498593190933805,0.006991596710762077,0.9757740104934114,0.007906962783428353,
0.01745057286514281,0.8875322431919078,0.025266409356083697,0.04117639212257096,0.028574382464294612,
0.006362900011125386,0.005927741964153067,0.9622765422756588,0.015013906300930248,0.01041890944813251,
0.00256305661043368,0.0023877694446876093,0.003711009261557772,0.9871412961661583,0.004196868517162642,
0.0038907875196832137,0.003624696979946732,0.9769328516468068,0.009180706777603556,0.0063709570759597255,
0.0052508188244323765,0.0048917158901334995,0.5319300942232763,0.4493294352522826,0.00859793580987524,
0.004828836821464275,0.004498593190933805,0.9713714781980314,0.011394129006142228,0.007906962783428355,
0.04336932369766561,0.002290083111382629,0.003559187699208468,0.9467562355854817,0.0040251699062616355,
0.0038907875196832133,0.0036246969799467316,0.005633409914365762,0.9804801485100445,0.006370957075959725,
0.6451589603038137,0.002116875589321633,0.0032899930665483117,0.00536166586551857,0.3440725051747977,
0.003654168091216852,0.9156338301737792,0.005290812374019356,0.06943768398072171,0.005983505380262898,
0.9405355667761915,0.00868772846436066,0.013502241962627788,0.022004456658307307,0.01527000613851276,
0.011038727287613927,0.010283789916424825,0.015982799222376273,0.9446193563122445,0.018075327261340573,
0.007116509771468063,0.00662981243409096,0.128741977995176,0.727420698873423,0.13009100092584208,
0.004469634674953983,0.004163956840565268,0.8991141762994337,0.010546555201529714,0.08170567698351734,
0.006362900011125386,0.005927741964153067,0.009212742619702409,0.3327018395195824,0.6457947758854368,
0.005753615294027148,0.7714066974221974,0.008330568882738172,0.013576237370551473,0.20093288103048582,
0.011038727287613927,0.9288561524227043,0.015982799222376273,0.02604699380596498,0.018075327261340573,
0.002272276322468119,0.002116875589321633,0.0032899930665483117,0.42134716726521276,0.5709736877564491,
0.7366784425805274,0.002738169483159517,0.0042555919016080855,0.2515150460750743,0.004812749959630687,
0.007116509771468063,0.00662981243409096,0.010303882311602855,0.016792124771984027,0.9591576707108541,
0.04166477105687653,0.002200075546534578,0.04272248731249603,0.7523329500510351,0.16107971603305785,
0.0020407518216267366,0.0019011850241756438,0.44448242774716235,0.004815360382810323,0.546760275024225,
0.002112500067929139,0.001968026415635121,0.003058655546355638,0.2510889211624731,0.741771896807607,
0.0038907875196832137,0.003624696979946732,0.39415318660734217,0.009180706777603556,0.5891506221154243,
0.7855943934416248,0.0027381694831595162,0.004255591901608085,0.2025990952139767,0.004812749959630686,
0.0022722763224681196,0.0021168755893216334,0.45709235822985106,0.5347977585560385,0.003720731302320689,
0.1972652581087553,0.7714066974221973,0.008330568882738172,0.013576237370551471,0.009421238215757634,
0.00256305661043368,0.5142626415108075,0.003711009261557772,0.43261018476119517,0.046853107856005966,
0.0029391796640642356,0.5408136289552326,0.0042555919016080855,0.0558512426306841,0.39614035684841103,
0.37640407747247406,0.07855084540006928,0.0064715135853856244,0.5312547751180577,0.007318788424013324,
0.004828836821464275,0.004498593190933805,0.006991596710762077,0.9757740104934114,0.007906962783428353,
0.0038907875196832137,0.003624696979946732,0.26464659437635,0.009180706777603556,0.7186572143464165,
0.007116509771468061,0.006629812434090958,0.010303882311602853,0.9642968902405692,0.01165290524226891,
0.24792494677575694,0.002290083111382629,0.003559187699208468,0.21035599250435294,0.535869789909299,
0.04163324825250533,0.7316765428975289,0.06028012382747914,0.09823786122264201,0.06817222379984468,
0.0052508188244323765,0.616607151716559,0.007602577800625853,0.012389838233407202,0.35814961342497553,
0.9855107341762908,0.002116875589321633,0.0032899930665483117,0.00536166586551857,0.0037207313023206886,
0.5993069881893338,0.00662981243409096,0.010303882311602855,0.016792124771984027,0.36696719229298835,
0.9751902292521242,0.003624696979946732,0.005633409914365763,0.009180706777603556,0.0063709570759597255,
0.013523120177615684,0.012598275444054894,0.46970297929908844,0.48203223694797426,0.022143388131266827,
0.008072614908406559,0.007520529643612257,0.5490893636349204,0.42209901539613265,0.013218476416928098,
0.003654168091216852,0.003404259928727709,0.005290812374019356,0.9816672542257733,0.005983505380262898,
0.0019737171519025364,0.9872795270181911,0.0028577139500506024,0.004657185297802985,0.0032318565820526604,
0.0024581990820473436,0.002290083111382629,0.003559187699208468,0.9876673602011,0.0040251699062616355,
0.06446947277422027,0.915633830173779,0.005290812374019355,0.00862237929771828,0.005983505380262897,
0.8431817356567396,0.02291108188551773,0.03560780847523926,0.058029657627185656,0.04026971635531777,
0.008072614908406559,0.007520529643612257,0.01168821186708675,0.019048151570257375,0.9536704920106371,
0.0028021117055673944,0.002610475587592736,0.004057133365275357,0.006611866054561466,0.983918413287003,
0.0038907875196832137,0.9749241387123878,0.005633409914365763,0.009180706777603556,0.0063709570759597255,
0.006362900011125386,0.9589915416201095,0.009212742619702409,0.015013906300930248,0.01041890944813251,
0.002189477162885737,0.11135632009393807,0.003170109468656407,0.2966771756413847,0.586606917633135,
0.005250818824432376,0.0048917158901334995,0.007602577800625852,0.9736569516749329,0.00859793580987524,
0.008072614908406559,0.14187081758557069,0.01168821186708675,0.019048151570257375,0.8193202040686787,
0.003257906890827759,0.0030350989891867707,0.3300397094915971,0.6583326358319856,0.005334648796402791,
0.0433693236976656,0.9432459492706026,0.0035591876992084677,0.005800369426261644,0.0040251699062616355,
0.01745057286514281,0.016257130064962676,0.0252664093560837,0.6220264675405345,0.3189994201732764,
0.006362900011125386,0.005927741964153067,0.009212742619702409,0.015013906300930248,0.963482709104089,
0.013523120177615684,0.012598275444054894,0.46970297929908844,0.48203223694797426,0.022143388131266827,
0.007116509771468063,0.00662981243409096,0.010303882311602855,0.13523022045555716,0.840719575027281,
0.0016952835567212129,0.001579343296726995,0.9899492436670505,0.004000193061279663,0.0027759364182217174,
0.013523120177615684,0.012598275444054894,0.019579912523195953,0.031909170172081794,0.9223895216830518,
0.0030903469222571074,0.0028789984288335136,0.8788148190446592,0.007291986208648608,0.10792384939560148,
0.8791300128621831,0.0048917158901334995,0.007602577800625853,0.09977775763718227,0.00859793580987524,
0.0019737171519025364,0.9872795270181911,0.0028577139500506024,0.004657185297802985,0.0032318565820526604,
0.0024581990820473436,0.002290083111382629,0.003559187699208468,0.9876673602011,0.0040251699062616355,
0.003654168091216851,0.9764491348567824,0.005290812374019355,0.00862237929771828,0.005983505380262897,
0.024592994105654197,0.022911081885517732,0.03560780847523927,0.8766183991782711,0.04026971635531778,
0.008072614908406559,0.007520529643612257,0.01168821186708675,0.28774872745417424,0.6849699161267202,
0.0028021117055673944,0.002610475587592736,0.004057133365275357,0.006611866054561466,0.983918413287003,
0.0038907875196832137,0.9749241387123878,0.005633409914365763,0.009180706777603556,0.0063709570759597255,
0.006362900011125386,0.9589915416201095,0.009212742619702409,0.015013906300930248,0.01041890944813251,
0.0020407518216267366,0.0019011850241756438,0.0029547723915923528,0.9897616684836973,0.003341622278907982,
0.005753615294027148,0.10111594757064878,0.008330568882738172,0.8753786300368284,0.009421238215757636,
0.0029391796640642347,0.8343093341218176,0.004255591901608085,0.15368314435287916,0.004812749959630686,
0.0029391796640642356,0.002738169483159517,0.3466672479292909,0.006935291769586553,0.6407201111538988,
0.0038907875196832137,0.003624696979946732,0.9769328516468068,0.009180706777603556,0.0063709570759597255,
0.19273104125359197,0.0017802569219193983,0.19358692399291846,0.16352581697220758,0.4483759608593626,
0.006362900011125386,0.005927741964153067,0.009212742619702409,0.015013906300930248,0.963482709104089,
