0.001988110832607526,0.048115884305814705,0.41576565268685084,0.025574168869676388,0.5085561833050505,
0.006937117078105263,0.007290739023342266,0.5674311516758028,0.41043609907095746,0.007904893151792219,
0.0023698808686229986,0.05735541088706416,0.5504684152065302,0.2499439860063317,0.13986230703145086,
0.005977181371613474,0.9057307366921894,0.004593253420659876,0.07688778877676554,0.0068110397387717864,
0.0036834895110654537,0.003871256664408472,0.0028306319893550464,0.9854172599220185,0.004197361913152642,
0.008264376460614637,0.008685655912477608,0.006350882311789739,0.9672817708670839,0.009417314448034196,
0.02501667580734227,0.026291909519380482,0.5983814059505009,0.32180333267225786,0.028506676050518473,
0.036957806605958654,0.0016082980641675248,0.9577188973457044,0.0019712208015306406,0.0017437771826388023,
0.19227812357672958,0.0034322274282575964,0.19152198642743584,0.6090463126459624,0.0037213499216145517,
0.2975750314102725,0.004439075681806381,0.052137694016274466,0.6410351862676791,0.004813012623967477,
0.0028368019393956805,0.2985159294041273,0.6917605302449741,0.0036541828742041134,0.00323255553729888,
0.007542804519673362,0.007927301591981368,0.8789075507189358,0.009716147862311262,0.09590619530709832,
0.006937117078105263,0.007290739023342266,0.5674311516758028,0.089235972519447,0.32910501970330264,
0.004223767662601624,0.05333095297308486,0.14992144859883144,0.7877108181415147,0.004813012623967477,
0.3416106097229723,0.002797673543013508,0.0020456365756974055,0.4348181537518746,0.21872792640644212,
0.23413286235624794,0.0052020964683737484,0.003803731436995707,0.7512210013120142,0.0056403084263683765,
0.1457596855031217,0.012181689140110639,0.008907153917588406,0.0149305651519237,0.8182209062872555,
0.0444271398701456,0.20818436452158942,0.0027148753208111193,0.004550794028233752,0.7401228262592201,
0.005590391286566941,0.0058753634182369075,0.263140488183214,0.007201176725021779,0.7181925803869603,
0.4931425405753863,0.44446597130331267,0.003245816724995989,0.005440781481058901,0.05370488991524595,
0.005590391286566941,0.005875363418236908,0.8455405441612892,0.00720117672502178,0.13579252440888523,
0.006421472623293066,0.006748809413888976,0.9712406838610337,0.008271721392085218,0.007317312709699135,
0.008264376460614635,0.10434927003097301,0.4846689529042668,0.010645629682129648,0.39207177092201584,
0.02501667580734227,0.026291909519380482,0.019224434492038166,0.9009603041307206,0.028506676050518473,
0.944101388427847,0.0037129443948391225,0.04360915934616118,0.004550794028233752,0.004025713802918991,
0.006937117078105264,0.0072907390233422666,0.9689313098651909,0.00893594088156937,0.007904893151792219,
0.00754280451967336,0.007927301591981366,0.00579637968255364,0.6208939675877787,0.35783954661801287,
0.008264376460614635,0.008685655912477606,0.293341724667276,0.20197285791912048,0.4877353850405112,
0.9820613134881713,0.004439075681806381,0.0032458167249959894,0.0054407814810589015,0.004813012623967477,
0.0036834895110654537,0.8566298909676772,0.08810649541968192,0.04738276218842279,0.004197361913152642,
0.9565961862696208,0.010740631088075065,0.007853463766245043,0.013164323140150778,0.011645395735908427,
0.010219679392193764,0.7205230112461453,0.007853463766245041,0.013164323140150775,0.24823952245526515,
0.005590391286566941,0.9765421233816957,0.0042960188596250105,0.00720117672502178,0.006370289747090722,
0.07516555571241218,0.006281870261806119,0.004593253420659877,0.9071482808663501,0.006811039738771787,
0.013386954109058586,0.014069358730393987,0.01028740286277304,0.0172441994499973,0.9450120848477771,
0.015841791702466166,0.01664933252018515,0.012173859115653997,0.9372831848515925,0.018051831810102163,
0.19058212729322813,0.2002971172266609,0.14645565420912662,0.24549544189632788,0.21716965937465643,
0.836237673461198,0.006281870261806119,0.004593253420659877,0.007699414435966833,0.14518778842036922,
0.002436726019519461,0.0025609389721524354,0.9890868375448328,0.0031388312190566356,0.0027766662444385828,
0.03521384882751097,0.03700888696532301,0.027060602903857166,0.04536017884551898,0.8553564824577897,
0.009138608807118725,0.009604452555573375,0.007022699087352542,0.11755497783825188,0.8566792617117034,
0.004440891168684889,0.004667267133797632,0.00341266849425281,0.9824187468342204,0.005060426369044343,
0.005977181371613475,0.07547024460260483,0.004593253420659877,0.9071482808663501,0.006811039738771787,
0.009138608807118725,0.009604452555573375,0.007022699087352542,0.011771758660083979,0.9624624808898713,
0.008264376460614637,0.965321797097432,0.006350882311789739,0.01064562968212965,0.009417314448034196,
0.004681546895276027,0.9803557311424561,0.003597603946373405,0.006030462772859434,0.005334655243034957,
0.004026885662904871,0.9831027593250183,0.0030945198406705007,0.005187170955227056,0.004588664216179164,
0.007542804519673362,0.9683495897320018,0.005796379682553641,0.009716147862311262,0.008595078203460099,
0.48658244705309167,0.008685655912477606,0.0063508823117897385,0.010645629682129648,0.4877353850405112,
0.013386954109058586,0.014069358730393987,0.01028740286277304,0.1722037923744154,0.790052491923359,
0.0049497797325027725,0.06249786712431004,0.003803731436995707,0.9231083132798231,0.0056403084263683765,
0.09292132609846095,0.13765434852249628,0.002956699542552662,0.004956150478950941,0.7615114753575392,
0.013386954109058583,0.3239885445792301,0.010287402862773038,0.6370825711476695,0.015254527301268672,
0.015841791702466166,0.01664933252018515,0.012173859115653997,0.9372831848515925,0.018051831810102163,
0.00754280451967336,0.007927301591981366,0.00579637968255364,0.00971614786231126,0.9690173663434803,
0.24395193081922129,0.020387987090613506,0.014907533511748318,0.02498866668421811,0.6957638818941987,
0.008264376460614635,0.008685655912477606,0.0063508823117897385,0.010645629682129648,0.9660534556329883,
0.19972374327925868,0.0058753634182369075,0.00429601885962501,0.007201176725021779,0.7829036977178576,
0.35678727293422613,0.09523841869561957,0.00579637968255364,0.00971614786231126,0.5324617808252893,
0.24395193081922129,0.6940464474335225,0.014907533511748318,0.02498866668421811,0.022105421551289688,
0.6006145335233536,0.003871256664408472,0.0028306319893550464,0.38848621590973026,0.004197361913152642,
0.006421472623293065,0.006748809413888975,0.822578221052193,0.15693418420092575,0.007317312709699134,
0.9727274808807567,0.006748809413888976,0.004934675603570091,0.008271721392085218,0.007317312709699135,
0.004026885662904871,0.004232157553998909,0.1895460630351504,0.5179289147400468,0.284265979007899,
0.004026885662904871,0.4703610155401987,0.5158362636254902,0.005187170955227056,0.004588664216179164,
0.09292132609846095,0.13765434852249628,0.047493592247683,0.673009541055906,0.048921192075453666,
0.005977181371613475,0.006281870261806119,0.004593253420659877,0.9763366552071487,0.006811039738771787,
0.7200020595502642,0.2473347578074319,0.007853463766245045,0.013164323140150782,0.01164539573590843,
0.010219679392193764,0.010740631088075063,0.48104171720495853,0.013164323140150775,0.48483364917462185,
0.1130632736478394,0.8719740043898927,0.003597603946373405,0.006030462772859434,0.005334655243034957,
0.0029331172045774004,0.003082633869758734,0.0022539972932902174,0.2074906004444959,0.7842396511878778,
0.7164378239702858,0.004043670407105252,0.002956699542552662,0.272177506709733,0.004384299370323322,
0.6099944010449645,0.004232157553998909,0.0030945198406705007,0.005187170955227056,0.37749175060513895,
0.39627049780998763,0.0035670715574307997,0.002608214265825482,0.0043720040527409805,0.593182212314015,
0.8643863395715472,0.11979363778024633,0.003803731436995707,0.00637598278484235,0.0056403084263683765,
0.05944419679242264,0.750565825798004,0.045680772136494394,0.07657212964820657,0.06773707562487248,
0.6738097031661545,0.005518270000754512,0.004034915001540148,0.06754160155309968,0.2490955102784511,
0.10392799057911006,0.008685655912477608,0.006350882311789739,0.8716181567485884,0.009417314448034196,
0.6169471162250465,0.0037129443948391225,0.0027148753208111193,0.37259935025638424,0.004025713802918991,
0.019399110704918312,0.02038798709061351,0.014907533511748321,0.024988666684218116,0.9203167020085018,
0.055846063855083755,0.004667267133797632,0.00341266849425281,0.05712563847904058,0.8789483620378252,
0.059444196792422625,0.062474385308215856,0.7337722126262824,0.07657212964820656,0.06773707562487248,
0.0033940582622216664,0.0035670715574307997,0.002608214265825482,0.0043720040527409805,0.9860586518617811,
0.006421472623293065,0.006748809413888975,0.07926590700799035,0.45425910981860684,0.45330470113622073,
0.008264376460614635,0.39134011238645927,0.0063508823117897385,0.5846273143931021,0.009417314448034194,
0.004223767662601624,0.4444659713033127,0.0032458167249959894,0.0054407814810589015,0.5426236628280308,
0.45240886104981465,0.006748809413888975,0.004934675603570091,0.5285903412230271,0.007317312709699134,
0.34348801886722397,0.0034322274282575964,0.5317442508310481,0.004206731483984835,0.11712877138948535,
0.010219679392193764,0.7205230112461453,0.1261505271259234,0.013164323140150775,0.1299424590955868,
0.9502097930249971,0.03973270664792117,0.002418203249288798,0.004053499187075392,0.0035857978907174854,
0.8990800555294975,0.003871256664408472,0.04546856370451848,0.04738276218842279,0.004197361913152642,
0.009138608807118725,0.009604452555573375,0.007022699087352542,0.6464710737290913,0.327763165820864,
0.9762571512500257,0.005875363418236908,0.0042960188596250105,0.00720117672502178,0.006370289747090722,
0.30914111122102544,0.24863066463084063,0.004034915001540149,0.43221019349822887,0.0059831156483650455,
0.008264376460614637,0.008685655912477608,0.006350882311789739,0.9672817708670839,0.009417314448034196,
0.005977181371613475,0.8365423623513908,0.004593253420659877,0.007699414435966833,0.14518778842036922,
0.49147540719358995,0.005518270000754512,0.004034915001540148,0.49298829215575024,0.005983115648365044,
0.15865640922788152,0.004667267133797632,0.00341266849425281,0.005720465792641695,0.8275431893514263,
0.009138608807118727,0.009604452555573377,0.9590716716908637,0.01177175866008398,0.010413508286360324,
0.009138608807118727,0.009604452555573377,0.007022699087352543,0.9638207312635951,0.010413508286360324,
0.0036834895110654537,0.43025057381604287,0.0028306319893550464,0.559037942770384,0.004197361913152642,
0.977700196453762,0.005518270000754512,0.004034915001540148,0.006763502895578157,0.005983115648365044,
0.0052506179334178265,0.3094087632883621,0.06481301365906166,0.49298829215575024,0.1275393129634081,
0.9789778808834197,0.0052020964683737484,0.003803731436995707,0.00637598278484235,0.0056403084263683765,
0.6041736472658051,0.026291909519380485,0.30880292022126954,0.032224846943026485,0.028506676050518476,
0.6273640385600251,0.004043670407105252,0.002956699542552662,0.36125129211999363,0.004384299370323322,
0.2837042004546247,0.004232157553998909,0.42261049202825024,0.005187170955227056,0.284265979007899,
0.005590391286566941,0.9118310060507984,0.00429601885962501,0.07191229405591902,0.006370289747090721,
0.004026885662904871,0.05084504335261888,0.0030945198406705007,0.9374448869276266,0.004588664216179164,
0.013386954109058586,0.014069358730393987,0.01028740286277304,0.0172441994499973,0.9450120848477771,
0.015841791702466166,0.20002469732751346,0.012173859115653997,0.7539078200442642,0.018051831810102163,
0.19058212729322813,0.2002971172266609,0.14645565420912662,0.24549544189632788,0.21716965937465643,
0.7670492991203992,0.006281870261806118,0.004593253420659876,0.07688778877676554,0.1451877884203692,
0.002436726019519461,0.0025609389721524354,0.9890868375448328,0.0031388312190566356,0.0027766662444385828,
0.03521384882751097,0.8522389438041196,0.027060602903857166,0.04536017884551898,0.04012642561899314,
0.009138608807118725,0.009604452555573375,0.007022699087352542,0.011771758660083979,0.9624624808898713,
0.10725123654148265,0.004667267133797632,0.00341266849425281,0.8796084014614226,0.005060426369044343,
0.005977181371613475,0.006281870261806119,0.004593253420659877,0.9763366552071487,0.006811039738771787,
0.009138608807118725,0.009604452555573375,0.007022699087352542,0.011771758660083979,0.9624624808898713,
0.008264376460614637,0.965321797097432,0.006350882311789739,0.01064562968212965,0.009417314448034196,
0.05887241027155771,0.9261648677661745,0.003597603946373405,0.006030462772859434,0.005334655243034957,
0.004026885662904871,0.9831027593250183,0.0030945198406705007,0.005187170955227056,0.004588664216179164,
0.004440891168684889,0.9813655481753762,0.00341266849425281,0.005720465792641695,0.005060426369044343,
0.01939911070491831,0.020387987090613506,0.9131188139689603,0.02498866668421811,0.022105421551289688,
0.005977181371613474,0.006281870261806118,0.004593253420659876,0.007699414435966832,0.9754482805099537,
0.9565961862696208,0.010740631088075065,0.007853463766245043,0.013164323140150778,0.011645395735908427,
0.9611875814106299,0.009604452555573377,0.007022699087352543,0.01177175866008398,0.010413508286360324,
0.006937117078105264,0.0072907390233422666,0.005330930210659433,0.9725363205361008,0.007904893151792219,
0.02501667580734227,0.026291909519380482,0.019224434492038166,0.032224846943026485,0.8972421332382126,
0.009138608807118725,0.009604452555573375,0.007022699087352542,0.011771758660083979,0.9624624808898713,
0.9843559189598244,0.003871256664408472,0.0028306319893550464,0.0047448304732593555,0.004197361913152642,
0.9762571512500257,0.005875363418236908,0.0042960188596250105,0.00720117672502178,0.006370289747090722,
0.8806539755560555,0.007927301591981368,0.005796379682553641,0.009716147862311262,0.09590619530709832,
0.006937117078105263,0.007290739023342266,0.005330930210659432,0.00893594088156937,0.9715052728063236,
0.984995672453197,0.0037129443948391225,0.0027148753208111193,0.004550794028233752,0.004025713802918991,
0.9762571512500257,0.005875363418236908,0.0042960188596250105,0.00720117672502178,0.006370289747090722,
0.0033940582622216664,0.47501879901475,0.5133475856779213,0.0043720040527409805,0.00386755299236608,
0.013386954109058583,0.014069358730393985,0.6301257745604453,0.017244199449997298,0.3251737131501048,
0.22070504716345452,0.009604452555573375,0.007022699087352542,0.011771758660083979,0.7508960425335355,
0.008264376460614637,0.7739945688604412,0.006350882311789739,0.01064562968212965,0.20074454268502506,
0.13501262594836144,0.8471198887199012,0.0042960188596250105,0.00720117672502178,0.006370289747090722,
0.9565961862696208,0.010740631088075065,0.007853463766245043,0.013164323140150778,0.011645395735908427,
0.006421472623293066,0.9730548176713527,0.004934675603570091,0.008271721392085218,0.007317312709699135,
0.19921715650979446,0.01664933252018515,0.37892458873031065,0.38715709042960755,0.018051831810102163,
0.19983227803610465,0.7893199506529628,0.002608214265825482,0.0043720040527409805,0.00386755299236608,
0.004026885662904871,0.9831027593250183,0.0030945198406705007,0.005187170955227056,0.004588664216179164,
0.009138608807118727,0.9616534251590847,0.007022699087352543,0.01177175866008398,0.010413508286360324,
0.09485392162331156,0.007927301591981366,0.09310749678619183,0.00971614786231126,0.7943951321362039,
0.0052506179334178265,0.9779678485210987,0.004034915001540148,0.006763502895578157,0.005983115648365044,
0.015841791702466166,0.016649332520185155,0.012173859115654,0.20378172562227925,0.7515532910394155,
0.005590391286566941,0.005875363418236908,0.9749627788230837,0.00720117672502178,0.006370289747090722,
0.059444196792422625,0.062474385308215856,0.04568077213649439,0.07657212964820656,0.7558285161146605,
0.009138608807118727,0.009604452555573377,0.9590716716908637,0.01177175866008398,0.010413508286360324,
0.03521384882751097,0.03700888696532301,0.027060602903857166,0.04536017884551898,0.8553564824577897,
0.00754280451967336,0.007927301591981366,0.00579637968255364,0.00971614786231126,0.9690173663434803,
0.12851674275187214,0.8388200746058238,0.007853463766245043,0.013164323140150778,0.011645395735908427,
0.013386954109058583,0.014069358730393985,0.9400449604092814,0.017244199449997298,0.015254527301268672,
0.8937521329950363,0.026291909519380482,0.019224434492038166,0.032224846943026485,0.028506676050518473,
0.011590841957649891,0.012181689140110637,0.5455825280994757,0.41743709578833915,0.013207845014424627,
0.015841791702466166,0.3834000621348418,0.012173859115653997,0.020406360814950883,0.5681779262320871,
0.6017049961905855,0.12903769444775343,0.007853463766245041,0.13146138649982914,0.1299424590955868,
0.004223767662601624,0.004439075681806381,0.29659708047266686,0.10322453606361587,0.5915155401193092,
0.004681546895276027,0.5468288241322028,0.43712451095662685,0.006030462772859434,0.005334655243034957,
0.009138608807118725,0.009604452555573375,0.007022699087352542,0.011771758660083979,0.9624624808898713,
0.003847540688200249,0.5384863828686695,0.002956699542552662,0.004956150478950941,0.44975322642162674,
0.008264376460614635,0.10434927003097301,0.1976781105487806,0.010645629682129648,0.6790626132775021,
0.005977181371613475,0.006281870261806119,0.8348537455102444,0.007699414435966833,0.14518778842036922,
0.01939911070491831,0.020387987090613506,0.9131188139689603,0.02498866668421811,0.022105421551289688,
0.005977181371613474,0.006281870261806118,0.004593253420659876,0.007699414435966832,0.9754482805099537,
0.9565961862696208,0.010740631088075065,0.007853463766245043,0.013164323140150778,0.011645395735908427,
0.9611875814106299,0.009604452555573377,0.007022699087352543,0.01177175866008398,0.010413508286360324,
0.006937117078105264,0.0072907390233422666,0.005330930210659433,0.9725363205361008,0.007904893151792219,
0.02501667580734227,0.026291909519380482,0.019224434492038166,0.032224846943026485,0.8972421332382126,
0.009138608807118725,0.009604452555573375,0.007022699087352542,0.011771758660083979,0.9624624808898713,
0.9843559189598244,0.003871256664408472,0.0028306319893550464,0.0047448304732593555,0.004197361913152642,
0.8468349165882313,0.13529759808003142,0.004296018859625011,0.0072011767250217806,0.006370289747090723,
0.9679650926596938,0.007927301591981368,0.005796379682553641,0.009716147862311262,0.008595078203460099,
0.006937117078105263,0.007290739023342266,0.005330930210659432,0.00893594088156937,0.9715052728063236,
0.984995672453197,0.0037129443948391225,0.0027148753208111193,0.004550794028233752,0.004025713802918991,
0.9762571512500257,0.005875363418236908,0.0042960188596250105,0.00720117672502178,0.006370289747090722,
0.23008059739935316,0.0034322274282575964,0.7585590937667899,0.004206731483984835,0.0037213499216145517,
0.0052506179334178265,0.3094087632883621,0.004034915001540148,0.6753225881283148,0.005983115648365044,
0.013386954109058583,0.014069358730393985,0.9400449604092814,0.017244199449997298,0.015254527301268672,
0.015841791702466166,0.5667754269421701,0.012173859115653997,0.20378172562227923,0.20142719661743047,
0.010219679392193764,0.010740631088075063,0.007853463766245041,0.6046496399385426,0.3665365858149435,
0.006421472623293065,0.006748809413888975,0.3022596012212512,0.008271721392085216,0.6762983953494816,
0.1149218279852866,0.009604452555573375,0.007022699087352542,0.3291214161945877,0.5393296041771998,
0.008264376460614635,0.008685655912477606,0.771659795259753,0.20197285791912048,0.009417314448034194,
0.015841791702466166,0.9335261565568267,0.012173859115653997,0.020406360814950883,0.018051831810102163,
0.003265754463611573,0.34365449183187,0.002509617314317821,0.5334413650007153,0.11712877138948535,
0.004223767662601624,0.004439075681806381,0.4432727123465023,0.49435955439384366,0.053704889915245954,
0.1285167427518721,0.6022259478864669,0.007853463766245041,0.24975844985950751,0.011645395735908426,
0.7498592934029771,0.0035670715574307997,0.002608214265825482,0.24009786778140058,0.00386755299236608,
0.03688517562788695,0.5123635102194021,0.002253997293290217,0.003778249904638548,0.4447190669547821,
0.10847214508161893,0.0031909740056249754,0.17805978565524694,0.35536417952243116,0.35491291573507794,
0.32914597794105316,0.005875363418236908,0.0042960188596250105,0.6543123500339942,0.006370289747090722,
0.004223767662601624,0.004439075681806381,0.7366239760941732,0.20100829064617282,0.053704889915245954,
0.003265754463611573,0.0034322274282575964,0.07811456495956502,0.7602562079364569,0.15493124521210894,
0.008264376460614635,0.48700372650495466,0.0063508823117897385,0.4889637002746067,0.009417314448034194,
0.13159728465655574,0.5581643689615331,0.002830631989355046,0.30321035247940337,0.004197361913152641,
0.004223767662601624,0.884492866924819,0.0032458167249959894,0.10322453606361587,0.004813012623967477,
0.5267400924542349,0.006748809413888975,0.004934675603570091,0.45425910981860684,0.007317312709699134,
0.8902374650947592,0.0072907390233422666,0.08563096184853705,0.00893594088156937,0.007904893151792219,
0.005590391286566941,0.07058648074913414,0.00429601885962501,0.330756763379508,0.5887703457251658,
0.010219679392193764,0.24733475780743178,0.24444759048560177,0.13146138649982914,0.3665365858149435,
0.0035328558447955453,0.0037129443948391225,0.32986914752361157,0.004550794028233752,0.65833425820852,
0.059444196792422625,0.062474385308215856,0.04568077213649439,0.07657212964820656,0.7558285161146605,
0.007542804519673362,0.8810384726283637,0.005796379682553641,0.009716147862311262,0.09590619530709832,
0.04106822828623517,0.0034322274282575964,0.9475714628799079,0.004206731483984835,0.0037213499216145517,
0.010219679392193766,0.010740631088075065,0.9542299706436721,0.013164323140150778,0.011645395735908427,
0.005590391286566941,0.005875363418236908,0.7808294268303919,0.00720117672502178,0.20050364173978247,
0.01939911070491831,0.020387987090613506,0.9131188139689603,0.02498866668421811,0.022105421551289688,
0.011590841957649891,0.012181689140110637,0.9480890587358911,0.014930565151923699,0.013207845014424627,
0.0052506179334178265,0.005518270000754512,0.24714730963162623,0.7361006867858363,0.005983115648365044,
0.0028368019393956805,0.002981408900582386,0.002179982403369238,0.9887692512193539,0.00323255553729888,
0.0035328558447955453,0.0037129443948391225,0.0027148753208111193,0.9860136106366353,0.004025713802918991,
0.0052506179334178265,0.9779678485210987,0.004034915001540148,0.006763502895578157,0.005983115648365044,
0.8504439056663077,0.03700888696532301,0.027060602903857166,0.04536017884551898,0.04012642561899314,
0.011590841957649891,0.9513635939584133,0.008907153917588404,0.014930565151923699,0.013207845014424627,
0.004026885662904871,0.9831027593250183,0.0030945198406705007,0.005187170955227056,0.004588664216179164,
0.005590391286566941,0.9765421233816957,0.0042960188596250105,0.00720117672502178,0.006370289747090722,
0.009138608807118727,0.9616534251590847,0.007022699087352543,0.01177175866008398,0.010413508286360324,
0.003146797724987636,0.0033072068286900394,0.002418203249288798,0.696137995752467,0.2949897964445665,
0.007542804519673362,0.007927301591981368,0.9662186678225739,0.009716147862311262,0.008595078203460099,
0.011590841957649891,0.012181689140110637,0.008907153917588404,0.551605939333811,0.4157143756508401,
0.22144500040040274,0.004920190369385869,0.003597603946373405,0.7647025500408029,0.005334655243034957,
0.0035328558447955453,0.04460722842018918,0.0027148753208111193,0.822436474535235,0.12670856587896917,
0.31459516153657363,0.6054488809778432,0.01922443449203817,0.032224846943026485,0.028506676050518476,
0.009138608807118725,0.8558702059809166,0.007022699087352542,0.11755497783825188,0.010413508286360323,
0.46850475093352434,0.020387987090613506,0.2394603536260513,0.02498866668421811,0.2466582416655927,
0.010219679392193764,0.010740631088075063,0.1261505271259234,0.8412437666578994,0.011645395735908426,
0.002436726019519461,0.0025609389721524354,0.0018725381460772698,0.0031388312190566356,0.9899909656431942,
0.019399110704918312,0.02038798709061351,0.014907533511748321,0.024988666684218116,0.9203167020085018,
0.004440891168684889,0.8785552028025785,0.00341266849425281,0.10853081116543944,0.005060426369044343,
0.5314095071415026,0.007927301591981366,0.00579637968255364,0.4462717333805023,0.008595078203460097,
0.0028368019393956805,0.002981408900582386,0.002179982403369238,0.9887692512193539,0.00323255553729888,
0.0035328558447955453,0.0037129443948391225,0.0027148753208111193,0.9860136106366353,0.004025713802918991,
0.0052506179334178265,0.9779678485210987,0.004034915001540148,0.006763502895578157,0.005983115648365044,
0.03521384882751097,0.03700888696532301,0.8422906597426538,0.04536017884551898,0.04012642561899314,
0.14575968550312168,0.8171947504129415,0.008907153917588404,0.014930565151923699,0.013207845014424627,
0.004026885662904871,0.8898769877277783,0.0030945198406705007,0.098412942552467,0.004588664216179164,
0.005590391286566941,0.9765421233816957,0.0042960188596250105,0.00720117672502178,0.006370289747090722,
0.009138608807118727,0.9616534251590847,0.007022699087352543,0.01177175866008398,0.010413508286360324,
0.0029331172045774004,0.003082633869758734,0.0022539972932902174,0.9544358857573063,0.0372943658750674,
0.964900517645569,0.008685655912477608,0.006350882311789739,0.01064562968212965,0.009417314448034196,
0.004223767662601624,0.6889253577597052,0.0032458167249959894,0.15211641335489434,0.15148864449780292,
0.004223767662601624,0.786709112342262,0.0032458167249959894,0.10322453606361587,0.10259676720652444,
0.07030150861746418,0.0058753634182369075,0.00429601885962501,0.007201176725021779,0.9123259323796521,
0.19350563827268663,0.16185247650949136,0.32004238595465045,0.1942970320754905,0.13030246718768101,
0.11492182798528663,0.009604452555573377,0.007022699087352543,0.8580375120854272,0.010413508286360324,
