8.17880798885053E-4,0.5917868024894226,0.40270158440821086,0.001160595025291524,0.003533137278189799,
9.526254256270759E-4,0.716740866384732,0.0022586736531247484,0.0013518013033882097,0.2786960332331278,
0.0014814290095953447,0.0044020910795499885,0.9002145184305078,0.0875023833683184,0.0063995781120284225,
0.001420762319704164,0.0042218189958618604,0.9043008801979692,0.0020161002466595906,0.08804043823980524,
0.0021130087790732542,0.0062788409279969145,0.18772341726794026,0.24661638498280725,0.5572683480421825,
0.29126116473380814,0.5857572972581746,0.007894979314542751,0.004725093115093062,0.1103614655783815,
0.0025853953509542738,0.007682545527209975,0.0061299690361168715,0.9724335228497996,0.011168567235919344,
0.7598278121137122,0.22762206406927635,0.003669138855028802,0.002195955435916317,0.0066850295260662725,
0.0016990818989662422,0.005048850280653808,0.9835012146321037,0.0024110432745105175,0.0073398099137657255,
0.3544317544085616,0.002430346473295108,0.0019391943172441244,0.0011605950252915242,0.6400381097756076,
0.007850787420783217,0.7021923053499388,0.24490205990320218,0.011140480174621192,0.03391436715145465,
6.149296527969393E-4,0.6576329691762427,0.0014579974121342826,0.3376376886886558,0.0026564150701702963,
0.0013132068297203587,0.003902216058463148,0.003113611696266013,0.9859980849537724,0.005672880461778053,
0.0017865770718129192,0.0053088436501621105,0.05573153132442926,0.9294552704224612,0.007717777531134501,
0.001140525236287674,0.003389089815403996,0.035578212065583134,0.9549652541501452,0.004926918732579934,
0.002793573472612626,0.8135092264299786,0.006623559093549151,0.003964156487742963,0.17310948451611677,
0.6383563327684147,0.005048850280653808,0.3468439637626551,0.0024110432745105175,0.0073398099137657255,
0.0030382128228058523,0.009028100218383937,0.007203598676720335,0.004311306357518441,0.9764187819245714,
0.001140525236287674,0.003389089815403996,0.9231769735789018,0.06736649263682651,0.004926918732579934,
0.0016990818989662422,0.6417061011501024,0.0040285209867981725,0.34522648605036743,0.0073398099137657255,
0.3913765512012267,0.5903758082016035,0.005334857894941489,0.003192877309121593,0.009719905393106652,
0.002406092456959605,0.007149743978786788,0.35246591663290144,0.0034143104224302035,0.634563936508922,
0.007850787420783217,0.023328746128653953,0.018614206829440576,0.011140480174621192,0.939065779446501,
0.002406092456959605,0.14585417378948298,0.0057048421061609645,0.0034143104224302035,0.8426205812249662,
0.27674779710268127,0.004055730870537389,0.0032361024828506716,0.0019367860196019863,0.7140235835243287,
0.40539761153880866,0.571946803590261,0.006623559093549151,0.003964156487742963,0.012067869289638333,
0.002793573472612626,0.008301150297586402,0.1676651743200276,0.003964156487742963,0.8172759454220304,
0.0016197565341867675,0.004813133632460751,0.7041483377649523,0.00229847843148205,0.2871202936369182,
0.0022500467324253646,0.979502312670405,0.005334857894941489,0.003192877309121593,0.009719905393106652,
0.0021130087790732542,0.0062788409279969145,0.7358638458178652,0.0029984167383961223,0.2527458877366686,
0.005404735455479174,0.9507634326571645,0.012814620780632911,0.007669466126600473,0.02334774498012313,
0.0064020755005480675,0.20355465364574646,0.01517931273867142,0.009084718687131193,0.7657792394279028,
0.004676251013765934,0.013895558099715164,0.01108738511072007,0.006635726955553514,0.9637050788202454,
0.005404735455479174,0.016060261802481702,0.012814620780632911,0.007669466126600473,0.9580509158348057,
0.002406092456959605,0.007149743978786788,0.0057048421061609645,0.0034143104224302035,0.9813250110356624,
0.9543354928523144,0.012245087701743824,0.009770460609751177,0.005847556316377384,0.017801402519813162,
9.795211987208789E-4,0.0029106636249124807,0.934021816847918,0.029623281478503564,0.032464716849945105,
0.005404735455479174,0.016060261802481702,0.9475177916353156,0.007669466126600473,0.02334774498012313,
0.0036833268244332432,0.010945067264028902,0.008733163140925676,0.005226740614020512,0.9714117021565917,
0.0016197565341867673,0.9852441895942131,0.00384044064941481,0.00229847843148205,0.006997134790703255,
0.0030382128228058523,0.972322203096861,0.007203598676720335,0.004311306357518441,0.013124679046094413,
0.003329811732398093,0.009894591255354475,0.9676661559859097,0.004725093115093062,0.01438434791124482,
0.005404735455479174,0.016060261802481702,0.635950068017088,0.007669466126600473,0.3349154685983507,
0.005404735455479174,0.17184412361159548,0.012814620780632911,0.007669466126600473,0.802267054025692,
0.0015475077413778134,0.22762206406927638,0.0036691388550288023,0.0021959554359163172,0.7649653338984008,
0.004676251013765934,0.013895558099715164,0.01108738511072007,0.1414220541891506,0.8289187515866482,
0.0022500467324253646,0.006686051498401428,0.1998981101293422,0.003192877309121593,0.7879729143307094,
0.6160435510182003,0.009028100218383937,0.007203598676720335,0.004311306357518441,0.36341344372917694,
0.007850787420783217,0.24961659920241558,0.018614206829440576,0.690004039395906,0.03391436715145465,
0.002406092456959605,0.007149743978786788,0.0057048421061609645,0.0034143104224302035,0.9813250110356624,
0.0025853953509542738,0.007682545527209975,0.08065033647920342,0.0036687460896744624,0.9054129765529578,
0.006402075500548066,0.572616212082549,0.38424087117547395,0.00908471868713119,0.027656122554297762,
0.001420762319704164,0.1270762173468538,0.003368625624028261,0.8210454225866058,0.04708897212280792,
0.001481429009595345,0.089802286523659,0.34511324804379934,0.0021021879242094136,0.5615008484987369,
0.0025853953509542738,0.9764473222873351,0.0061299690361168715,0.0036687460896744624,0.011168567235919344,
0.0025853953509542738,0.007682545527209975,0.0061299690361168715,0.0036687460896744624,0.9799333439960444,
0.0016197565341867673,0.05150032677349657,0.9375843034701313,0.00229847843148205,0.006997134790703255,
0.0016197565341867673,0.8918698033121414,0.09721482693148646,0.00229847843148205,0.006997134790703255,
0.001481429009595345,0.0044020910795499885,0.34511324804379934,0.0021021879242094136,0.646901043942846,
0.0036833268244332432,0.010945067264028902,0.008733163140925676,0.005226740614020512,0.9714117021565917,
0.0036833268244332432,0.010945067264028902,0.008733163140925676,0.005226740614020512,0.9714117021565917,
0.0022500467324253646,0.7849390604360043,0.005334857894941489,0.19775612954352229,0.009719905393106652,
0.001883572701752468,0.005597067786821113,0.43879651931886365,0.0026728407249673857,0.5510499994675956,
0.0015475077413778134,0.40604095921570804,0.0036691388550288023,0.0021959554359163172,0.5865464387519691,
0.0016197565341867675,0.004813133632460751,0.7041483377649523,0.00229847843148205,0.2871202936369182,
0.0013648689357285348,0.004055730870537389,0.8293848869837088,0.0019367860196019859,0.16325772719042322,
0.08277179039507405,0.24595775955276117,0.19625180806427997,0.11745541440507254,0.3575632275828122,
0.001420762319704164,0.0042218189958618604,0.7814464818469772,0.0020161002466595906,0.21089483659079716,
0.0041208207232861045,0.13102192171787236,0.009770460609751177,0.8372853944292773,0.017801402519813162,
0.11680786897275339,0.00591838471321628,0.8658435597879135,0.0028262833844457207,0.008603903141671112,
0.0022500467324253646,0.7849390604360043,0.005334857894941489,0.003192877309121593,0.20428315762750737,
0.0016990818989662422,0.005048850280653808,0.9835012146321037,0.0024110432745105175,0.0073398099137657255,
0.005404735455479174,0.9507634326571645,0.012814620780632911,0.007669466126600473,0.02334774498012313,
0.001420762319704164,0.0042218189958618604,0.3719318206770041,0.16582196471464886,0.45660363329278103,
0.0013132068297203587,0.9501854938114322,0.04096494280638477,0.0018634760906845822,0.005672880461778053,
0.002406092456959605,0.9780807526536602,0.0057048421061609645,0.0034143104224302035,0.010394002360789037,
0.0016990818989662422,0.935547909243694,0.053002155669063446,0.0024110432745105175,0.0073398099137657255,
0.001991704997844005,0.7522234505501273,0.23435465792591179,0.0028262833844457207,0.008603903141671112,
0.005404735455479174,0.9507634326571645,0.012814620780632911,0.007669466126600473,0.02334774498012313,
0.03916453793983913,0.0039022160584631484,0.0031136116962660132,0.0018634760906845824,0.9519561582147472,
0.0015475077413778134,0.45064568300231594,0.0036691388550288023,0.0021959554359163172,0.5419417149653613,
0.0021130087790732542,0.37170579329461356,0.18772341726794026,0.0029984167383961223,0.4354593639199769,
0.010146909870773515,0.030151712392435776,0.024058310191186844,0.014398740176019578,0.9212443273695843,
0.003329811732398093,0.4897801795910379,0.10387209698167943,0.10070221078222975,0.30231570091265486,
0.002406092456959605,0.49261524831622355,0.0057048421061609645,0.3501753849491707,0.14909843217148525,
0.002113008779073254,0.006278840927996913,0.005009941084631914,0.002998416738396122,0.9835997924699017,
0.0022500467324253646,0.979502312670405,0.005334857894941489,0.003192877309121593,0.009719905393106652,
0.0016990818989662422,0.005048850280653808,0.9345275799498384,0.0024110432745105175,0.05631344459603099,
0.0036833268244332432,0.010945067264028902,0.008733163140925676,0.005226740614020512,0.9714117021565917,
0.07710576279404083,0.007682545527209975,0.0061299690361168715,0.897913155406713,0.011168567235919344,
0.002113008779073254,0.006278840927996913,0.005009941084631914,0.002998416738396122,0.9835997924699017,
0.0036833268244332432,0.010945067264028902,0.008733163140925676,0.005226740614020512,0.9714117021565917,
0.12289765473941466,0.012245087701743824,0.6036546306903939,0.24340122434863445,0.017801402519813162,
0.001481429009595345,0.5595033614662586,0.0035124662673632853,0.0021021879242094136,0.4334005553325735,
0.001991704997844005,0.00591838471321628,0.004722329976093047,0.0028262833844457207,0.9845412969284009,
0.0016197565341867675,0.004813133632460751,0.003840440649414811,0.0956728647135537,0.8940538044703841,
0.0030382128228058523,0.18417248255992522,0.44506455453057353,0.35460007104060104,0.013124679046094413,
0.0016197565341867673,0.0981875199145324,0.00384044064941481,0.8893551481111628,0.006997134790703255,
0.0022500467324253646,0.979502312670405,0.005334857894941489,0.003192877309121593,0.009719905393106652,
0.0016990818989662424,0.005048850280653809,0.493764867809451,0.002411043274510518,0.49707615673641853,
0.005404735455479174,0.9507634326571645,0.012814620780632911,0.007669466126600473,0.02334774498012313,
0.0064020755005480675,0.20355465364574646,0.01517931273867142,0.009084718687131193,0.7657792394279028,
0.004676251013765934,0.013895558099715164,0.01108738511072007,0.006635726955553514,0.9637050788202454,
0.005404735455479174,0.016060261802481702,0.012814620780632911,0.007669466126600473,0.9580509158348057,
0.002406092456959605,0.007149743978786788,0.0057048421061609645,0.0034143104224302035,0.9813250110356624,
0.9543354928523144,0.012245087701743824,0.009770460609751177,0.005847556316377384,0.017801402519813162,
9.795211987208789E-4,0.031143977968898666,0.9057885025039317,0.0013899671345173796,0.060698031193931294,
0.005404735455479174,0.016060261802481702,0.9475177916353156,0.007669466126600473,0.02334774498012313,
0.0036833268244332432,0.010945067264028902,0.008733163140925676,0.005226740614020512,0.9714117021565917,
0.0016197565341867673,0.9852441895942131,0.00384044064941481,0.00229847843148205,0.006997134790703255,
0.0017865770718129192,0.8292377939842084,0.10722709072030717,0.002535201296659106,0.05921333692701239,
0.007850787420783217,0.023328746128653953,0.018614206829440576,0.011140480174621192,0.939065779446501,
0.02444689055451338,0.07264434416749684,0.05796354591308132,0.034690800419930355,0.8102544189449782,
0.002406092456959605,0.007149743978786788,0.9766358507810344,0.0034143104224302035,0.010394002360789037,
0.0041208207232861045,0.012245087701743824,0.36610096265813685,0.005847556316377384,0.6116855726004559,
0.0041208207232861045,0.012245087701743824,0.9599851327387796,0.005847556316377384,0.017801402519813162,
0.0030382128228058523,0.7971778207553197,0.007203598676720335,0.004311306357518441,0.18826906138763572,
0.0036833268244332432,0.8602785922691863,0.008733163140925676,0.005226740614020512,0.12207817715143426,
0.0014814290095953447,0.0044020910795499885,0.003512466267363285,0.0021021879242094136,0.9885018257192819,
0.002793573472612626,0.008301150297586402,0.006623559093549151,0.003964156487742963,0.9783175606485088,
0.0016990818989662422,0.005048850280653808,0.0040285209867981725,0.0024110432745105175,0.9868125035590711,
0.0016197565341867673,0.00481313363246075,0.00384044064941481,0.00229847843148205,0.9874281907524556,
0.0025853953509542738,0.9764473222873351,0.0061299690361168715,0.0036687460896744624,0.011168567235919344,
0.9408835788947943,0.0044020910795499885,0.003512466267363285,0.0021021879242094136,0.049099675834082916,
0.001420762319704164,0.0042218189958618604,0.003368625624028261,0.0020161002466595906,0.988972692813746,
0.002406092456959605,0.007149743978786788,0.0057048421061609645,0.0034143104224302035,0.9813250110356624,
0.0013648689357285348,0.9875661886096542,0.003236102482850671,0.0019367860196019859,0.005896053952164558,
0.0030382128228058523,0.009028100218383937,0.8829255103844268,0.004311306357518441,0.10069687021686505,
0.0022500467324253646,0.979502312670405,0.005334857894941489,0.003192877309121593,0.009719905393106652,
0.0064020755005480675,0.019023874427345176,0.01517931273867142,0.9317386147791377,0.02765612255429777,
0.0025853953509542738,0.007682545527209975,0.15517070392229,0.45079095074819375,0.3837704044513521,
0.0013648689357285348,0.9875661886096542,0.003236102482850671,0.0019367860196019859,0.005896053952164558,
0.0016990818989662422,0.9845215439259593,0.0040285209867981725,0.0024110432745105175,0.0073398099137657255,
0.0064020755005480675,0.019023874427345176,0.01517931273867142,0.9317386147791377,0.02765612255429777,
0.002113008779073254,0.006278840927996913,0.005009941084631914,0.002998416738396122,0.9835997924699017,
0.0036833268244332432,0.966445282894831,0.008733163140925676,0.005226740614020512,0.015911486525789588,
0.0041208207232861045,0.012245087701743824,0.009770460609751177,0.24340122434863445,0.7304624066165845,
0.2657547863351178,0.09660029138915457,0.007203598676720335,0.004311306357518441,0.6261300172414889,
0.005404735455479174,0.32762798542070926,0.635950068017088,0.007669466126600473,0.02334774498012313,
0.005404735455479174,0.016060261802481702,0.3243823443988605,0.007669466126600473,0.6464831922165782,
0.010146909870773515,0.030151712392435776,0.024058310191186844,0.014398740176019578,0.9212443273695843,
0.004676251013765934,0.013895558099715164,0.9545916757458998,0.006635726955553514,0.02020078818506568,
0.010146909870773517,0.03015171239243578,0.6089989860555783,0.01439874017601958,0.33630365150519287,
0.010146909870773515,0.030151712392435776,0.024058310191186844,0.014398740176019578,0.9212443273695843,
0.0036833268244332432,0.966445282894831,0.008733163140925676,0.005226740614020512,0.015911486525789588,
0.007850787420783217,0.023328746128653953,0.018614206829440576,0.011140480174621192,0.939065779446501,
0.02444689055451338,0.07264434416749684,0.05796354591308132,0.034690800419930355,0.8102544189449782,
0.002406092456959605,0.007149743978786788,0.9072836358756863,0.0034143104224302035,0.07974621726613713,
0.0041208207232861045,0.012245087701743824,0.009770460609751177,0.005847556316377384,0.9680160746488415,
0.0041208207232861045,0.012245087701743824,0.9599851327387796,0.005847556316377384,0.017801402519813162,
0.0030382128228058523,0.972322203096861,0.007203598676720335,0.004311306357518441,0.013124679046094413,
0.0036833268244332432,0.966445282894831,0.008733163140925676,0.005226740614020512,0.015911486525789588,
0.0014814290095953447,0.0044020910795499885,0.003512466267363285,0.0021021879242094136,0.9885018257192819,
0.002793573472612626,0.008301150297586402,0.006623559093549151,0.003964156487742963,0.9783175606485088,
0.0016990818989662422,0.005048850280653808,0.0040285209867981725,0.0024110432745105175,0.9868125035590711,
0.0016197565341867673,0.00481313363246075,0.00384044064941481,0.00229847843148205,0.9874281907524556,
0.0025853953509542738,0.9764473222873351,0.0061299690361168715,0.0036687460896744624,0.011168567235919344,
0.9835836766168488,0.0044020910795499885,0.003512466267363285,0.0021021879242094136,0.0063995781120284225,
0.001420762319704164,0.0042218189958618604,0.003368625624028261,0.0020161002466595906,0.988972692813746,
0.002406092456959605,0.007149743978786788,0.0057048421061609645,0.0034143104224302035,0.9813250110356624,
0.014341320816315277,0.042615474670440405,0.03400325312280869,0.8470873352345399,0.06195261615589551,
0.0015475077413778131,0.004598445136236806,0.003669138855028802,0.9834998787412903,0.0066850295260662725,
0.08277179039507405,0.24595775955276117,0.19625180806427997,0.11745541440507254,0.3575632275828122,
0.0064020755005480675,0.019023874427345176,0.01517931273867142,0.9317386147791377,0.02765612255429777,
0.9591835424552353,0.010945067264028902,0.008733163140925676,0.005226740614020512,0.015911486525789588,
0.0025853953509542738,0.007682545527209975,0.0061299690361168715,0.9724335228497996,0.011168567235919344,
0.014341320816315277,0.8693520868922685,0.03400325312280869,0.020350723012711954,0.06195261615589551,
0.37546363393735066,0.019023874427345176,0.01517931273867142,0.009084718687131193,0.5812484602095016,
0.0025853953509542738,0.15672328041338307,0.0061299690361168715,0.7488724205205399,0.08568893467900589,
0.004676251013765934,0.013895558099715164,0.01108738511072007,0.006635726955553514,0.9637050788202454,
0.8875579236673606,0.030151712392435776,0.024058310191186844,0.014398740176019578,0.04383331357299714,
0.9591835424552353,0.010945067264028902,0.008733163140925676,0.005226740614020512,0.015911486525789588,
0.0015475077413778131,0.22762206406927635,0.003669138855028802,0.7604762598082507,0.0066850295260662725,
0.9543354928523144,0.012245087701743824,0.009770460609751177,0.005847556316377384,0.017801402519813162,
0.004676251013765934,0.14868188533331225,0.2806600395779143,0.545781035889942,0.02020078818506568,
0.0030382128228058523,0.3593168649014665,0.6202089368721148,0.004311306357518441,0.013124679046094413,
0.0016990818989662422,0.396837927738776,0.49376486780945095,0.0024110432745105175,0.10528707927829628,
0.0041208207232861045,0.012245087701743824,0.009770460609751177,0.9560622284454057,0.017801402519813162,
0.0011042249152790147,0.16241983654876385,0.002618115847183966,0.31984415257761833,0.5140136701111548,
0.001364868935728535,0.004055730870537389,0.39664028557849745,0.0019367860196019863,0.5960023285956347,
0.0011792933594471622,0.7513165104629765,0.0027961030312989078,0.0016734492461487206,0.24303464390012866,
0.001420762319704164,0.9051540735698027,0.003368625624028261,0.0839190324806542,0.006137506005810613,
0.08277179039507405,0.24595775955276117,0.19625180806427997,0.11745541440507254,0.3575632275828122,
0.0022500467324253646,0.39581255596720283,0.005334857894941489,0.003192877309121593,0.5934096620963087,
0.0016197565341867673,0.0981875199145324,0.6107739514828805,0.048985671572517875,0.24043310049588237,
0.0013132068297203587,0.04175354716858191,0.7601402338986413,0.0018634760906845822,0.19492953601237184,
0.7036157421889709,0.009028100218383937,0.007203598676720335,0.09188349752828909,0.18826906138763572,
0.5992827971183584,0.0044020910795499885,0.0035124662673632853,0.0021021879242094136,0.39070045761051897,
0.10477769586356872,0.005308843650162111,0.00423597192855138,0.0025352012966591065,0.8831422872610588,
0.002793573472612626,0.008301150297586402,0.006623559093549151,0.003964156487742963,0.9783175606485088,
0.001420762319704164,0.7413482091018134,0.003368625624028261,0.0020161002466595906,0.25184630270779446,
0.003329811732398093,0.39380306192390124,0.5837576853173628,0.004725093115093062,0.01438434791124482,
0.0013132068297203587,0.8744828315911947,0.003113611696266013,0.11541746942104086,0.005672880461778053,
0.004676251013765934,0.013895558099715164,0.01108738511072007,0.9501400175907332,0.02020078818506568,
0.003329811732398093,0.009894591255354475,0.007894979314542751,0.9644962697864599,0.01438434791124482,
0.0030382128228058523,0.009028100218383937,0.007203598676720335,0.9676054092359955,0.013124679046094413,
0.007850787420783217,0.023328746128653953,0.923765619124487,0.011140480174621192,0.03391436715145465,
0.0016197565341867673,0.00481313363246075,0.00384044064941481,0.8426679549701269,0.14705871421381073,
0.004676251013765934,0.013895558099715164,0.14587371234431715,0.006635726955553514,0.8289187515866482,
0.0021130087790732542,0.0062788409279969145,0.37043689345124853,0.0029984167383961223,0.6181728401032852,
0.001140525236287674,0.003389089815403996,0.0027041838613861466,0.0016184362284325355,0.9911477648584895,
0.001420762319704164,0.0042218189958618604,0.003368625624028261,0.0020161002466595906,0.988972692813746,
0.004676251013765934,0.8226135215012979,0.01108738511072007,0.006635726955553514,0.15498711541866278,
0.001140525236287674,0.003389089815403996,0.0027041838613861466,0.0016184362284325355,0.9911477648584895,
0.0016197565341867673,0.9852441895942131,0.00384044064941481,0.00229847843148205,0.006997134790703255,
0.0012653130466342523,0.5872936667801906,0.3677086605354674,0.03826637400784862,0.005465985629859105,
0.005404735455479174,0.016060261802481702,0.9475177916353156,0.007669466126600473,0.02334774498012313,
0.0036833268244332432,0.010945067264028902,0.008733163140925676,0.005226740614020512,0.9714117021565917,
0.0036833268244332432,0.010945067264028902,0.6457333068947937,0.11139343123966519,0.22824486777707897,
0.004676251013765934,0.9573998487348949,0.01108738511072007,0.006635726955553514,0.02020078818506568,
0.0018835727017524676,0.0055970677868211124,0.9817097329151995,0.0026728407249673853,0.008136785871259484,
0.902353016893645,0.04517328511285917,0.003368625624028261,0.0020161002466595906,0.04708897212280792,
0.8875579236673606,0.030151712392435776,0.024058310191186844,0.014398740176019578,0.04383331357299714,
0.003329811732398093,0.9696657679267213,0.007894979314542751,0.004725093115093062,0.01438434791124482,
0.010146909870773515,0.030151712392435776,0.024058310191186844,0.014398740176019578,0.9212443273695843,
0.0022500467324253646,0.006686051498401428,0.07018927530640838,0.003192877309121593,0.9176817491536432,
0.0030382128228058523,0.009028100218383937,0.007203598676720335,0.9676054092359955,0.013124679046094413,
9.52625425627076E-4,0.9913216833075825,0.0022586736531247493,0.0013518013033882099,0.004115216310277358,
0.37546363393735066,0.572616212082549,0.01517931273867142,0.009084718687131193,0.02765612255429777,
0.0017865770718129192,0.8807333533800863,0.004235971928551379,0.10552632008841488,0.007717777531134501,
0.2657547863351178,0.7096056295845491,0.007203598676720335,0.004311306357518441,0.013124679046094413,
0.001140525236287674,0.003389089815403996,0.0027041838613861466,0.0016184362284325355,0.9911477648584895,
0.001420762319704164,0.0042218189958618604,0.003368625624028261,0.0020161002466595906,0.988972692813746,
0.004676251013765934,0.9573998487348949,0.01108738511072007,0.006635726955553514,0.02020078818506568,
0.001140525236287674,0.003389089815403996,0.0027041838613861466,0.0016184362284325355,0.9911477648584895,
0.0016197565341867673,0.9852441895942131,0.00384044064941481,0.00229847843148205,0.006997134790703255,
0.1711366162051723,0.0035042899417859516,0.8185912526907795,0.0016734492461487206,0.005094391916113482,
0.0012207897924226712,0.003627597286418368,0.03808203162929207,0.9166083896442945,0.04046119164757235,
0.2890321149351175,0.005918384713216282,0.40657890388827594,0.002826283384445721,0.2956443130789446,
0.7094923985078926,0.004055730870537389,0.1212573574115447,0.0019367860196019859,0.16325772719042322,
0.0019917049978440053,0.005918384713216282,0.004722329976093048,0.4046828572966287,0.5826847230162181,
0.31938145240403004,0.6398356777818904,0.002618115847183966,0.0015669250888672495,0.036597828878028246,
0.0036833268244332432,0.11711175788967358,0.8580666881460832,0.005226740614020512,0.015911486525789588,
