0.01113511481597314,0.8228164730781774,0.07446127851208571,0.08192490210950543,0.00966223148425846,
0.16381955377582763,0.37408071432446444,0.35694152272993634,0.015364279441548702,0.08979392972822282,
0.16541870661735184,0.22637719699424705,0.5309064700320277,0.037938724455303496,0.039358901901069734,
0.1529323547557204,0.01692746284488658,0.6655121453383226,0.01434319273837295,0.15028484432269743,
0.024999719085793067,0.10415112260054349,0.33319144072871937,0.017915004876277996,0.5197427127086661,
0.03328967776304685,0.02815382639027576,0.8858145107793428,0.023855657633914108,0.028886327433420327,
0.12081549634423543,0.1183760562643067,0.6832551825785029,0.011331022481249954,0.066222242331705,
0.042737594356743853,0.03614414114856453,0.8534076191883168,0.03062611258446341,0.037084532721911465,
0.018768090078259133,0.14050657491581423,0.7486734120386883,0.013449368135560824,0.07860255483167754,
0.027262753944383752,0.02305672187440049,0.9064872024655808,0.019536714319800454,0.023656607395834472,
0.015812017967192827,0.170877795452828,0.6832551825785029,0.11633450085829254,0.013720503143183712,
0.3672826219958734,0.009081450416349892,0.6066231878056525,0.007695009870013188,0.009317729912111064,
0.012024252846036247,0.09001910030660912,0.5994314873075083,0.20824147938913518,0.0902836801507112,
0.2193908376972951,0.14984442872803594,0.599053662396748,0.01434319273837295,0.017367878439548096,
0.4063138012373639,0.019522308912580326,0.460945720128301,0.016541890654084717,0.09667627906767011,
0.018768090078259133,0.26514055552472565,0.6240394314297769,0.013449368135560824,0.07860255483167754,
0.18427805438653844,0.005654258861686799,0.7772762355807166,0.026990080849032733,0.005801370322025473,
0.19101631911140313,0.02114282258773845,0.5822163407671345,0.017915004876277996,0.18770951265744595,
0.07209908448508102,0.014113564573523595,0.3886495233584855,0.5106570588990362,0.014480768683873761,
0.051949212972520746,0.010169180053640137,0.5595065271810238,0.36794131989507317,0.010433759897742222,
0.015023270155718594,0.01270551619000113,0.948469328401579,0.010765799294532445,0.013036085958168788,
0.027262753944383752,0.02305672187440049,0.9064872024655808,0.019536714319800454,0.023656607395834472,
0.016688176243881154,0.06952447281472346,0.8873476975292842,0.011958884728237468,0.014480768683873758,
0.05967347522685583,0.2486051708430865,0.5971786082257291,0.04276250449074447,0.05178024121358413,
0.018768090078259133,0.015872594306902753,0.9356243829520555,0.013449368135560824,0.016285564527221814,
0.02308358955836024,0.17281439358418177,0.6908838471357032,0.016541890654084714,0.0966762790676701,
