0.0037556795234759853,0.002468865142258077,0.001632963478313631,0.9894196235399711,0.0027228683159813056,
0.004576041966743857,0.549089379373418,0.001989655762749209,0.004162304575725329,0.44018261832136374,
0.9687518043700888,0.0075333466966376215,0.004982726603621813,0.010423725616327921,0.008308396713323925,
0.9850776121229661,0.00359750440475971,0.0023794711203512704,0.004977787473326234,0.0039676248785967295,
0.9687518043700888,0.0075333466966376215,0.004982726603621813,0.010423725616327921,0.008308396713323925,
0.0533567422269103,0.15040576276765943,0.0017937492067383127,0.7422215079919707,0.052222237806721306,
0.010081191411574623,0.24723452885344896,0.004383285977967088,0.7309921282080889,0.007308865548920396,
0.006294769795012379,0.004137982921146988,0.002736955886516478,0.9822665821872869,0.004563709210037166,
0.0018094077856033327,0.0011894475505918412,0.9940435113675254,0.0016458123330387172,0.0013118209632405854,
0.019432308798086457,0.47656447676547253,0.008449136932008182,0.48146565020334525,0.014088427301087504,
0.011459854751697831,0.007533346696637621,0.004982726603621812,0.9677156752347187,0.008308396713323923,
0.11638355133649049,0.0059154109123341235,0.003912587129090663,0.008185023568014475,0.8656034270540702,
0.010081191411574623,0.36753826480777696,0.6059019657496071,0.009169712482120842,0.007308865548920396,
0.005472584709998857,0.9832025318177269,0.0023794711203512704,0.004977787473326234,0.0039676248785967295,
0.007407677557013399,0.004869573346522198,0.0032208464098477728,0.9791313351531201,0.005370567533496461,
0.0025933728344915254,0.9610919678000205,0.001127594380165819,0.03330686922356332,0.001880195761758733,
0.025299031346807773,0.016630784451815997,0.010999978557226056,0.9287284034619754,0.01834180218217472,
0.0021872306942406746,0.0014378164018877487,9.510044241037672E-4,0.028090757227786412,0.9673331912519815,
0.0030681357475390784,0.00201689557148488,0.0013340205390056207,0.9913565491846357,0.002224398957334836,
0.9859924060844107,0.003376964948684465,0.002233601315178905,0.004672631893704682,0.0037243957580211902,
0.8153277151553128,0.0019456581230167963,0.10724793904078406,0.038012509740588125,0.03746617794029824,
0.007407677557013399,0.9772629872971857,0.0032208464098477728,0.006737921202456614,0.005370567533496461,
0.0030681357475390784,0.00201689557148488,0.0013340205390056207,0.18585847747416925,0.8077224706678011,
0.005137096349325269,0.0033769649486844653,0.002233601315178906,0.004672631893704683,0.9845797054931067,
0.2154649607800221,0.0038488620453920436,0.0025457247727367826,0.005325585494979536,0.7728148669068695,
0.019432308798086457,0.7084596220102953,0.008449136932008182,0.017675359713699552,0.24598357254591036,
0.0037556795234759853,0.002468865142258077,0.001632963478313631,0.0034161142269080575,0.9887263776290443,
0.004125473261015882,0.0027119558699761344,0.0017937492067383127,0.0037524735035543155,0.9876163481587154,
0.008998623398311695,0.11330033885051292,0.003912587129090663,0.008185023568014475,0.8656034270540702,
0.1596805565887433,0.002852382268636948,0.0018866304161973626,0.003946778413161453,0.8316336523132609,
0.0035945765640814924,0.0023629611431874747,0.0015629161680213069,0.9898734774826635,0.0026060686420463757,
0.004840365228368852,0.003181903278333415,0.002104583096139698,0.06216515015172277,0.9277079982454353,
0.004576041966743857,0.0030081455115072583,0.001989655762749209,0.16798667473429854,0.8224394820247012,
0.003310558324509774,0.9898386226859293,0.0014394254895711137,0.003011238131654993,0.0024001553683347604,
0.004125473261015881,0.9873373351878645,0.0017937492067383125,0.003752473503554315,0.0029909688408268804,
0.8557432586272947,0.0018792812595935843,0.1377045135643697,0.0026003200164216402,0.0020726265323202948,
0.0025933728344915254,0.7135081829282566,0.27965935236090017,0.002358896114592836,0.001880195761758733,
0.005137096349325267,0.9842322746837698,0.002233601315178905,0.004672631893704682,0.0037243957580211902,
0.0037556795234759844,0.988472374455321,0.0016329634783136308,0.003416114226908057,0.002722868315981305,
0.6041360810839951,0.38842535690598906,0.0015629161680213066,0.0032695771999481107,0.0026060686420463753,
0.00224585026625704,0.9931066213884863,9.764921207026787E-4,0.002042794385971783,0.0016282418385820442,
0.003594576564081492,0.7744877526687907,0.21604202492513327,0.0032695771999481107,0.0026060686420463753,
0.006294769795012379,0.004137982921146988,0.9792779024018996,0.005725635671903837,0.004563709210037166,
0.008998623398311695,0.0059154109123341235,0.9703769385726999,0.008185023568014475,0.006524003548639742,
0.9901984768467967,0.0023629611431874743,0.0015629161680213066,0.0032695771999481107,0.0026060686420463753,
0.9828357163103955,0.004137982921146988,0.002736955886516478,0.005725635671903837,0.004563709210037166,
0.008998623398311695,0.0059154109123341235,0.003912587129090663,0.9746493750116237,0.006524003548639742,
0.004840365228368852,0.003181903278333415,0.002104583096139698,0.9863638827540916,0.0035092656430666396,
0.013275336586353667,0.008726787135303206,0.005772095215348026,0.9626011596997976,0.009624621363197354,
0.015774320463146675,0.010369540236549988,0.006858649426959977,0.9555611047593426,0.011436385114000604,
0.059010548452474186,0.0015599678890882217,0.0010317981920605008,0.936677224082544,0.001720461383833069,
0.011459854751697833,0.0075333466966376215,0.9622746762220127,0.010423725616327921,0.008308396713323925,
0.8680780469037421,0.0059154109123341235,0.003912587129090663,0.11556995150619327,0.006524003548639742,
0.005854954215661151,0.0038488620453920436,0.0025457247727367826,0.8437656117524234,0.14398484721378657,
0.6869274628668506,0.005341783839651788,0.0035331771549170733,0.2983062158861101,0.005891360252470361,
0.6749209673175591,0.0021762565196803184,0.23847839336947085,0.08202422742495491,0.0024001553683347604,
0.008126012167301282,0.005341783839651788,0.9732495352971303,0.0073913084434461575,0.005891360252470361,
0.9859924060844107,0.003376964948684465,0.002233601315178905,0.004672631893704682,0.0037243957580211902,
0.9850776121229661,0.00359750440475971,0.0023794711203512704,0.004977787473326234,0.0039676248785967295,
0.010081191411574623,0.0066270569447929185,0.004383285977967088,0.971599600116745,0.007308865548920396,
0.9638014334656521,0.008726787135303208,0.005772095215348027,0.01207506282049941,0.009624621363197356,
0.36100528262998194,0.004869573346522198,0.0032208464098477728,0.6255337300801516,0.005370567533496461,
