0.620939153825575,0.07137462544131744,0.10030716751875227,0.1112964364985854,0.09608261671577006,
0.08449768248415944,0.004312647239906431,0.8986592689473188,0.00672483066228734,0.005805570666327895,
0.18725231419580532,0.15240925689690582,0.4500116533802878,0.00705632899103723,0.20327044653596363,
0.9224430821142784,0.014603449605368085,0.020523129289437222,0.02277156470684998,0.019658774284066437,
0.8372688401774654,0.0060054118415485535,0.008439776011218116,0.00936440553681488,0.13892156643295311,
0.5925677448850784,0.003942243031661178,0.39203582059165043,0.0061472490891879405,0.005306942402422011,
0.825878020458165,0.14642133481012257,0.009030541585063352,0.010019893123608962,0.008650210023040016,
0.663055427505295,0.3126456666349629,0.007921558576097987,0.008789414184880585,0.007587933098763389,
0.9224430821142784,0.014603449605368085,0.020523129289437222,0.02277156470684998,0.019658774284066437,
0.41744822919514324,0.12844026790234914,0.00792155857609799,0.43860201122764625,0.0075879330987633905,
0.6909902542934834,0.008133826745357516,0.10003500470039434,0.1898913736813999,0.010949540579364758,
0.3050606075079226,0.004119134954002324,0.3198850494527662,0.23077749215187332,0.14015771593343543,
0.3841020381707487,0.012599179271509475,0.5666918532400986,0.019646250289309608,0.01696067902833362,
0.39057190018258403,0.007471795508449995,0.5802469941896772,0.011650978330111582,0.010058331789177118,
0.1936893567530055,0.009885642366069567,0.01389290351735836,0.7692243093285992,0.013307788034967351,
0.46651308929532503,0.4950142677870593,0.012542264092397726,0.013916346494851111,0.012014032330366882,
0.9759670828431085,0.004525237775536444,0.00635959601617969,0.0070563289910372294,0.006091754374137792,
0.13921456049968545,0.003364332188808766,0.004728103725448319,0.005246096655452938,0.8474469069306045,
0.9790632879658983,0.003942243031661178,0.00554027751083036,0.00614724908918794,0.00530694240242201,
0.9781238392283468,0.004119134954002324,0.005788874649901525,0.006423081578398557,0.005545069589350564,
0.9603183188652394,0.007471795508449995,0.010500575507021818,0.011650978330111582,0.010058331789177118,
0.5542863348711888,0.051291512478609365,0.0060608294119629934,0.00672483066228734,0.3816364925759514,
0.03158374352270825,0.0036304327889124795,0.00510207132676889,0.005661034714441816,0.9540227176471686,
0.3358935692807936,0.0064257773308735895,0.5690127715020593,0.010019893123608964,0.07864798876266452,
0.3171048168045905,0.005020173386970687,0.6632888904764663,0.007828095841066711,0.006758023490905628,
0.8204796409768107,0.011078671860663252,0.015569541519016393,0.0172752808383244,0.13559686480518537,
0.10960931377748485,0.012599179271509475,0.017706404453570815,0.019646250289309608,0.8404388522081253,
0.965873577937414,0.006425777330873589,0.009030541585063352,0.010019893123608962,0.008650210023040016,
0.6585947625640126,0.012599179271509475,0.017706404453570815,0.019646250289309608,0.29145340342159753,
0.22543427820026826,0.7089956258204504,0.0060608294119629934,0.00672483066228734,0.052784435905030826,
0.7151530076782592,0.003492320879957314,0.19512208493839872,0.005445672977554454,0.08078691352583015,
0.7352933813169279,0.038598361812455156,0.004560951222174996,0.005060631564310164,0.21648667408413153,
0.45843048410405784,0.011078671860663252,0.015569541519016393,0.5000074900019947,0.014913812514267764,
0.45843048410405784,0.011078671860663252,0.015569541519016393,0.5000074900019947,0.014913812514267764,
0.9330874869572765,0.012599179271509475,0.017706404453570815,0.019646250289309608,0.01696067902833362,
0.24685567597411678,0.1498455414681414,0.5666918532400986,0.019646250289309608,0.01696067902833362,
0.41081043039223425,0.0034923208799573146,0.004907974134633143,0.005445672977554455,0.5753436016156208,
0.9733385476947684,0.005020173386970686,0.007055159586288342,0.00782809584106671,0.006758023490905626,
0.17586316626872736,0.003364332188808766,0.004728103725448319,0.005246096655452938,0.8107983011615627,
0.9790632879658983,0.003942243031661178,0.00554027751083036,0.00614724908918794,0.00530694240242201,
0.7975336278130523,0.007471795508449995,0.17328526655920906,0.011650978330111582,0.010058331789177118,
0.9411626932677281,0.011078671860663249,0.01556954151901639,0.017275280838324397,0.01491381251426776,
0.043674095600349676,0.8799984812405413,0.007055159586288342,0.06251424008191486,0.006758023490905626,
0.7185984453862039,0.2065389921042856,0.02440555050087277,0.027079329112005942,0.023377682896631925,
0.5629817190352466,0.30783489816598225,0.004907974134633142,0.11957413945981381,0.004701269204323909,
0.3905719001825841,0.0074717955084499955,0.01050057550702182,0.581397397012767,0.01005833178917712,
0.6023862184685179,0.008133826745357516,0.011430968875428738,0.01268330203146869,0.36536568387922724,
0.7858590266603709,0.005636668747273215,0.1921269573087118,0.008789414184880585,0.007587933098763389,
0.1510795514570401,0.01736602746123101,0.02440555050087277,0.7837711876842243,0.023377682896631925,
0.9332529571136519,0.004119134954002324,0.05065975676459648,0.006423081578398557,0.005545069589350564,
0.66224001422773,0.006909421487364969,0.009710236576451191,0.31183904882406904,0.009301278884384718,
0.12704590160472454,0.014603449605368085,0.6568408736970802,0.18185100080876074,0.019658774284066437,
0.2946446300400673,0.6196546645226528,0.00792155857609799,0.008789414184880587,0.06898973267630135,
0.33774743181314026,0.011078671860663252,0.015569541519016393,0.6206905422929123,0.014913812514267764,
0.1314765477228624,0.004312647239906431,0.14699742512807182,0.7114078092428314,0.005805570666327896,
0.9700644253929847,0.005636668747273215,0.007921558576097987,0.008789414184880585,0.007587933098763389,
0.634748936760865,0.33304117761282453,0.01050057550702182,0.011650978330111583,0.01005833178917712,
0.9474987092809196,0.009885642366069565,0.013892903517358357,0.015414956800685083,0.01330778803496735,
0.971796190077188,0.005310589024360743,0.007463298610621299,0.00828094901325678,0.007148973274572887,
0.34025251610009466,0.5848849213903948,0.02440555050087277,0.027079329112005942,0.023377682896631925,
0.44520477380854606,0.014603449605368085,0.3386820014932587,0.02277156470684998,0.1787382103859772,
0.6248430901113854,0.002757894302531732,0.003875839124795226,0.3648105727232739,0.0037126037380136936,
0.4370196879100149,0.4470301441469169,0.004405213835106055,0.10732527087953894,0.004219683228423074,
0.963305010157571,0.006909421487364969,0.009710236576451191,0.010774052894228156,0.009301278884384718,
0.9120582250889118,0.07395133056685192,0.004560951222174996,0.005060631564310164,0.004368861557750967,
0.8092801149722241,0.005020173386970687,0.11642744806798466,0.007828095841066711,0.06144416773175379,
0.5869737652452698,0.006909421487364969,0.009710236576451191,0.38710529780652925,0.009301278884384718,
0.3875095657259855,0.12227237352333821,0.005102071326768889,0.48022879765214477,0.004887191771762569,
0.37784799872906716,0.2616059384188746,0.3490918713604482,0.0061472490891879405,0.005306942402422011,
0.8681983259434146,0.008133826745357516,0.10003500470039434,0.012683302031468687,0.010949540579364758,
0.6909902542934835,0.008133826745357516,0.18863904052535996,0.01268330203146869,0.09955357640433038,
0.7537694286548722,0.004119134954002324,0.005788874649901526,0.18590661003717837,0.05041595170404552,
0.12757839403328622,0.10543238896824376,0.09737168142218022,0.5912914631676659,0.07832607240862374,
0.008039730301120365,0.38143694968034514,0.006136164854032349,0.5057530018952207,0.09863415326928154,
0.008434897682445944,0.0069707055030881655,0.05558958911465995,0.9238262473985827,0.005178560301223253,
0.02704580644987963,0.022350994517453832,0.0206421758903512,0.9133563949809812,0.016604628161334196,
0.5325214582469271,0.07440928529329922,0.008535427544519964,0.37766790541340967,0.006865923501844188,
0.4357058903026795,0.006074924679339559,0.00561047355873307,0.5480956297111506,0.004513081748097391,
0.011962882370200394,0.6372770558662764,0.009130432937870745,0.3342850812018623,0.007344547623790376,
0.010499096515440638,0.06985690168270581,0.008013227387511071,0.9051849102840968,0.006445864130245864,
0.18464708109388692,0.022350994517453836,0.1782434505343585,0.5981538456929667,0.0166046281613342,
0.010499096515440638,0.6204797484664583,0.008013227387511071,0.35456206350034425,0.006445864130245864,
0.01512623604421085,0.012500511660482357,0.2759755262693621,0.6871110543395174,0.009286671686427368,
0.14193739654346627,0.18535674490903484,0.27437648456296176,0.39361432059939916,0.004715053385137873,
0.023363663328892694,0.5638868126628683,0.017831853110821094,0.38057367480390936,0.014343996093508586,
0.013900956073837121,0.01148792488659856,0.010609629291400509,0.9554670721436878,0.008534417604476083,
0.018363481958971306,0.6572217064166003,0.12102321275788964,0.19211743737162643,0.011274161494912439,
0.016588396634370825,0.013708859557035767,0.49598014003798746,0.4635382464131393,0.010184357357466822,
0.008434897682445944,0.0069707055030881655,0.006437768528027745,0.9729780679852149,0.005178560301223253,
0.8839457807838355,0.005186294712545214,0.004789782736153269,0.10222522617708109,0.003852915590384972,
0.007350958676434392,0.006074924679339559,0.00561047355873307,0.9764505613373956,0.004513081748097391,
0.18668988460234742,0.006346792673510305,0.00586155620967494,0.48311929671716153,0.3179824697973059,
0.013900956073837121,0.01148792488659856,0.010609629291400509,0.9554670721436878,0.008534417604476083,
0.4765307496385219,0.0066441342104239035,0.09983436872151265,0.41205479802774025,0.0049359494018012245,
0.8353325514953551,0.005595548518710817,0.005167747530698278,0.1497472008511655,0.004156951604070358,
0.011962882370200394,0.009886276409054318,0.009130432937870744,0.9616758606590842,0.007344547623790375,
0.17288564816340515,0.007730657260453253,0.007139619080201684,0.8065009445067438,0.005743130989196257,
0.020563985725636624,0.37648559814420063,0.015695054652628108,0.574630212468872,0.012625149008662673,
0.15950836020863116,0.29159741890339136,0.01783185311082109,0.24442897792417084,0.28663338985298553,
0.011962882370200392,0.009886276409054318,0.009130432937870742,0.8222556874463681,0.14676472083650635,
0.02336366332889269,0.2915974189033913,0.01783185311082109,0.6528630685633863,0.014343996093508582,
0.523379851572262,0.0066441342104239035,0.1466834706552528,0.22465839029277967,0.09863415326928153,
0.08242925201802793,0.005383154452153802,0.0049715917991708415,0.9032168383849966,0.003999163345650854,
0.2530103048890613,0.005003325173121412,0.1810179694157524,0.5572514136110328,0.0037169869110320088,
0.4998856680910632,0.016994336370130633,0.13552547524398478,0.09530853010344538,0.252285990191376,
0.02056398572563663,0.1368247569614873,0.01569505465262811,0.8142910536515855,0.012625149008662675,
0.02336366332889269,0.019308025143914383,0.01783185311082109,0.9251524623228633,0.014343996093508584,
0.02336366332889269,0.8361762064223452,0.01783185311082109,0.10828428104443237,0.014343996093508584,
0.575879153490306,0.005383154452153802,0.0049715917991708415,0.40976693691271854,0.003999163345650854,
0.009354476814591131,0.2802826095084766,0.007139619080201684,0.6974801636075344,0.005743130989196257,
0.7376674294132382,0.005186294712545214,0.004789782736153268,0.211933989705029,0.040422503433034274,
0.007350958676434392,0.006074924679339559,0.09128145988398209,0.8907795750121466,0.004513081748097391,
0.013900956073837121,0.01148792488659856,0.010609629291400509,0.9554670721436878,0.008534417604476083,
0.02056398572563663,0.1368247569614873,0.1355254752439848,0.6944606330602289,0.012625149008662675,
0.009354476814591131,0.06224104771005792,0.7702850853746671,0.15237625911148764,0.005743130989196257,
0.03210570675834087,0.026532559754299766,0.2115903611547297,0.7100602454499089,0.019711126882720743,
0.19630230620393826,0.005383154452153802,0.0049715917991708415,0.7893437841990862,0.003999163345650854,
0.013900956073837123,0.6595169345053775,0.010609629291400509,0.30743806252490885,0.008534417604476085,
0.015126236044210848,0.012500511660482355,0.09968837539060796,0.7752546297788943,0.09743024712580442,
0.010499096515440638,0.19221753430131747,0.008013227387511071,0.7828242776654851,0.006445864130245864,
0.03210570675834087,0.21361887636453192,0.2115903611547297,0.14880129561921243,0.39388376010318504,
0.007679932366822851,0.0958517687912726,0.00586155620967494,0.6621292489526861,0.22847749367954362,
0.16272675152488758,0.010627091906209939,0.15968205611160827,0.6590691985368833,0.007894901920410922,
0.02704580644987963,0.022350994517453832,0.0206421758903512,0.9133563949809812,0.016604628161334196,
0.3164006780619698,0.008676585373399976,0.008013227387511071,0.6604636450468734,0.006445864130245864,
0.02056398572563663,0.4963160187355573,0.01569505465262811,0.4547997918775154,0.012625149008662675,
0.008039730301120365,0.334587847746605,0.006136164854032349,0.13096018642529939,0.5202760706729429,
0.010499096515440638,0.06985690168270581,0.008013227387511071,0.7828242776654851,0.12880649674885752,
0.013900956073837123,0.011487924886598562,0.33462413410079,0.2264344363225615,0.41355254861621293,
0.5534017269821642,0.015175812388768936,0.014015563753251062,0.40613273538090355,0.011274161494912439,
0.00989379123800147,0.008176353481165573,0.007551240127955247,0.9683043749590301,0.006074240193847571,
0.03210570675834087,0.026532559754299766,0.2115903611547297,0.5229739288396767,0.2067974434929529,
0.02704580644987963,0.022350994517453832,0.0206421758903512,0.9133563949809812,0.016604628161334196,
0.0351358410489187,0.18418943207312582,0.003927926760014262,0.6536296038911065,0.12311719622683465,
0.005847957750908296,0.004832825816123323,0.7541619331505737,0.23156696091071857,0.0035903223716760957,
0.012859305683064447,0.010627091906209939,0.15968205611160827,0.8089366443787065,0.007894901920410922,
0.006054270387493585,0.0050033251731214125,0.004620801914632629,0.9806046156137204,0.003716986911032009,
0.009354476814591131,0.007730657260453253,0.007139619080201684,0.9700321158555577,0.005743130989196257,
0.012859305683064448,0.01062709190620994,0.30954950195343145,0.6590691985368834,0.007894901920410924,
0.12513684152521626,0.24232745184209042,0.005167747530698278,0.4259344213951084,0.2014335377068867,
0.007350958676434392,0.1774168973298376,0.00561047355873307,0.762273095524273,0.0473485749107219,
0.015126236044210853,0.10064408709985943,0.011544799951230894,0.8633982052182716,0.00928667168642737,
0.27955696236234207,0.012500511660482357,0.011544799951230892,0.6871110543395174,0.009286671686427368,
0.007679932366822851,0.05109928073239145,0.00586155620967494,0.9306441773059729,0.004715053385137874,
