0.0054256181862070395,0.007736517520523058,0.0039208882010022955,0.9775584524467965,0.005358523645471177,
0.003810115968955485,0.0054329346329575956,0.002753426104532362,0.09097703133749514,0.8970264919560594,
0.002388025376463377,0.0034051419636253752,0.4682766893612683,0.010365599307087695,0.5155645439915554,
0.5864488449832435,0.004728907843384786,0.002396623405501064,0.40315025284952005,0.0032753709183506474,
0.11119276860091618,0.1392381096572576,0.0010152420340989068,0.39035569920663404,0.35819818050109314,
0.0020124594296524077,0.6712692418598372,0.31599532954024434,0.008735396313267365,0.001987572856998743,
0.0049056184329220815,0.1986781731647793,0.0035451041286246494,0.7880261499355123,0.004844954338161594,
0.0018001290337135872,0.03773615122444621,0.001300884884696148,0.9573849666657229,0.0017778681914211185,
0.011543973609788679,0.016460825480795797,0.008342391293653611,0.9522515916480097,0.0114012179677524,
0.002094822890923071,0.04391382613124503,0.45170830286734537,0.4592873617806372,0.042995686329849236,
0.0210300162931837,0.029987198495226464,0.015197594065953595,0.0912840895516384,0.8425011015939978,
0.0033163821225639704,0.717446362450882,0.1967741110257276,0.014395277609067027,0.06806786679175948,
0.006885317226385535,0.009817936966465744,0.004975757258725525,0.9715208168632959,0.006800171685127311,
0.0054256181862070395,0.007736517520523058,0.5339251683904161,0.4475541722573826,0.005358523645471177,
0.9767126647939381,0.004441154367364171,0.0022507891582530404,0.013519326690276052,0.003076064990168799,
0.006885317226385535,0.009817936966465744,0.004975757258725525,0.9715208168632959,0.006800171685127311,
0.006068929956869118,0.6015003496834707,0.3600936963853424,0.026343143911163977,0.005993880063153888,
0.007955481842798444,0.011343910048347915,0.938311486977764,0.034532018750733307,0.007857102380356359,
0.0020948228909230715,0.9852295025185517,0.0015138489429813266,0.00909290785627321,0.0020689177912706917,
0.006068929956869118,0.9572082608838013,0.004385785185011812,0.026343143911163977,0.005993880063153888,
0.0021842157847852886,0.0031145250380045036,0.25761792954847074,0.3081936581379946,0.4288896714907449,
0.003114580667516508,0.43039031617267354,0.00225078915825304,0.5611682490113881,0.003076064990168798,
0.0029359296970079573,0.004186411715750478,0.0021216848869378717,0.012743864086584417,0.9780121096137192,
0.0031145806675165087,0.004441154367364171,0.0022507891582530404,0.9871174108166976,0.003076064990168799,
0.014905754795471694,0.02125446892391901,0.010771822877837898,0.9383465268696285,0.014721426533142805,
0.004905618432922082,0.006995037551994504,0.0035451041286246503,0.9797092855482973,0.0048449543381615945,
0.0041165459897185884,0.005869880459789784,0.0029748714424843265,0.982973062347426,0.00406563976058135,
0.0033163821225639704,0.004728907843384786,0.002396623405501064,0.014395277609067027,0.9751628090194832,
0.0029359296970079577,0.9219393400468842,0.002121684886937872,0.07010342210728028,0.0028996232618897803,
0.04685700284957366,0.9393372754029687,0.0016488098621674308,0.009903548315512423,0.0022533635697778156,
0.002504891319993793,0.4929549566159094,0.0018101898224841188,0.5002560470292144,0.0024739152123982593,
0.0025048913199937936,0.9823381293504164,0.0018101898224841192,0.010872874294707414,0.0024739152123982597,
0.003810115968955485,0.0054329346329575956,0.002753426104532362,0.9842405241640659,0.003762999129488726,
0.006885317226385535,0.009817936966465744,0.004975757258725525,0.8370016717556169,0.1413193167928064,
0.4626155539237642,0.016460825480795794,0.45941397160762915,0.05010843102005841,0.011401217967752397,
0.16496730395082534,0.005869880459789784,0.8072286612480181,0.017868514580785498,0.00406563976058135,
0.12487512850665873,0.0029870575926664858,0.0015138489429813266,0.8685550471664228,0.0020689177912706917,
0.004476576338258398,0.9684358712059803,0.0032350517016078192,0.019431282869655907,0.0044212178844976755,
0.0025048913199937936,0.003571783881402415,0.0018101898224841192,0.9896392197637215,0.0024739152123982597,
0.0015309217645480854,0.002182977616096551,0.0011063390156229372,0.03655498113006957,0.9586247804736628,
0.0020124594296524077,0.002869613581808642,0.0014543279976426322,0.9916760261338976,0.001987572856998743,
0.0033163821225639704,0.004728907843384786,0.002396623405501064,0.9862827157101995,0.0032753709183506474,
0.0025048913199937936,0.003571783881402415,0.0018101898224841192,0.9896392197637215,0.0024739152123982597,
0.14210896863311726,0.005056533253335264,0.0025626648577198037,0.8467695400172702,0.0035022932385573415,
0.0031145806675165087,0.004441154367364171,0.0022507891582530404,0.9871174108166976,0.003076064990168799,
0.0026337842912697845,0.1581251126326724,0.001903335877536965,0.8347365529373113,0.002601214261209558,
0.0033163821225639704,0.26389889133702016,0.002396623405501064,0.7271127322165643,0.0032753709183506474,
0.4113625082767086,0.45318151151703057,0.0015138489429813266,0.00909290785627321,0.12484922340700637,
0.0210300162931837,0.029987198495226464,0.015197594065953595,0.9130152372520599,0.02076995389357624,
0.006068929956869118,0.008653831016253064,0.004385785185011812,0.9748975737787122,0.005993880063153888,
0.001444511724103124,0.19961077397542862,0.19859490424451182,0.5989231615222567,0.001426648533699742,
0.00533289307576977,0.11178614897748657,0.006539826330322494,0.8682168730262381,0.008124258590183118,
0.003758359549920827,0.004969002513208678,0.9641695238771063,0.02137753801227639,0.005725576047487819,
0.5128543473834205,0.3279823045056435,0.0028977993734956922,0.1526656868659418,0.0035998618714984604,
0.003274902967943105,0.004329814873238153,0.004016074643670621,0.9833901409444692,0.004989066570678905,
0.19292282020641652,0.0018419512188278132,0.4394905173917277,0.36362230698799547,0.0021224041950325782,
0.11941966210167757,0.0026350296643834507,0.04158630379761657,0.011336369153385345,0.8250226352829371,
0.004827303406161991,0.006382274617058671,0.005919812280413432,0.9755165786652317,0.0073540310311342345,
0.0017835923507568392,0.002358123206609439,0.0021872525948511893,0.9909538640232749,0.002717167824507631,
0.011195962458436005,0.014802406436853672,0.013729817762830944,0.9432156127231961,0.017056200618683334,
0.0020742232689016835,0.00274237217041821,0.08401712938275413,0.45990226449527677,0.4512640106826493,
0.8049544925472617,0.026421851936347836,0.024507313293288126,0.1136715352070287,0.03044480701607358,
0.0032749029679431047,0.004329814873238152,0.00401607464367062,0.27589763908059506,0.712481568434553,
0.1392337233265846,0.008918994119656097,0.008272720007590046,0.8332975745665009,0.010276987979668402,
0.00533289307576977,0.007050724855936514,0.8444232193027228,0.13506890417538775,0.008124258590183118,
0.0030769981395793347,0.8500986003719738,0.12463487160686383,0.017501956323988918,0.00468757355759407,
0.006745979024198867,0.008918994119656097,0.008272720007590046,0.9657853188688866,0.010276987979668402,
0.005956778833270643,0.8267932336990887,0.12429314579177585,0.03388214039863459,0.009074701277230195,
0.7713835696741821,0.16300258295293926,0.009536141942960213,0.044231200769988085,0.011846504659930264,
0.04281095860272381,0.858213814180683,0.0025436587151098635,0.09327164649087757,0.003159922010605809,
0.005956778833270642,0.007875576724364652,0.007304909081100964,0.03388214039863458,0.9449805949626291,
0.002162308664684986,0.0028588316382286887,0.7670520928162168,0.22463265344298503,0.003294113437884497,
0.0030769981395793347,0.004068160931816709,0.7289423283498331,0.25922493902117666,0.00468757355759407,
0.0029016493081995293,0.0038363287262383975,0.9723370063791144,0.016504572689336666,0.004420442897111003,
0.1239384894881732,0.12492965228041059,0.003773380258269968,0.7426709044155521,0.00468757355759407,
0.014351649928237706,0.5826934414169113,0.2994591148692279,0.08163214237611947,0.021863651409503675,
0.004827303406161991,0.006382274617058671,0.005919812280413432,0.9755165786652317,0.0073540310311342345,
0.004057881314304109,0.005365006243084011,0.004976255606020955,0.9794189820723158,0.00618187476427513,
0.19622740347627243,0.004329814873238153,0.7758260766769879,0.018627638402822663,0.004989066570678905,
0.05988862928855721,0.5737061285298153,0.0035583467130336608,0.30143947259112513,0.061407422877468684,
0.002258207251138802,0.22473607701845322,0.0027692817070387272,0.05719476735771714,0.713041666665652,
0.0024780069165633747,0.0032762226265476073,0.003038826139847781,0.3547628433897595,0.6364441009272817,
0.0024780069165633747,0.8792795158688129,0.003038826139847781,0.11142859526690804,0.0037750558078679,
0.003758359549920827,0.004969002513208678,0.0046089464750506725,0.9809381154143321,0.005725576047487819,
0.006745979024198867,0.008918994119656097,0.008272720007590046,0.9657853188688866,0.010276987979668402,
0.011195962458436003,0.014802406436853668,0.23361307060003272,0.7233323598859941,0.01705620061868333,
0.9603956464637554,0.005365006243084011,0.004976255606020955,0.023081216922864543,0.00618187476427513,
0.002074223268901683,0.0027423721704182094,0.2062273353842205,0.7857961471658538,0.003159922010605809,
0.09100534945278516,0.005829594707618234,0.26519539446601326,0.6312524605398595,0.006717200833723746,
0.0024780069165633747,0.0032762226265476073,0.003038826139847781,0.9387650388846029,0.052441905432438186,
0.001517764377275943,0.0020066667132211014,0.9855303305716695,0.008633039292256903,0.0023121990455768045,
0.001993033587150515,0.0026350296643834507,0.002444094292774215,0.989891606774444,0.003036235681247714,
0.003274902967943105,0.004329814873238153,0.004016074643670621,0.9833901409444692,0.004989066570678905,
0.0024780069165633747,0.0032762226265476073,0.10037252538898836,0.8900981892600327,0.0037750558078679,
0.2784543941912964,0.07336603501199672,0.004292133971083026,0.638555428829768,0.005332007995855834,
0.0030769981395793347,0.004068160931816709,0.003773380258269968,0.9843938871127398,0.00468757355759407,
0.0026047730130979514,0.003443822624340058,0.003194281770427692,0.986788948239776,0.003968174352358193,
0.003274902967943105,0.004329814873238153,0.004016074643670621,0.9833901409444692,0.004989066570678905,
0.002074223268901683,0.6137934021777501,0.0025436587151098635,0.37842879382763245,0.003159922010605809,
0.019984457501802163,0.02642185193634783,0.02450731329328812,0.8986415702524881,0.030444807016073577,
0.005956778833270643,0.007875576724364654,0.007304909081100965,0.9697880340840336,0.009074701277230195,
0.19834994794404362,0.2269424259014177,0.0017565441151695647,0.5145068076668952,0.05844427437247382,
