0.10420640765600789,0.5877755900963384,0.09489911736163331,0.08931121848951769,0.12380766639650254,
0.5701498563552235,0.03538808501400663,0.2876515330109835,0.09935646271270451,0.00745406290708175,
0.006583280012654571,0.9739575638438139,0.005995288357005194,0.005642270689617895,0.00782159709690855,
0.18045967924501932,0.7567097032266781,0.019357862537944293,0.01821802287188982,0.02525473211846859,
0.008737314581440324,0.4419200975564435,0.007956933364661582,0.007488409102160197,0.5338972453952944,
0.005734965739127749,0.6766425783819333,0.048175711381395626,0.004915213849880819,0.26453153064766255,
0.07937086344886815,0.6829293552633539,0.21857933225161982,0.008012760588529268,0.011107688447628885,
0.008200666608746705,0.8447189497214903,0.13030869983293544,0.0070284692057633056,0.009743214631064135,
0.6580695259361512,0.11989657430516885,0.17856114476832155,0.01821802287188982,0.025254732118468588,
0.13104114984682466,0.5376177416262954,0.2531491830710134,0.06844871082480229,0.009743214631064135,
0.01183530221809561,0.5986116056689594,0.1880631072753236,0.010143572608117529,0.191346412229504,
0.18551527499836898,0.303084221642875,0.005457142521527113,0.13977800209329863,0.3661653587439303,
0.018337074558435897,0.3781072271660598,0.566053427831002,0.015715986273638946,0.02178628417086342,
0.17372112332186362,0.6312945568702847,0.09132536122292996,0.09074238854220645,0.012916570042715427,
0.1221294509163766,0.1888860291236859,0.6595635228762294,0.012329386483641902,0.017091610600066368,
0.01298645315036531,0.948627602591171,0.011826556248787621,0.01113017885181164,0.015429209157864495,
0.006583280012654571,0.9739575638438139,0.005995288357005194,0.005642270689617895,0.00782159709690855,
0.004894101049855451,0.10091549617329959,0.004456979953124295,0.004194541756168271,0.8855388810675524,
0.005734965739127749,0.9773133637287098,0.00522274204614185,0.004915213849880819,0.006813714636139881,
0.09575381509306112,0.6172493313114525,0.005457142521527113,0.0051358122353368655,0.2764038988386225,
0.01087161564840387,0.7941440645437443,0.009900607386200078,0.00931763470547656,0.17576607771617517,
0.0062739339218401665,0.4113053666362622,0.005713571794291824,0.005377142307140634,0.5713299853404651,
0.04483623612372077,0.029788987426232243,0.004809571308299629,0.004526371644949834,0.9160388334967976,
0.009349116611103844,0.8929945957766469,0.008514091738326875,0.008012760588529268,0.08112943528539321,
0.007303501014763379,0.5335023025869288,0.4442573606792564,0.006259543818276319,0.008677291900775066,
0.016122793672023458,0.9362207252226955,0.014682771657665336,0.013818213108898796,0.019155496338717114,
0.1556756110091441,0.6527843000674762,0.01669928202816903,0.015715986273638943,0.15912482062157166,
0.009349116611103844,0.9630163426144112,0.008514091738326875,0.008012760588529268,0.011107688447628885,
0.018337074558435893,0.9274613729688926,0.01669928202816903,0.015715986273638943,0.021786284170863417,
0.006273933921840167,0.03538808501400663,0.005713571794291825,0.616242724943306,0.3363816843265554,
0.005080321108737249,0.8277034337657788,0.15682617033151272,0.004354143653403082,0.006035931140568282,
0.004721050131487794,0.6277334408703529,0.004299385235283891,0.004046226611948304,0.3591998971509272,
0.016122793672023454,0.8154664097316362,0.014682771657665334,0.013818213108898792,0.1399098118297762,
0.016122793672023458,0.9362207252226955,0.014682771657665336,0.013818213108898796,0.019155496338717114,
0.018337074558435893,0.6527843000674762,0.15403781847887724,0.015715986273638943,0.15912482062157166,
0.018337074558435893,0.9274613729688926,0.01669928202816903,0.015715986273638943,0.021786284170863417,
0.005080321108737248,0.48525432761467496,0.004626567597688828,0.004354143653403082,0.5006846400254958,
0.6637127687880124,0.31469921332917916,0.0066511821637570715,0.00625954381827632,0.008677291900775068,
0.004894101049855451,0.06426032125501892,0.004456979953124295,0.004194541756168271,0.9221940559858331,
0.005734965739127749,0.9773133637287098,0.00522274204614185,0.004915213849880819,0.006813714636139881,
0.010871615648403872,0.6312945568702847,0.00990060738620008,0.3350166500523961,0.012916570042715427,
0.619894371127319,0.3324491477673999,0.014682771657665336,0.013818213108898796,0.019155496338717114,
0.00730350101476338,0.04119535175699203,0.6630604499370062,0.27976340539046346,0.008677291900775068,
0.4039775064493816,0.5212950163847071,0.023023237518451308,0.021667571348537945,0.030036668298922115,
0.08118012247564918,0.9038032351326907,0.004626567597688829,0.004354143653403082,0.006035931140568282,
0.4994201386687832,0.14274603384990536,0.3355996227331196,0.009317634705476563,0.012916570042715427,
0.10047774515004591,0.42132671980505876,0.09942066434337328,0.010143572608117529,0.3686312980934046,
0.008200666608746705,0.7832987081024514,0.06888845821389646,0.12986895244384125,0.009743214631064135,
0.025281255939044067,0.521295016384707,0.023023237518451305,0.21101569660370667,0.21938479355409085,
0.18551527499836895,0.7518915211694142,0.005457142521527112,0.005135812235336865,0.05200024907535284,
0.01005304863776517,0.5837618887773264,0.009155151434322394,0.38508588083605033,0.011944030314535902,
0.021256397014642034,0.9159129854570552,0.01935786253794429,0.01821802287188982,0.025254732118468588,
0.0696209082277857,0.4147772583882175,0.0074682165948574755,0.2527094356819193,0.2554241811072201,
0.016122793672023454,0.33244914776739987,0.4977000336219017,0.013818213108898792,0.1399098118297762,
0.006273933921840167,0.41130536663626227,0.005713571794291825,0.5692530647405241,0.007454062907081751,
0.1310411498468247,0.7832987081024515,0.06888845821389647,0.007028469205763307,0.009743214631064138,
0.01087161564840387,0.7127193107070144,0.009900607386200078,0.25359189621566613,0.012916570042715425,
0.1221294509163766,0.6198611815616242,0.013100794219321896,0.22781696270261104,0.017091610600066368,
0.00772612607824193,0.9694366418046181,0.007036060084425957,0.006621759158316428,0.009179412874397714,
0.025281255939044074,0.3319468911295384,0.023023237518451308,0.5897119471140442,0.030036668298922115,
0.02125639701464204,0.5975064209963008,0.019357862537944297,0.33662458733264444,0.025254732118468595,
0.004011784970816582,0.9841299999735676,0.0036534687390042636,0.003438343304610653,0.004766403012000634,
0.004559819115319909,0.5379923618540315,0.004152554714303261,0.34542319562597207,0.10787206869037326,
0.6124047410535143,0.35788000412142046,0.009155151434322394,0.00861607307620712,0.011944030314535902,
0.004721050131487794,0.6984516040651109,0.28717203801431584,0.004046226611948304,0.005609081177137253,
0.007303501014763379,0.6429038472158036,0.00665118216375707,0.006259543818276319,0.3368819257873995,
0.16064097174170244,0.5837618887773264,0.08444911298629103,0.00861607307620712,0.16253195341847318,
0.044836236123720764,0.5440035077390536,0.4003592023181622,0.004526371644949834,0.006274682174113554,
0.7359354444384419,0.24711288502939555,0.00522274204614185,0.004915213849880819,0.006813714636139881,
0.011835302218095608,0.9531813773967606,0.010778221411422964,0.010143572608117527,0.014061526365603367,
0.011835302218095608,0.5986116056689593,0.010778221411422964,0.1874284584720181,0.19134641222950396,
0.005992355187753264,0.9762951709326839,0.005457142521527113,0.0051358122353368655,0.007119519122698921,
0.0929688624032917,0.147655350316021,0.08455405590475261,0.08500647141403146,0.5898152599619032,
0.805639715896845,0.008652264040503652,0.004954673270001024,0.004981183778654599,0.17577216301399576,
0.6478538093411297,0.05847479428955745,0.0051994101011859795,0.00522723010040077,0.28324475616772604,
0.018533061887603022,0.02943464806067834,0.01685559563085653,0.016945783296012686,0.9182309111248493,
0.0075918598903286965,0.8648016319001282,0.006904704747308744,0.006941649107709298,0.11376015435452506,
0.00497903416270603,0.2660289292348079,0.00452837134995655,0.004552600884643829,0.7199110643678855,
0.5697292206399945,0.08310457096208755,0.0073894188250640735,0.0074289566999211,0.3323478328729327,
0.007124521910311781,0.0113153345249926,0.006479666506899282,0.5605342844557641,0.41454619260203207,
0.17866366603072345,0.02943464806067834,0.01685559563085653,0.016945783296012686,0.7581003069817289,
0.007124521910311781,0.0113153345249926,0.006479666506899282,0.4374187404999913,0.5376617365578049,
0.01029241151648292,0.016346651865766254,0.009360823788337582,0.00941090987606164,0.9545892029533516,
0.005202862258912764,0.008263309129816439,0.2295025372558715,0.49925257235947157,0.25777871899592786,
0.015974978869979603,0.30142800741405035,0.5666413849058674,0.014606789300700281,0.10134883950940246,
0.009451864883326102,0.015011675784878687,0.008596356791826536,0.6619754469514699,0.3049646555884988,
0.012519024850042765,0.0198830119253195,0.7685599279055656,0.11961454119943164,0.07942349411964045,
0.011297048854915292,0.017942240693166325,0.010274529296632636,0.010329504263292695,0.950156676891993,
0.0057168545861355224,0.05847479428955745,0.0051994101011859795,0.00522723010040077,0.9253817109227201,
0.0042480300162564995,0.7775332121167358,0.0038635319201980644,0.0038842041604896537,0.2104710217863201,
0.004979034162706031,0.007907820043453227,0.0045283713499565505,0.00455260088464383,0.9780321735592404,
0.0052028622589127636,0.008263309129816437,0.004731940296273445,0.27448197539987346,0.7073199129151237,
0.009451864883326102,0.015011675784878687,0.008596356791826536,0.008642352517215485,0.9582977500227532,
0.0054477615835587774,0.1027924939597138,0.14616501814881622,0.1461915286574698,0.5994031976504414,
0.004584575584369664,0.9579683092877027,0.004169616043904946,0.004191926020000303,0.02908557306402242,
0.49952866963971354,0.22350567296264953,0.007389418825064074,0.007428956699921101,0.26214728187265174,
0.39001234388824896,0.010074951402718888,0.22500868746626165,0.11541989718527478,0.25948412005749566,
0.25661154629667127,0.26486868973514743,0.012766864257669028,0.012835174728801645,0.45291772498171057,
0.015974978869979603,0.025371839994186646,0.014529050066139906,0.014606789300700281,0.9295173417689935,
0.008124812637746705,0.15330512196236853,0.007389418825064074,0.14783005870048307,0.6833505878743376,
0.015974978869979603,0.025371839994186646,0.2905852174860036,0.014606789300700281,0.6534611743491299,
0.005447761583558778,0.14986260891931888,0.004954673270001024,0.8051731380919408,0.03456181813518053,
0.1949230779456703,0.12131180571460111,0.0040107426758684206,0.0421348399394802,0.6376195337243798,
0.07490686746340447,0.5375772332525365,0.0037267450458634914,0.003746685393370606,0.380042468844825,
0.25661154629667127,0.022294564042282097,0.012766864257669028,0.4979834261145324,0.21034359928884522,
0.014037420603805955,0.022294564042282097,0.012766864257669028,0.012835174728801645,0.9380659763674413,
0.15400306257991145,0.025371839994186646,0.014529050066139906,0.014606789300700281,0.7914892580590617,
0.015974978869979603,0.025371839994186646,0.5666413849058674,0.014606789300700281,0.37740500692926615,
0.004409891163445215,0.5023381792790513,0.11831865474520349,0.004032202583035186,0.3709010722292648,
0.718871323585411,0.010074951402718888,0.005769367668153692,0.11541989718527478,0.14986446015844168,
0.0042480300162564995,0.7408290982985931,0.04056764573834072,0.0038842041604896537,0.2104710217863201,
0.004979034162706031,0.007907820043453227,0.0045283713499565505,0.00455260088464383,0.9780321735592404,
0.009451864883326102,0.17834494939344228,0.008596356791826536,0.008642352517215485,0.7949644764141895,
0.014037420603805955,0.022294564042282097,0.13405392710410172,0.012835174728801645,0.8167789135210086,
0.006343534241560046,0.01007495140271889,0.8827266468605857,0.005800237286220802,0.0950546302089147,
0.21272791568794008,0.03504669679104992,0.020069305673008308,0.020176688637075165,0.7119793932109265,
0.004409891163445214,0.08320916835815609,0.0040107426758684206,0.34695593879104036,0.5614142590114899,
0.7444515961218623,0.015011675784878685,0.008596356791826534,0.09030898932149727,0.14163138197993516,
0.01029241151648292,0.19420502024756867,0.009360823788337582,0.00941090987606164,0.7767308345715491,
0.0686822938881982,0.0113153345249926,0.1911529824405585,0.006514336654786431,0.7223350524914641,
0.5940505473567524,0.03504669679104992,0.020069305673008308,0.020176688637075165,0.3306567615421141,
0.09511110104275197,0.008263309129816439,0.0047319402962734455,0.004757259048355867,0.8871363904828024,
0.00873824204401003,0.01387828308103296,0.007947325450680394,0.0079898484645406,0.961446300959736,
0.8191860826032051,0.02943464806067834,0.01685559563085653,0.016945783296012686,0.11757789040924724,
0.0686822938881982,0.5653352823259703,0.006479666506899282,0.06807210863267284,0.2914306486462593,
0.014037420603805955,0.26486868973514743,0.012766864257669028,0.012835174728801645,0.6954918506745759,
0.0054477615835587774,0.00865226404050365,0.004954673270001023,0.7110329081727306,0.26991239293320585,
0.1302400658660846,0.011315334524992603,0.006479666506899284,0.006514336654786432,0.8454505964472372,
0.009451864883326102,0.015011675784878687,0.008596356791826536,0.008642352517215485,0.9582977500227532,
0.012519024850042765,0.23621844798848168,0.011385901684498014,0.011446823167850555,0.728429802309127,
0.06469953468498456,0.12663548045086123,0.006103922629501752,0.2380891848169683,0.5644718774176841,
0.022066599853533896,0.03504669679104992,0.020069305673008308,0.7828219519747,0.13999544570770792,
0.33879427017384384,0.02943464806067834,0.01685559563085653,0.016945783296012686,0.5979697028386085,
0.003481350669066743,0.005529163628829814,0.03324604583611008,0.3942205812864015,0.5635228585795918,
0.003957515795841194,0.24564337395043953,0.037793306119586305,0.003618571257873552,0.7089872328762593,
0.08423898693668871,0.01387828308103296,0.3854510499140738,0.0079898484645406,0.508441831603664,
0.004097630133453568,0.006507953277904671,0.039131363710838946,0.14536516005327244,0.8048978928245304,
0.006343534241560046,0.01007495140271889,0.005769367668153693,0.005800237286220802,0.9720119094013466,
0.00873824204401003,0.08937902797371164,0.15894881523603774,0.0079898484645406,0.7349440662817,
0.004584575584369663,0.007281331582007304,0.2022294030659248,0.004191926020000303,0.7817127637476978,
0.004979034162706031,0.007907820043453227,0.13358892594563393,0.606835188997805,0.24668903085040195,
0.01029241151648292,0.19420502024756867,0.009360823788337582,0.00941090987606164,0.7767308345715491,
0.01029241151648292,0.46099257282027223,0.009360823788337582,0.00941090987606164,0.5099432819988455,
0.0052028622589127636,0.05321742852173604,0.004731940296273445,0.004757259048355867,0.9320905098747218,
