0.007798038938696341,0.00651881582503247,0.00408437403341485,0.006369253382864088,0.9752295178199922,
0.9915249546127965,0.0027609600385248624,0.0017298837382924287,0.002697614802645456,0.0012865868077406827,
0.0016611616305037805,0.0013886576881693695,8.700656001172755E-4,0.9954330109445554,6.471041366542027E-4,
0.9962085045559677,0.001235175380066809,7.739010250428518E-4,0.0012068365143421997,5.755825245805091E-4,
0.9855925565096993,0.004693588519783858,0.0029407750714668707,0.004585902617866408,0.0021871772811834743,
0.0023394629282145803,0.0019556875874066305,0.0012253390514274252,0.993568174587843,9.113358451083992E-4,
0.0017329397203114593,0.001448660998156319,0.994727909958535,0.0014154240909367063,6.750652320604333E-4,
0.9936249449225987,0.0020768351681840517,0.0013012442536020647,0.0020291859404605113,9.677897151547061E-4,
0.28042226529008557,0.23442061716225127,0.14687659650666898,0.2290422599669502,0.10923826107404401,
0.28560832845416856,0.7046778165753147,0.0029407750714668707,0.004585902617866408,0.0021871772811834743,
0.006528623997833929,0.9821762372332633,0.003419493354715128,0.005332425345724559,0.002543220068463181,
0.002835706993138751,0.00237052568823393,0.001485256498486411,0.99220386351075,0.0011046473093908609,
0.09334144909229729,0.003008734924784604,0.001885127472543283,0.900362640451655,0.0014020480587197271,
0.14424823917145138,0.0023705256882339304,0.0014852564984864111,0.002316138262561663,0.8495798403792667,
0.01871447356106145,0.9489077120741833,0.009802068245969374,0.015285538450675946,0.007290207668109881,
0.00561463723195621,0.004693588519783858,0.98291869434921,0.004585902617866408,0.0021871772811834743,
0.007798038938696341,0.9787106140382393,0.00408437403341485,0.006369253382864088,0.003037719606785408,
0.007798038938696341,0.9787106140382393,0.00408437403341485,0.006369253382864088,0.003037719606785408,
0.01871447356106145,0.9489077120741833,0.009802068245969374,0.015285538450675946,0.007290207668109881,
0.003953996231888458,0.7920252454053144,0.0020709821616311692,0.20040950024548174,0.00154027595568421,
0.007798038938696341,0.00651881582503247,0.00408437403341485,0.978561051596071,0.003037719606785408,
0.0024843839656526166,0.99321739612513,0.0013012442536020647,0.0020291859404605113,9.677897151547061E-4,
0.00561463723195621,0.004693588519783858,0.8429218487381038,0.1445827482289726,0.0021871772811834743,
0.0026484453140415503,0.002213983202781163,0.9919426844443191,0.0021631873613867517,0.0010316996774714666,
0.6878256879077047,0.0025508895645489824,0.0015982637612715316,0.3068364632345012,0.0011886955319735757,
0.9593666177444208,0.001235175380066809,7.739010250428518E-4,0.0012068365143421997,0.03741746933612732,
0.8455957108985932,0.004693588519783858,0.0029407750714668707,0.1445827482289726,0.0021871772811834743,
0.0023394629282145803,0.0019556875874066305,0.0012253390514274252,0.993568174587843,9.113358451083992E-4,
0.0017329397203114593,0.001448660998156319,0.994727909958535,0.0014154240909367063,6.750652320604333E-4,
0.9936249449225987,0.0020768351681840517,0.0013012442536020647,0.0020291859404605113,9.677897151547061E-4,
0.9948909031917313,0.0016644172952611557,0.0010428432040411849,0.0016262302499222404,7.756060590440697E-4,
0.9948909031917313,0.0016644172952611557,0.0010428432040411849,0.0016262302499222404,7.756060590440697E-4,
0.8697323748029804,0.0020768351681840513,0.0013012442536020645,0.002029185940460511,0.12486035983477295,
0.003953996231888458,0.9892052152427321,0.0020709821616311692,0.0032295304080640582,0.00154027595568421,
0.0016611616305037805,0.0013886576881693695,8.700656001172755E-4,0.9954330109445554,6.471041366542027E-4,
0.002835706993138751,0.9922582509364223,0.001485256498486411,0.0023161382625616627,0.0011046473093908609,
0.0024843839656526166,0.99321739612513,0.0013012442536020647,0.0020291859404605113,9.677897151547061E-4,
0.005614637231956209,0.7046778165753147,0.0029407750714668703,0.004585902617866408,0.2821808685033958,
0.007798038938696341,0.00651881582503247,0.00408437403341485,0.978561051596071,0.003037719606785408,
9.99064275691395E-4,8.351735688678736E-4,5.232792779601748E-4,8.160120214416214E-4,0.996826470856039,
