0.005020072643647503,0.00479058986568502,0.010429149268671865,0.009529864127150053,0.9702303240948457,
0.019593395539387767,0.01869772187940872,0.8701366092636169,0.037195158423883656,0.05437711489370297,
0.1328406222306953,0.0029254936213491374,0.5254687778932803,0.005819650084429607,0.3329454561702458,
0.00873088658747539,0.008331771225926864,0.9421324122148665,0.016574294595813353,0.024230635375917815,
0.96131830077434,0.004790589865685019,0.010429149268671863,0.009529864127150052,0.013932095964152885,
0.16334393724636578,0.00703222446389997,0.015309204227678478,0.01398912149266289,0.8003255125693928,
0.0045378967923212,0.004330455737991702,0.10547701037937958,0.008614524713815616,0.8770401123764919,
0.005020072643647502,0.004790589865685019,0.9667273773993643,0.009529864127150052,0.013932095964152885,
0.11487114661300965,0.10962003737540792,0.23864362524844163,0.2180658522416359,0.31879933852150494,
0.11487114661300965,0.10962003737540792,0.23864362524844163,0.2180658522416359,0.31879933852150494,
0.0045378967923211996,0.004330455737991701,0.7778240457465263,0.20071367767585754,0.012593924047303058,
0.0028788327778742073,0.002747232582010107,0.5543837029624225,0.005465037493559736,0.4345251941841334,
0.005020072643647503,0.00479058986568502,0.010429149268671865,0.7533173748954666,0.22644281332652905,
0.005020072643647503,0.00479058986568502,0.010429149268671865,0.9658280922578427,0.013932095964152888,
0.00352280500581884,0.0033617668822015566,0.007318591155568331,0.15581560815779172,0.8299812287986196,
0.019593395539387767,0.01869772187940872,0.8701366092636169,0.037195158423883656,0.05437711489370297,
0.001935389716279726,0.001846917170151551,0.004020752223511262,0.00367405062406192,0.9885228902659956,
0.6519405790566276,0.002925493621349137,0.20103130487707244,0.07070714468767116,0.07339547775727956,
0.0027134899015292912,0.0025894480310667068,0.00563724735296277,0.8092271321849202,0.17983268252952117,
0.0017235730108973897,0.0016447832501431492,0.003580705197334046,0.9882675446958347,0.004783393845790829,
0.8031598300654248,0.0012051343505970714,0.0026235863189226663,0.08258705624024756,0.11042439302480812,
0.003065633024212155,0.002925493621349137,0.006368821067347788,0.979132069133053,0.008507983154038005,
0.0045378967923212,0.004330455737991702,0.20152658686040056,0.7770111365619835,0.012593924047303062,
0.3684808044345185,0.1246145564675582,0.005980745477456,0.005465037493559736,0.4954588561269075,
0.0035228050058188397,0.9726943180955462,0.00731859115556833,0.0066875233557387,0.00977676238732782,
0.0018592271242817999,0.946236321834727,0.0432151121236022,0.003529467227598471,0.005159871689790807,
0.0045378967923212,0.004330455737991702,0.009427433898358583,0.9691102895240254,0.012593924047303062,
0.48478577919742616,0.004330455737991702,0.39362573982244253,0.008614524713815616,0.10864350052832406,
0.002878832777874208,0.0027472325820101073,0.005980745477456001,0.9804036285779447,0.007989560584715037,
0.0017235730108973897,0.0016447832501431492,0.003580705197334046,0.9882675446958347,0.004783393845790829,
0.00256610805625702,0.9801097902947022,0.005331063085732723,0.004871375943664865,0.00712166261964336,
0.16334393724636578,0.00703222446389997,0.015309204227678478,0.793863368389262,0.020451265672793817,
0.0045378967923211996,0.004330455737991701,0.9699231987085682,0.008614524713815614,0.012593924047303058,
0.0027134899015292912,0.0025894480310667068,0.00563724735296277,0.9815291265373082,0.0075306881771331595,
0.005020072643647502,0.004790589865685019,0.9667273773993643,0.009529864127150052,0.013932095964152885,
0.003065633024212155,0.002925493621349137,0.006368821067347788,0.979132069133053,0.008507983154038005,
0.005020072643647503,0.00479058986568502,0.010429149268671865,0.9658280922578427,0.013932095964152888,
0.0017888319591571116,0.0017070590135375083,0.9124185794182534,0.003395832436537133,0.08068969717251485,
0.0013341891712406002,0.9896585405521774,0.00277176427658302,0.002532760464717021,0.0037027455352821106,
0.0032783574238603934,0.0031284937421598063,0.978271320545106,0.00622347583937014,0.009098352449503555,
0.010710100487930748,0.01022050924360128,0.022250123573898675,0.02033153894042939,0.9364877277541398,
0.001606368154672407,0.0015329361841149355,0.003337213314376864,0.173052195488704,0.8204712868581318,
0.007369087867045992,0.00703222446389997,0.015309204227678478,0.01398912149266289,0.9563003619487126,
0.007369087867045992,0.00703222446389997,0.015309204227678478,0.01398912149266289,0.9563003619487126,
0.5254711018130045,0.0033617668822015566,0.007318591155568331,0.0066875233557387006,0.4571610167934869,
0.0045378967923212,0.004330455737991702,0.009427433898358583,0.008614524713815616,0.9730896888575129,
0.005020072643647503,0.00479058986568502,0.010429149268671865,0.009529864127150053,0.9702303240948457,
0.005020072643647503,0.00479058986568502,0.3291952253122361,0.009529864127150053,0.6514642480512813,
0.00352280500581884,0.0033617668822015566,0.007318591155568331,0.0066875233557387006,0.9791093136006727,
0.010710100487930748,0.01022050924360128,0.022250123573898675,0.9270957629973887,0.02972350369718062,
0.00873088658747539,0.008331771225926864,0.01813832705864319,0.9405683797520368,0.024230635375917815,
0.005020072643647503,0.00479058986568502,0.11668450794985995,0.8595727335766546,0.013932095964152888,
0.002108105317380164,0.002011737416194101,0.8075461835410007,0.004001925602765475,0.1843320481226595,
0.0038066437519444266,0.0036326304965754717,0.9747698828434707,0.007226349160982847,0.010564493747026484,
0.07808684740684535,0.0033617668822015566,0.007318591155568331,0.0066875233557387006,0.9045452711996461,
0.2374011565021706,0.010220509243601284,0.022250123573898682,0.7004047069831489,0.029723503697180628,
0.013849704663609795,0.013216592570264496,0.028772618947374276,0.3194358436894245,0.624725240129327,
0.0013729610152857132,0.001310198794459954,0.0028523123836865756,0.7291121105430655,0.2653524172635024,
0.7491632290160839,0.003361766882201556,0.00731859115556833,0.0066875233557387,0.23346888959040735,
0.07266839790429484,0.9051990199878077,0.006810753819023694,0.00622347583937014,0.009098352449503555,
0.1002011211834697,0.0014825293719884362,0.23340515107693638,0.0029491782589780623,0.6619620201086275,
0.0022065629681045683,0.0021056942684632303,0.9853750847659175,0.004188832864928165,0.006123825132586569,
0.0045378967923211996,0.004330455737991701,0.9699231987085682,0.008614524713815614,0.012593924047303058,
0.0045378967923212,0.004330455737991702,0.009427433898358583,0.008614524713815616,0.9730896888575129,
0.0021081053173801637,0.44821541321239977,0.5398239780632773,0.004001925602765474,0.005850577804177237,
0.005616898173777994,0.0053601326869115685,0.843883840158263,0.010662848968904317,0.13447628001214312,
0.002878832777874208,0.0027472325820101073,0.005980745477456001,0.005465037493559737,0.9829281516691,
0.006374782177140526,0.006083371509056445,0.822819199755345,0.012101579459253893,0.1526210670992042,
0.013849704663609795,0.013216592570264496,0.9082053131271567,0.026291612296163714,0.03843677734280538,
0.1328406222306953,0.002925493621349137,0.006368821067347788,0.0058196500844296065,0.8520454129961782,
0.005020072643647502,0.004790589865685019,0.8604720187181764,0.009529864127150052,0.12018745464534095,
0.007369087867045992,0.00703222446389997,0.9511583005035974,0.01398912149266289,0.020451265672793817,
0.0016629079369843128,0.49434874677037005,0.0034546741304260593,0.49591863974690065,0.004615031415319043,
0.013849704663609795,0.013216592570264496,0.028772618947374276,0.905724306475946,0.03843677734280538,
0.00873088658747539,0.008331771225926864,0.01813832705864319,0.9405683797520368,0.024230635375917815,
0.16334393724636578,0.00703222446389997,0.015309204227678478,0.793863368389262,0.020451265672793817,
0.0027134899015292912,0.0025894480310667068,0.00563724735296277,0.9815291265373082,0.0075306881771331595,
0.0022065629681045688,0.7493750069554564,0.004584111864239005,0.0041888328649281655,0.23964548534727195,
0.0030656330242121556,0.0029254936213491374,0.006368821067347789,0.5249196069103621,0.4627204453767289,
0.1112754313248356,0.004790589865685021,0.010429149268671868,0.32829594017071434,0.5452088893700934,
0.18688296366885845,0.47602709216301003,0.3118725349584511,0.0018526322135017852,0.023364776996178626,
0.0022065629681045683,0.7026706749125192,0.14469710799305022,0.004188832864928164,0.14623682126139778,
0.0027134899015292904,0.6917974254406186,0.005637247352962768,0.005151158540442763,0.29470067876444644,
0.007369087867045992,0.16300707384321977,0.015309204227678478,0.3259388202513025,0.48837581381075323,
0.0027134899015292912,0.8640994197930069,0.00563724735296277,0.12001915477536809,0.0075306881771331595,
0.9567195175922049,0.005360132686911568,0.01166904816713931,0.010662848968904315,0.015588452584839723,
0.49351121283050403,0.20667017680107833,0.2498086637806234,0.04463870255024728,0.005371244037546864,
0.0022065629681045683,0.0021056942684632303,0.004584111864239004,0.9382754737236697,0.052828157175523645,
0.00352280500581884,0.15248985168425458,0.08188263355659485,0.752327947366004,0.009776762387327822,
0.005616898173777994,0.0053601326869115685,0.011669048167139314,0.9617654683873315,0.015588452584839726,
0.002878832777874208,0.0027472325820101073,0.005980745477456001,0.9804036285779447,0.007989560584715037,
0.006374782177140526,0.006083371509056445,0.1481728202814847,0.8216772348278862,0.01769179120443214,
0.0025661080562570195,0.002448803457876965,0.6571050543102829,0.33075837155593996,0.007121662619643358,
0.0017888319591571116,0.0017070590135375083,0.6473804087519518,0.003395832436537133,0.3457278678388165,
0.0022065629681045683,0.0021056942684632303,0.7985577565941692,0.004188832864928165,0.19294115330433484,
0.9104911313864771,0.0017070590135375085,0.00371627999093358,0.0033958324365371334,0.08068969717251485,
0.019593395539387767,0.8481292534946008,0.04070507764842475,0.037195158423883656,0.05437711489370297,
0.19828464294287199,0.0022088574817252524,0.004808698936042449,0.004394054232833074,0.7903037464065272,
0.007369087867045993,0.6309316219811792,0.01530920422767848,0.32593882025130255,0.02045126567279382,
0.007369087867045992,0.00703222446389997,0.015309204227678478,0.9498382177685818,0.020451265672793817,
0.0019353897162797265,0.944033911472415,0.004020752223511262,0.0036740506240619205,0.04633589596373224,
0.9747389241499427,0.0031284937421598063,0.006810753819023694,0.00622347583937014,0.009098352449503555,
0.06381249472064827,0.0027472325820101073,0.005980745477456001,0.9194699666351707,0.007989560584715037,
0.0035228050058188397,0.9726943180955462,0.00731859115556833,0.0066875233557387,0.00977676238732782,
0.0032783574238603934,0.9745890604682421,0.006810753819023694,0.00622347583937014,0.009098352449503555,
0.0018592271242817997,0.2772423445113424,0.003862525222226636,0.39705533624135403,0.31998056690079524,
0.06381249472064827,0.855818499780847,0.005980745477456001,0.06639869943633381,0.007989560584715037,
0.7961802076980349,0.0021056942684632308,0.004584111864239005,0.0041888328649281655,0.19294115330433487,
0.8052747217505505,0.002011737416194101,0.004379567107830561,0.0040019256027654755,0.18433204812265952,
0.0032783574238603934,0.9745890604682421,0.006810753819023694,0.00622347583937014,0.009098352449503555,
0.0027134899015292904,0.5769294292056933,0.005637247352962768,0.005151158540442763,0.4095686749993718,
0.00873088658747539,0.008331771225926864,0.38773596112113257,0.016574294595813353,0.5786270864696519,
0.8036472883030438,0.18651172542858863,0.003028319718119507,0.0027671936323645555,0.004045472917883581,
0.7950164380339368,0.002747232582010107,0.005980745477456,0.005465037493559736,0.1907905464130372,
0.013849704663609795,0.013216592570264496,0.028772618947374276,0.905724306475946,0.03843677734280538,
0.004140229502109368,0.00395096702823888,0.00860128419430289,0.007859612282752233,0.9754479069925966,
0.0045378967923212,0.004330455737991702,0.009427433898358583,0.9691102895240254,0.012593924047303062,
0.9802270948930822,0.0024488034578769653,0.005331063085732723,0.004871375943664865,0.00712166261964336,
0.0027134899015292904,0.0025894480310667063,0.2928072379402761,0.005151158540442763,0.6967386655866851,
0.03560691686480774,0.0015329361841149355,0.3433427004157303,0.07105054935829799,0.5484668971770491,
0.0017235730108973897,0.0016447832501431492,0.9520949835045388,0.0032719479921988937,0.041264712242221786,
0.004140229502109368,0.00395096702823888,0.00860128419430289,0.9718172324146604,0.011490286860688492,
0.005616898173777994,0.0053601326869115685,0.1305568755944427,0.842877640960028,0.015588452584839726,
0.12450472560108138,0.0053601326869115685,0.2494447030217461,0.010662848968904317,0.6100275897213566,
0.002018058792271715,0.04464024103211867,0.9011956070329146,0.0038309856163707716,0.04831510752632433,
0.0027134899015292912,0.0025894480310667068,0.00563724735296277,0.005151158540442765,0.9839086561739985,
0.005020072643647503,0.00479058986568502,0.11668450794985995,0.009529864127150053,0.8639749654136576,
0.002878832777874208,0.0027472325820101073,0.005980745477456001,0.005465037493559737,0.9829281516691,
0.6000256000120946,0.002448803457876965,0.22258906016058277,0.11350037448108988,0.06143616188835587,
0.0017235730108973897,0.0016447832501431492,0.003580705197334046,0.9882675446958347,0.004783393845790829,
0.00256610805625702,0.9801097902947022,0.005331063085732723,0.004871375943664865,0.00712166261964336,
0.007369087867045992,0.00703222446389997,0.015309204227678478,0.9498382177685818,0.020451265672793817,
0.0045378967923212,0.004330455737991702,0.6817744692655054,0.008614524713815616,0.300742653490366,
0.0027134899015292912,0.0025894480310667068,0.00563724735296277,0.9815291265373082,0.0075306881771331595,
0.005020072643647502,0.004790589865685019,0.9667273773993643,0.009529864127150052,0.013932095964152885,
0.003065633024212155,0.002925493621349137,0.006368821067347788,0.979132069133053,0.008507983154038005,
0.005020072643647503,0.00479058986568502,0.010429149268671865,0.9658280922578427,0.013932095964152888,
0.0017888319591571116,0.0017070590135375083,0.9881437710371967,0.003395832436537133,0.004964505553571521,
0.0013341891712406002,0.9896585405521774,0.00277176427658302,0.002532760464717021,0.0037027455352821106,
0.0032783574238603934,0.0031284937421598063,0.9088812800646715,0.00622347583937014,0.078488392929938,
0.002018058792271715,0.0019258071914252301,0.0041924963783522545,0.9435485301116265,0.04831510752632433,
0.006374782177140527,0.006083371509056446,0.687889923860573,0.281960131248798,0.01769179120443214,
0.002108105317380164,0.046632104995814674,0.13824066984669228,0.004001925602765475,0.8090171942373474,
0.003806643751944427,0.003632630496575472,0.08848006486482095,0.007226349160982848,0.8968543117256763,
0.0035228050058188397,0.003361766882201556,0.9766511423689129,0.0066875233557387,0.00977676238732782,
0.004140229502109368,0.00395096702823888,0.3591313278786331,0.007859612282752233,0.6249178633082664,
0.002433911378470948,0.002322649892015608,0.8808354160907292,0.10765324251901624,0.00675478011976791,
0.0025661080562570195,0.002448803457876965,0.9829920499225578,0.004871375943664864,0.007121662619643358,
0.003806643751944427,0.003632630496575472,0.007908263230398224,0.007226349160982848,0.9774261133600991,
0.9778174238622593,0.0027472325820101077,0.005980745477456003,0.005465037493559738,0.007989560584715038,
0.04672847289700073,0.002011737416194101,0.9414072862798625,0.004001925602765475,0.005850577804177238,
0.46924988339747525,0.00210569426846323,0.5183317643365467,0.004188832864928164,0.006123825132586568,
0.7168280736598692,0.002925493621349137,0.07125631567058933,0.1355946392909127,0.07339547775727956,
0.0032783574238603934,0.0031284937421598063,0.978271320545106,0.00622347583937014,0.009098352449503555,
0.00873088658747539,0.008331771225926864,0.9421324122148665,0.016574294595813353,0.024230635375917815,
0.0035228050058188397,0.8235662332934932,0.00731859115556833,0.15581560815779172,0.00977676238732782,
0.010710100487930748,0.01022050924360128,0.022250123573898675,0.9270957629973887,0.02972350369718062,
0.003065633024212155,0.002925493621349137,0.8499062509094879,0.1355946392909127,0.008507983154038003,
0.005020072643647503,0.7485781006340015,0.010429149268671865,0.22204058148952618,0.013932095964152888,
0.0035228050058188397,0.003361766882201556,0.9766511423689129,0.0066875233557387,0.00977676238732782,
0.0025661080562570195,0.32833579907015203,0.49416155650414534,0.1678148737498024,0.007121662619643358,
0.001606368154672407,0.0015329361841149355,0.003337213314376864,0.003049451938027318,0.9904740304088085,
0.006374782177140526,0.006083371509056445,0.013243544386712639,0.281960131248798,0.6923381706782924,
0.0022065629681045683,0.0021056942684632303,0.004584111864239004,0.004188832864928165,0.9869147980342651,
0.9603605476848787,0.001310198794459954,0.0028523123836865756,0.002606363066100995,0.03287057807087378,
0.0018592271242817997,0.0017742362017135196,0.31868322043323105,0.0035294672275984706,0.6741538490131752,
0.0027134899015292904,0.0025894480310667063,0.3502412360577387,0.005151158540442763,0.6393046674692224,
0.002878832777874208,0.0027472325820101073,0.005980745477456001,0.005465037493559737,0.9829281516691,
0.0025661080562570195,0.002448803457876965,0.059645562354445236,0.656645367168215,0.2786941589632059,
0.005616898173777994,0.0053601326869115685,0.011669048167139314,0.9617654683873315,0.015588452584839726,
0.004140229502109368,0.00395096702823888,0.00860128419430289,0.7965522105724953,0.18675530870285362,
0.0028788327778742073,0.002747232582010107,0.005980745477456,0.0663986994363338,0.9219944897263258,
0.0027134899015292912,0.0025894480310667068,0.00563724735296277,0.005151158540442765,0.9839086561739985,
0.8282635520531685,0.0017742362017135198,0.0038625252222266367,0.08223464103034958,0.08386504549254192,
0.0032783574238603934,0.0031284937421598067,0.35376095622119597,0.6307338401632803,0.009098352449503556,
0.005020072643647503,0.00479058986568502,0.010429149268671865,0.009529864127150053,0.9702303240948457,
0.0030656330242121556,0.0029254936213491374,0.006368821067347789,0.7195820907200868,0.26805796156700423,
0.23572822318278994,0.0021056942684632303,0.004584111864239004,0.004188832864928165,0.7533931378195797,
0.9747389241499427,0.0031284937421598063,0.006810753819023694,0.00622347583937014,0.009098352449503555,
0.010710100487930748,0.01022050924360128,0.022250123573898675,0.473713650968909,0.4831056157256603,
0.0024339113784709477,0.2083882946550756,0.005056425847724206,0.004620420137486223,0.7795009479812429,
0.41961860030646714,0.0031284937421598067,0.5619310776624994,0.006223475839370141,0.009098352449503556,
0.0023146679905021385,0.0022088574817252524,0.05380119267413491,0.004394054232833074,0.9372812276208047,
0.007369087867045992,0.31898192322253954,0.015309204227678478,0.01398912149266289,0.644350663190073,
0.10029965546668707,0.0022088574817252524,0.004808698936042449,0.004394054232833074,0.8882887338827122,
0.0045378967923212,0.004330455737991702,0.009427433898358583,0.008614524713815616,0.9730896888575129,
0.0045378967923212,0.004330455737991702,0.009427433898358583,0.5849119835999416,0.39679222997138697,
0.39425461789524174,0.24717132617218748,0.0048086989360424486,0.004394054232833073,0.3493713027636951,
0.0032783574238603934,0.0031284937421598067,0.0068107538190236945,0.2143935972806735,0.7723887977342826,
0.0045378967923212,0.004330455737991702,0.009427433898358583,0.9691102895240254,0.012593924047303062,
0.0028788327778742073,0.002747232582010107,0.005980745477456,0.0663986994363338,0.9219944897263258,
0.006374782177140526,0.006083371509056445,0.013243544386712639,0.012101579459253893,0.9621967224678365,
0.060147488018991946,0.0025894480310667063,0.005637247352962768,0.06258515665790543,0.8690406599390731,
0.7168280736598692,0.2624754720343153,0.006368821067347787,0.005819650084429606,0.008507983154038003,
0.0017888319591571116,0.0017070590135375083,0.0037162799909335794,0.6470599611975554,0.3457278678388165,
0.0032783574238603934,0.0031284937421598067,0.0068107538190236945,0.006223475839370141,0.980558919175586,
0.09177274042319192,0.00395096702823888,0.00860128419430289,0.007859612282752233,0.8878153960715142,
0.842884539740972,0.0021056942684632308,0.004584111864239005,0.0041888328649281655,0.1462368212613978,
0.7337248907146227,0.0014353320308543723,0.0031247283569631316,0.0028552891428606122,0.25885975975469927,
0.9812457240030062,0.0023226498920156085,0.0050564258477242075,0.004620420137486225,0.006754780119767912,
0.9747389241499427,0.0031284937421598063,0.006810753819023694,0.00622347583937014,0.009098352449503555,
0.0045378967923212,0.004330455737991702,0.009427433898358583,0.1046641011948366,0.8770401123764919,
0.001935389716279726,0.001846917170151551,0.004020752223511262,0.4133205698859156,0.578876371004142,
0.00145768217344597,0.0013910470909891312,0.34241623000371857,0.0027671936323645555,0.6519678470994817,
0.002878832777874208,0.0027472325820101073,0.005980745477456001,0.005465037493559737,0.9829281516691,
0.007369087867045992,0.00703222446389997,0.015309204227678478,0.01398912149266289,0.9563003619487126,
0.003065633024212155,0.002925493621349137,0.8499062509094879,0.1355946392909127,0.008507983154038003,
0.0038066437519444266,0.0036326304965754717,0.894198081209048,0.08779815079540555,0.010564493747026484,
0.0011408811381504846,0.001088727993864998,0.6060702701597732,0.002165793804908506,0.38953432690330275,
0.005020072643647503,0.00479058986568502,0.010429149268671865,0.009529864127150053,0.9702303240948457,
0.002108105317380164,0.002011737416194101,0.986027653859483,0.004001925602765475,0.005850577804177238,
0.002018058792271715,0.04464024103211867,0.8157667393515277,0.0038309856163707716,0.13374397520771122,
0.0035228050058188397,0.003361766882201556,0.9766511423689129,0.0066875233557387,0.00977676238732782,
0.0038066437519444266,0.0036326304965754717,0.9747698828434707,0.007226349160982847,0.010564493747026484,
0.06381249472064826,0.002747232582010107,0.005980745477456,0.005465037493559736,0.9219944897263258,
0.0022065629681045683,0.0021056942684632303,0.751853424551232,0.004188832864928165,0.23964548534727192,
0.006374782177140526,0.006083371509056445,0.957748475650117,0.012101579459253893,0.01769179120443214,
0.0016629079369843128,0.036784166747510755,0.0034546741304260593,0.03835405972404137,0.9197441914610375,
0.003065633024212155,0.002925493621349137,0.20103130487707246,0.0058196500844296065,0.7871579183929367,
0.12450472560108138,0.24313578754151832,0.36833253044904946,0.24843850382351107,0.015588452584839726,
0.006374782177140526,0.006083371509056445,0.957748475650117,0.012101579459253893,0.01769179120443214,
0.537552516272827,0.0020117374161941004,0.00437956710783056,0.004001925602765474,0.45205425360038287,
0.48478577919742616,0.004330455737991702,0.009427433898358583,0.20071367767585757,0.300742653490366,
9.965001938317586E-4,0.022042969715033594,0.002070218900294783,0.0018917079739697432,0.9729986032168702,
0.0017888319591571114,0.5317834003461407,0.0037162799909335785,0.0033958324365371325,0.45931565526723145,
0.9867191697145332,0.0016447832501431494,0.0035807051973340462,0.003271947992198894,0.00478339384579083,
0.0012628636879745015,0.0012051343505970712,0.43030196838689605,0.5637252360667176,0.0035047975078147525,
0.0035228050058188397,0.003361766882201556,0.6038309303637804,0.0066875233557387,0.3825969743924603,
0.002108105317380164,0.002011737416194101,0.9414072862798625,0.004001925602765475,0.05047094538379781,
0.004140229502109367,0.003950967028238879,0.9725589043262108,0.007859612282752232,0.01149028686068849,
0.0045378967923211996,0.004330455737991701,0.9699231987085682,0.008614524713815614,0.012593924047303058,
