0.9810387737225793,0.0017582990425219747,0.012585436717804635,0.0019499420685536503,0.0026675484485404856,
0.9631159827548588,0.003420302635369304,0.024481616228055714,0.003793093117041932,0.005189005264674308,
0.983842763763617,0.0014982814185421852,0.01072429974794209,0.0016615842344753669,0.0022730708354232036,
0.019177003359558263,0.003667950537627453,0.46068577518856024,0.004067733011123654,0.5124015379031304,
0.5618261085089484,0.008717484275038715,0.4065633156545384,0.009667632699993618,0.013225458861480884,
0.0140797599472635,0.0026930100652295154,0.8698351685926645,0.10930644532631349,0.004085616068528983,
0.6854429301443125,0.002434205539463645,0.3057303675205654,0.0026995179261989346,0.003692978869459715,
0.6105980691024179,0.0030133938420255635,0.20002204907993434,0.18179481167156944,0.004571676304052974,
0.0942163797689532,0.0180205955199251,0.12898662801287206,0.7314370133178194,0.02733938338043032,
0.019177003359558263,0.003667950537627453,0.9675225965506764,0.004067733011123654,0.005564716541014137,
0.28995168840620084,0.006485422958182332,0.6865314404663687,0.007192291386557667,0.009839156782690402,
0.06949514108408882,0.013292209180055697,0.8823058174190361,0.01474097251797923,0.02016585979884024,
0.0915822635541463,0.1484784709268035,0.7503068159669124,0.004067733011123654,0.005564716541014137,
0.43469480638370256,0.005163371592039233,0.03695804004358252,0.5153503341162973,0.007833447864378357,
0.8570685123732203,0.002041768201151745,0.014614433532969375,0.042568765356174064,0.08370652053648452,
0.024498454214955407,0.004685774759694108,0.2185337033720229,0.005196493376114787,0.7470855742772128,
0.8793008740768927,0.08201125714465986,0.028303539136648907,0.004385248036202718,0.0059990816055958745,
0.8245070690592269,0.005749375786527331,0.1546450494214425,0.006376019916380784,0.008722485816422517,
0.8020400952066753,0.006485422958182332,0.046420931965775666,0.007192291386557667,0.13786125848280903,
0.9693284981711184,0.0028442080437937473,0.020358084422371376,0.0031542080056855843,0.004315001357030859,
0.7130221668411711,0.0022207831205287524,0.2789250244547247,0.002462833867919112,0.00336919171565626,
0.05544904244330925,0.0022207831205287524,0.14741039957515237,0.002462833867919112,0.7924569409930905,
0.6740179935065567,0.006485422958182332,0.17444303366589428,0.007192291386557667,0.13786125848280903,
0.026995455187144385,0.10708820939117879,0.03695804004358252,0.0057261451205995895,0.8232321502574947,
0.9379996163303911,0.005749375786527332,0.04115250215027839,0.006376019916380786,0.008722485816422518,
0.6830772826442651,0.002127516604474574,0.30920810350070893,0.002359401915308466,0.0032276953352429207,
0.9828269416006087,0.0015924799218698573,0.011398547571476072,0.0017660497548398434,0.002415981151205524,
0.019177003359558263,0.003667950537627453,0.7503068159669124,0.07647299320571169,0.1503752369301902,
0.06384568356792475,0.0025570760131922885,0.8764054496303753,0.05331240281932165,0.0038793879691860953,
0.9631159827548588,0.003420302635369304,0.024481616228055714,0.003793093117041932,0.005189005264674308,
0.30198971578606054,0.37467412352116763,0.3110307905623913,0.005196493376114787,0.007108876754265747,
0.024498454214955407,0.004685774759694108,0.9585104008949699,0.005196493376114787,0.007108876754265747,
0.045577284511979274,0.008717484275038715,0.9228121396515074,0.009667632699993618,0.013225458861480884,
0.017882235449011685,0.0034203026353693037,0.9697153635339028,0.0037930931170419317,0.005189005264674307,
0.21219718667839893,0.002041768201151745,0.578876843515938,0.002264307500247724,0.20461989410426354,
0.20649075085627366,0.003203980459910991,0.7818912566000835,0.0035531932478580263,0.004860818835873751,
0.8485353727409337,0.0030133938420255635,0.14053772317030538,0.0033418339426825473,0.004571676304052974,
0.011610834150118451,0.0022207831205287524,0.9364981488525866,0.046301042161109904,0.00336919171565626,
0.03390748500596357,0.006485422958182332,0.5585093387662501,0.3912585964869135,0.009839156782690402,
0.1619295867060822,0.006485422958182332,0.8145535421664873,0.007192291386557667,0.009839156782690402,
0.012726662295273002,0.0024342055394636444,0.5940373394558679,0.050750679915416035,0.34005111279397937,
0.4793398902899421,0.0074376001626040465,0.49369053723203765,0.008248249640937769,0.011283722674478412,
0.055050544054889246,0.010529417390030953,0.9067686073859779,0.01167705460200473,0.01597437656709709,
0.0942163797689532,0.0180205955199251,0.8404389194745672,0.019984721856124328,0.02733938338043032,
0.008884477211960293,0.0016993177899145588,0.6159641660774887,0.37087397203642664,0.0025780668842098715,
0.020673902660962865,0.00395425974321168,0.7308165157496823,0.0043852480362027175,0.24017007380994035,
0.013369061221679693,0.0025570760131922885,0.9773586943228654,0.0028357804730765965,0.0038793879691860953,
0.7124627621545206,0.003203980459910991,0.2759192453018366,0.0035531932478580267,0.0048608188358737515,
0.015754810006128224,0.0030133938420255626,0.9733182859051107,0.0033418339426825464,0.004571676304052973,
0.08539893168514362,0.0034203026353693037,0.9021986672977708,0.0037930931170419317,0.005189005264674307,
0.4536085645270864,0.5105047718997436,0.026254214021032132,0.004067733011123654,0.005564716541014137,
0.016751246619431028,0.003203980459910991,0.022933239652713065,0.0035531932478580263,0.9535583400200869,
0.4840294272457345,0.005749375786527331,0.04115250215027838,0.006376019916380784,0.46269267490107907,
0.9631159827548588,0.003420302635369304,0.024481616228055714,0.003793093117041932,0.005189005264674308,
0.04105190629231042,0.0016441651026291393,0.9529861666167255,0.0018233682802135294,0.0024943937081214414,
0.9604453858892027,0.0036679505376274535,0.026254214021032136,0.0040677330111236545,0.005564716541014138,
0.39806550536145147,0.09901151030330398,0.36878209541267654,0.06673493174733008,0.067405957175238,
0.016751246619431028,0.003203980459910991,0.9716307608369261,0.0035531932478580263,0.004860818835873751,
0.026995455187144385,0.005163371592039233,0.9542815802358384,0.0057261451205995895,0.007833447864378357,
0.10951796079075614,0.0016993177899145588,0.8843201222876109,0.0018845322475085178,0.0025780668842098715,
0.0995044784887426,0.550137923565489,0.25487069492262365,0.09314455480034915,0.0023423482227953713,
