4,sold sites Two Re_code Gigaom startups media San Francisco tech news 
4,writer Kaul Greta is a San Chronicle staff 
