0.8037271723927344,8.906078605996537E-4,0.1638546478271552,0.029114531316406546,0.002413040603104234,
0.9829470206080833,0.0016313067995745588,0.0065955472322672985,0.004406212042845639,0.004419913317229217,
0.8953426919163064,0.0014859179494423802,0.00600772461769725,0.0040135120905650775,0.0931501534259888,
0.5191212557371968,0.0017152191516236173,0.0069348138137923345,0.004632861999946591,0.46759584929744064,
0.6359889124805587,0.0019119117845395976,0.1797424552636991,0.005164135116762775,0.17719258535443977,
0.9179730133735905,0.0020282038498848796,0.008200244302341422,0.005478243719108702,0.06632029475507445,
0.9359311571157205,0.006128896108766827,0.0247797800987363,0.016554345173354926,0.016605821503421443,
0.984466853091933,0.0014859179494423802,0.00600772461769725,0.0040135120905650775,0.0040259922503621814,
0.9630772352591425,0.0035320723608804117,0.014280544953314824,0.009540240852776627,0.00956990657388543,
0.6988648657943136,0.2793058323955497,0.009335964712911031,0.006236971505315024,0.006256365591910477,
0.9215031999858238,0.00750909038620361,0.03036005264398249,0.02028229423130933,0.020345362752680844,
0.06388342740864925,0.02314647062579683,0.7877369751007285,0.0625193603357487,0.06271376652907676,
0.0059603054392110425,0.0021595590650916913,0.9801959207079233,0.005833038372870814,0.005851176414903177,
0.007397608358185945,0.0026803277705904254,0.01083685080789052,0.48953135055387237,0.48955386250946065,
0.008814692737594063,0.8652128719395835,0.012912755783968992,0.00862647753673808,0.1044332020021152,
0.020724819707821442,0.00750909038620361,0.9311384329219847,0.02028229423130933,0.020345362752680844,
0.007397608358185945,0.0026803277705904254,0.01083685080789052,0.971823049740737,0.007262163322596057,
0.4155617946790275,0.004481477114120685,0.018119089544784913,0.5496953853577063,0.012142253304360523,
0.020724819707821442,0.00750909038620361,0.7059438378524843,0.2454768893008099,0.020345362752680844,
0.010903333036011433,0.003950534404281973,0.015972431588548542,0.7215201303203631,0.24765357065079505,
0.00559776976407189,0.12367823633115405,0.7381004391899565,0.12712827620037787,0.0054952785144398745,
0.20887403134406493,0.07567998191566332,0.30598223178624023,0.20441406104976825,0.20504969390426325,
0.0059603054392110425,0.9736241523376128,0.008731327435402048,0.005833038372870814,0.0058511764149031765,
0.4388159278169217,0.38140534493451367,0.1699953528307229,0.004884093576844064,0.00489928084099765,
0.0049906562670788916,0.32717718599078327,0.11576719388699255,0.004884093576844064,0.5471808702783012,
0.005597769764071889,0.0020282038498848796,0.8597504716712255,0.005478243719108702,0.12714531099570903,
0.1467664087873236,0.004481477114120685,0.018119089544784913,0.8184907712494102,0.012142253304360523,
0.9885490708961735,0.0010954084960293118,0.0044288532825783765,0.002958733518611306,0.002967933806607478,
0.342792924540143,0.06906600496970182,0.5140797047983984,0.07099262098414331,0.0030687447076134947,
0.9868167460004783,0.0012611246044273222,0.005098861168508635,0.0034063380481254703,0.0034169301784602703,
0.002458045700875908,8.906078605996537E-4,0.3775264149449841,0.00240556042667793,0.6167193710668624,
0.008044218311173613,0.002914609788482762,0.011784077972690415,0.969360159628108,0.00789693429954517,
0.01090333303601143,0.3593753394305748,0.6083471066323699,0.010670520267777298,0.010703700633266455,
0.20887403134406493,0.07567998191566332,0.30598223178624023,0.20441406104976825,0.20504969390426325,
0.009748392829139254,0.0035320723608804126,0.54390767963665,0.009540240852776629,0.4332716143205536,
0.752128032309472,0.006128896108766827,0.0247797800987363,0.2003574699796035,0.016605821503421443,
0.03979616188322413,0.00121516626442736,0.5151058997643078,0.4405903628636135,0.0032924092244272472,
0.5276571470682544,0.002480907581736852,0.4564390862477968,0.006701011034029193,0.006721848068182756,
0.008814692737594065,0.003193770822924287,0.012912755783968994,0.9664254787774706,0.008653301878041975,
0.014289143802730104,0.0051772934032168014,0.02093234895185124,0.9455736942695201,0.01402751957268173,
0.0045023481634263035,0.0016313067995745588,0.0065955472322672985,0.9828508844875026,0.004419913317229217,
0.00216845914057058,7.856838281294532E-4,0.0031766034441883333,0.9917404974169132,0.0021287561701984333,
0.12937826804477573,0.003950534404281973,0.015972431588548542,0.8399950653291274,0.010703700633266457,
0.005597769764071889,0.0020282038498848796,0.008200244302341422,0.9786785035692619,0.005495278514439874,
0.053424581785659155,0.0505535404218074,0.0065955472322672985,0.8850064172430369,0.004419913317229217,
0.27147356368692016,0.0014859179494423802,0.09513188579332388,0.6278826403199514,0.0040259922503621814,
0.007397608358185945,0.0026803277705904254,0.01083685080789052,0.971823049740737,0.007262163322596057,
0.005276807841418878,0.11658683990074684,0.06506752714749187,0.6932137038140063,0.11985512129633615,
0.10459459286166732,0.003193770822924287,0.012912755783968994,0.8706455786533974,0.008653301878041975,
0.005276807841418878,0.0019119117845395976,0.007730063089388252,0.9799010241045244,0.005180193180128908,
0.0045023481634263035,0.0016313067995745588,0.104440014476733,0.8850064172430369,0.004419913317229217,
0.0027520649963752152,9.971379774507542E-4,0.9908558187225422,0.0026933016927092428,0.0027016766109226047,
0.004292356496132597,0.0015552218718266494,0.006287927761327893,0.004200704210101174,0.9836637896606117,
0.01090333303601143,0.003950534404281972,0.01597243158854854,0.1291454552765416,0.8400282456946164,
0.005597769764071889,0.0020282038498848796,0.06902526054297599,0.005478243719108702,0.9178705221239585,
0.0034806586033209047,0.0012611246044273224,0.0050988611685086355,0.04122695679416999,0.9489323988295731,
0.008044218311173613,0.002914609788482762,0.0991920511552869,0.007872454619546608,0.8819766661255101,
0.002596759234478551,0.11380576093109834,0.8785069533576795,0.0025413120878290114,0.0025492143889146307,
0.008814692737594065,0.003193770822924287,0.012912755783968994,0.9664254787774706,0.008653301878041975,
0.42405665215760563,0.0015552218718266491,0.5659736553099586,0.004200704210101173,0.004213766450507941,
0.7828188855662165,8.67439445695958E-4,0.0295213095803051,0.1844420980277155,0.002350267380066947,
0.009748392829139255,0.5331592070442157,0.014280544953314829,0.4332419485994448,0.009569906573885435,
0.26583016351037825,0.0010954084960293118,0.03727971270920543,0.002958733518611306,0.6928359817657757,
0.7354979646516868,0.0020282038498848796,0.008200244302341422,0.005478243719108702,0.24879534347697818,
0.008814692737594065,0.0031937708229242876,0.7791519567765551,0.2001862777848846,0.008653301878041975,
0.03979616188322413,0.00121516626442736,0.0049130467022994555,0.9507832159256218,0.0032924092244272472,
0.009748392829139254,0.0035320723608804126,0.9676093873833183,0.009540240852776629,0.009569906573885432,
0.003023288097361804,0.0010954084960293118,0.0044288532825783765,0.9884845163174231,0.002967933806607478,
0.004101080160040312,0.0014859179494423802,0.00600772461769725,0.9843792850224579,0.0040259922503621814,
0.9820698369841364,0.0017152191516236173,0.0069348138137923345,0.004632861999946591,0.004647268050500964,
0.6020585658207246,0.0024809075817368515,0.01003057373297461,0.006701011034029192,0.37872894183053457,
0.971981006731915,0.002680327770590425,0.01083685080789052,0.007239651367007837,0.007262163322596056,
0.9758615914273112,0.002309106762552055,0.009335964712911031,0.006236971505315024,0.006256365591910477,
0.00128821301116591,4.6674991984985435E-4,0.9957197038174622,0.0012607065196908525,0.001264626731831232,
0.004101080160040312,0.0014859179494423802,0.00600772461769725,0.9843792850224579,0.0040259922503621814,
0.0020708700463797367,7.503250004379282E-4,0.99311919917186,0.002026651917248172,0.0020329538640742007,
0.5276571470682544,0.002480907581736852,0.4564390862477968,0.006701011034029193,0.006721848068182756,
0.1224157785909048,4.0447175988172747E-4,0.45044329136471956,0.4256405699338719,0.0010958883506221033,
0.006373051711819543,0.9717976464780438,0.009335964712911031,0.006236971505315024,0.006256365591910477,
0.5603665029778148,0.002309106762552055,0.009335964712911031,0.42173205995481144,0.006256365591910477,
0.225569163212089,0.0010605679281105627,0.0042879891536683175,0.002864628026018981,0.7662176516801131,
0.9810975172542252,0.0018082323284011933,0.007310875999531842,0.004884093576844064,0.00489928084099765,
0.9800136968291804,0.0019119117845395976,0.007730063089388252,0.005164135116762775,0.005180193180128908,
0.008044218311173613,0.002914609788482762,0.011784077972690415,0.969360159628108,0.00789693429954517,
0.006847215800961778,0.002480907581736852,0.9772490175150894,0.006701011034029193,0.006721848068182756,
0.0059603054392110425,0.0021595590650916913,0.2030242460899063,0.005833038372870814,0.7830228510329201,
0.020724819707821442,0.00750909038620361,0.9311384329219847,0.02028229423130933,0.020345362752680844,
0.01236871584147166,0.004481477114120685,0.8245052472198967,0.012104613574298524,0.1465399462502125,
0.03770817337647148,0.013662559490237687,0.8747084921866242,0.03690301185385872,0.03701776309280808,
0.006847215800961778,0.002480907581736852,0.010030573732974613,0.5275109423013217,0.453130360583005,
0.014289143802730104,0.0051772934032168014,0.02093234895185124,0.013984035712073621,0.9456171781301282,
0.006373051711819543,0.5563025580285473,0.009335964712911031,0.006236971505315024,0.42175145404140696,
0.003235891747174209,0.0011724398065731442,0.004740299080013782,0.003166797561673553,0.9876845718045654,
0.009748392829139254,0.0035320723608804126,0.014280544953314827,0.009540240852776629,0.9628987490038888,
0.01236871584147166,0.004481477114120685,0.018119089544784913,0.14650230652015048,0.8185284109794723,
0.0045023481634263035,0.0016313067995745588,0.9850402196769242,0.004406212042845639,0.004419913317229217,
0.0033538152359378244,0.00121516626442736,0.9888564061790297,0.0032822030961778413,0.0032924092244272472,
0.003235891747174209,0.4231044085089836,0.004740299080013781,0.0031667975616735526,0.5657526031021548,
0.006373051711819544,0.0023091067625520554,0.009335964712911031,0.9757255112208069,0.006256365591910478,
0.004101080160040312,0.0014859179494423802,0.00600772461769725,0.9843792850224579,0.0040259922503621814,
0.7111478476501694,0.0013106959357035565,0.2804499843253224,0.003540231805514453,0.0035512402832901836,
0.9787980296142251,0.0020282038498848796,0.008200244302341422,0.005478243719108702,0.005495278514439874,
0.27147356368692016,0.0014859179494423802,0.00600772461769725,0.717006801495578,0.0040259922503621814,
0.6865023945360126,0.0014225271786682126,0.2190565135468056,0.003842291583384424,0.08917627315512908,
0.010903333036011433,0.003950534404281973,0.015972431588548542,0.6030451953115987,0.36612850565955934,
0.00559776976407189,0.00202820384988488,0.008200244302341423,0.005478243719108703,0.9786955383645932,
0.4066390562481442,0.11658683990074684,0.35175484743800994,0.11983906323297,0.005180193180128908,
0.003125979200653016,0.001132615901803832,0.8537466501378883,0.0030592319162453326,0.1389355228434095,
0.014289143802730104,0.0051772934032168014,0.9525220075092977,0.013984035712073621,0.01402751957268173,
0.01236871584147166,0.9452653277350843,0.018119089544784913,0.012104613574298524,0.012142253304360523,
0.005276807841418878,0.0019119117845395976,0.9824669520771498,0.005164135116762775,0.005180193180128908,
0.01090333303601143,0.003950534404281972,0.9637719116586628,0.010670520267777298,0.010703700633266455,
0.9340247869858505,0.0016313067995745588,0.0065955472322672985,0.05332844566507849,0.004419913317229217,
0.2961543931098138,0.003193770822924287,0.6833720566524817,0.00862647753673808,0.008653301878041975,
0.03770817337647148,0.013662559490237687,0.8747084921866242,0.03690301185385872,0.03701776309280808,
0.0022207860599643015,8.046431036695321E-4,0.7995736992228816,0.002173366858095623,0.19522750475538903,
0.0049906562670788916,0.0018082323284011933,0.06153903494326219,0.1675685704080351,0.7640935060532226,
0.00473394324059719,0.0017152191516236173,0.0069348138137923345,0.31326524949790635,0.6733507742960805,
0.003765484511530355,0.0013643237404984618,0.251009221803953,0.003685082228120619,0.7401758877158976,
0.007397608358185945,0.08306227763506785,0.8950382993171423,0.007239651367007838,0.007262163322596057,
0.0059603054392110425,0.0021595590650916913,0.00873132743540205,0.07059734459103889,0.9125514634692563,
0.004101080160040312,0.0014859179494423804,0.006007724617697251,0.004013512090565078,0.984391765182255,
0.006847215800961778,0.002480907581736852,0.010030573732974613,0.006701011034029193,0.9739402918502975,
0.11995173595762611,0.0019119117845395976,0.1797424552636991,0.005164135116762775,0.6932297618773724,
0.01090333303601143,0.003950534404281972,0.9637719116586628,0.010670520267777298,0.010703700633266455,
0.04292471669424026,0.0013106959357035567,0.0052992833434692506,0.0035402318055144538,0.9469250722210725,
0.008044218311173613,0.002914609788482762,0.4488239438856728,0.007872454619546608,0.5323447733951241,
0.014289143802730104,0.31570717958903227,0.17619729204475898,0.4797788649907968,0.01402751957268173,
0.003926123909966638,0.0014225271786682129,0.1337344797185499,0.003842291583384425,0.8570745776094308,
0.006373051711819544,0.0023091067625520554,0.009335964712911031,0.006236971505315025,0.9757449053074023,
0.005276807841418878,0.11658683990074684,0.007730063089388252,0.005164135116762775,0.8652421540516833,
0.21048886823923704,0.053153950401283574,0.05837354506345229,0.004632861999946591,0.6733507742960805,
0.0045023481634263035,0.29516470853297166,0.15336224809896584,0.4447063146429413,0.1022643805616949,
0.014289143802730104,0.0051772934032168014,0.9525220075092977,0.013984035712073621,0.01402751957268173,
0.06642278600470647,0.0020282038498848796,0.008200244302341422,0.005478243719108702,0.9178705221239585,
0.006847215800961778,0.002480907581736852,0.9772490175150894,0.006701011034029193,0.006721848068182756,
0.0045023481634263035,0.0016313067995745588,0.9850402196769242,0.004406212042845639,0.004419913317229217,
0.0049906562670788916,0.0018082323284011933,0.9834177369866782,0.004884093576844064,0.00489928084099765,
0.5932261186579466,0.0013106959357035565,0.39837171331754523,0.003540231805514453,0.0035512402832901836,
0.0059603054392110425,0.0021595590650916913,0.2030242460899063,0.7182404067727197,0.07061548263307126,
0.008044218311173613,0.09032258297107924,0.8858638097986553,0.007872454619546608,0.00789693429954517,
0.6746729484110522,0.0020282038498848796,0.19067529302424516,0.005478243719108702,0.12714531099570903,
0.9820698369841364,0.0017152191516236173,0.0069348138137923345,0.004632861999946591,0.004647268050500964,
0.971981006731915,0.002680327770590425,0.01083685080789052,0.007239651367007837,0.007262163322596056,
0.003235891747174209,0.0011724398065731442,0.9892482260523049,0.0031667975616735526,0.0031766448322742002,
0.005597769764071889,0.24532826881242317,0.49480037422741807,0.005478243719108702,0.24879534347697818,
0.005597769764071889,0.0020282038498848796,0.9814005041524946,0.005478243719108702,0.005495278514439874,
0.07072461165737913,0.0021595590650916913,0.6563743896170829,0.26489026324554316,0.005851176414903178,
0.008814692737594065,0.003193770822924287,0.012912755783968994,0.00862647753673808,0.9664523031187745,
0.004733943240597191,0.0017152191516236178,0.006934813813792336,0.004632861999946592,0.9819831617940403,
0.005276807841418878,0.0019119117845395976,0.9824669520771498,0.005164135116762775,0.005180193180128908,
0.9810975172542252,0.0018082323284011933,0.007310875999531842,0.004884093576844064,0.00489928084099765,
0.35261895875306665,0.0023091067625520554,0.009335964712911031,0.006236971505315025,0.6294989982661552,
0.004292356496132597,0.0015552218718266491,0.37941174612708173,0.6105269090544511,0.004213766450507941,
0.003926123909966638,0.0014225271786682126,0.048412445890294115,0.3877914438105353,0.5584474592105357,
0.2007186578907263,0.006128896108766827,0.576189154517482,0.2003574699796035,0.016605821503421443,
0.007397608358185945,0.0026803277705904254,0.01083685080789052,0.971823049740737,0.007262163322596057,
0.9810975172542252,0.0018082323284011933,0.007310875999531842,0.004884093576844064,0.00489928084099765,
0.9458788023601766,0.0051772934032168014,0.02093234895185124,0.013984035712073621,0.01402751957268173,
0.0033538152359378244,0.00121516626442736,0.7702023262953119,0.22193628297989568,0.0032924092244272472,
0.053424581785659155,0.0016313067995745588,0.9361179860546914,0.004406212042845639,0.004419913317229217,
0.008044218311173613,0.002914609788482762,0.011784077972690415,0.969360159628108,0.00789693429954517,
0.005276807841418878,0.0019119117845395976,0.007730063089388252,0.9799010241045244,0.005180193180128908,
0.007397608358185945,0.0026803277705904254,0.01083685080789052,0.971823049740737,0.007262163322596057,
0.0059603054392110425,0.0021595590650916913,0.00873132743540205,0.977297631645392,0.005851176414903177,
0.07072461165737912,0.0021595590650916913,0.9154316144897552,0.005833038372870814,0.005851176414903177,
0.005276807841418878,0.9766488007723012,0.007730063089388252,0.005164135116762775,0.005180193180128908,
0.008044218311173613,0.002914609788482762,0.9732717829812518,0.007872454619546608,0.00789693429954517,
0.9630772352591425,0.0035320723608804117,0.014280544953314824,0.009540240852776627,0.00956990657388543,
0.01236871584147166,0.004481477114120685,0.9589029401657485,0.012104613574298524,0.012142253304360523,
0.3493015921900406,0.5179490883074722,0.007730063089388252,0.005164135116762775,0.11985512129633615,
0.0037654845115303545,0.0013643237404984616,0.6601644143552957,0.044600601483254884,0.29010517590942064,
0.009748392829139254,0.0035320723608804126,0.9676093873833183,0.009540240852776629,0.009569906573885432,
0.27613145098573066,0.7067742985968958,0.007310875999531842,0.004884093576844064,0.00489928084099765,
0.13548891787554718,0.0021595590650916913,0.00873132743540205,0.13536165080920695,0.718258544814752,
0.05342458178565916,0.3440869421552045,0.10444001447673303,0.34686184739847564,0.1511866141839278,
0.07562223312006897,0.0023091067625520554,0.07858514612116044,0.006236971505315025,0.8372465424909035,
0.004292356496132597,0.9810052450819304,0.006287927761327892,0.004200704210101173,0.004213766450507941,
