8.880574617750792E-4,0.9904938839888823,0.0025074503091879344,0.002549699178399007,0.0035609090617556446,
0.001626769340843394,0.884724195928546,0.004593219991104958,0.004670612691550824,0.10438520204795473,
0.0014817609191231634,0.9841386489002975,0.004183785435878691,0.0042542794365134935,0.005941525308187116,
0.0017104642607381905,0.9816905184683127,0.004829534488534201,0.00491090893101419,0.006858573851400652,
0.001906653352310359,0.9795904333444594,0.005383478821526616,0.005474186857413842,0.007645247624289779,
0.002022651744510348,0.9783487409756433,0.005711002902914082,0.005807229501632767,0.008110374875299404,
0.006114908559589676,0.3827580486860604,0.01726558248579017,0.5693420634514595,0.024519396817100286,
0.0014817609191231634,0.9395692013211308,0.04875323301504545,0.0042542794365134935,0.005941525308187116,
0.003522992983313469,0.9622884988334084,0.009947250291235799,0.010114854839578902,0.014126403052463519,
0.0023028576742986466,0.9060823330500707,0.006502170676989844,0.07587870147935515,0.009233937119285739,
0.007493104131082558,0.9197908691504285,0.02115694882255152,0.021513429332029214,0.03004564856390839,
0.023137474699969563,0.05638213460327373,0.06532918261201502,0.7623751807761273,0.09277602730861445,
0.002153678857812647,0.00524815317263544,0.006080960917911384,0.07096328920289646,0.9155539178487441,
0.002673184470314339,0.7301674125459593,0.24876556727504848,0.007674972106023152,0.010718863602654677,
0.5780690823485982,0.007762384343870975,0.008994165046669745,0.10495965094355979,0.3002147173173013,
0.007493104131082558,0.01825943458365398,0.02115694882255152,0.021513429332029214,0.9315770831306828,
0.0026731844703143394,0.8105733360532553,0.0075477967531607,0.0880808956133191,0.0911247871099506,
0.004470429554221975,0.010893684990649735,0.14708708464473544,0.012835037204357476,0.8247137636060354,
0.007493104131082558,0.9197908691504285,0.02115694882255152,0.021513429332029214,0.03004564856390839,
0.003940562851010513,0.009602488947448836,0.6037613794654857,0.3668948051947709,0.015800763541284124,
0.002022651744510348,0.004928862133544717,0.005711002902914082,0.005807229501632767,0.9815302537173981,
0.07609640800712027,0.18543414848504344,0.2148599274242362,0.21848017422999919,0.305129341853601,
0.002153678857812647,0.00524815317263544,0.9777789830162589,0.006183421063006615,0.008635763890286374,
0.4899548586946147,0.32982860197739494,0.0050914839425978235,0.1678944788740472,0.007230576511345363,
0.7611502033862378,0.0043941883474470575,0.2220477596958964,0.005177272059073302,0.007230576511345363,
0.002022651744510348,0.004928862133544717,0.005711002902914082,0.005807229501632767,0.9815302537173981,
0.004470429554221975,0.010893684990649735,0.012622358856746821,0.9540881177202778,0.017925408878103743,
0.0010922965046750055,0.36406523446602046,0.6273265184186112,0.0031360892964866953,0.004379861314206677,
0.20495525037917592,0.342461910709651,0.003188894554959414,0.003242625306267508,0.44615131904994615,
0.0012575650082693437,0.9865385300223305,0.003550763215823903,0.003610591213274196,0.005042550540301966,
8.880574617750794E-4,0.0021640466816073927,0.002507450309187935,0.510070426444297,0.4843700191031327,
0.0029069178876290295,0.007083670009207171,0.9700072870581318,0.00834604343613782,0.011656081608894225,
0.003940562851010513,0.009602488947448836,0.0111262682477672,0.011313738464139887,0.9640169414896336,
0.07609640800712027,0.18543414848504344,0.2148599274242362,0.21848017422999919,0.305129341853601,
0.003522992983313469,0.008584941406411572,0.009947250291235799,0.010114854839578902,0.9678299604794602,
0.006114908559589676,0.01490100375966913,0.20119410494898582,0.01755649606187271,0.7602334866698828,
0.0012117301926222977,0.0029527826916811743,0.7323668151389338,0.03992626838630454,0.2235424035904583,
0.07689619815107321,0.08045126613655122,0.006986074945478333,0.007103785659660283,0.8285626751072369,
0.0031854411442827184,0.007762384343870975,0.9671335670538622,0.009145710742840533,0.012772896715143521,
0.005164930520355606,0.01258606704454352,0.32529212710487226,0.6362466750504964,0.020710200279732267,
0.001626769340843394,0.003964163294969774,0.9832154784728565,0.004670612691550824,0.006522976199779572,
7.83424751362082E-4,0.0019090743633699693,0.9919168567577522,0.002249288509881648,0.00314135561763396,
0.003940562851010512,0.1281295111909925,0.8408154239525728,0.011313738464139885,0.01580076354128412,
0.002022651744510348,0.004928862133544717,0.9791308817450128,0.005807229501632767,0.008110374875299404,
0.001626769340843394,0.003964163294969774,0.9832154784728565,0.004670612691550824,0.006522976199779572,
0.0014817609191231634,0.003610802158628949,0.8955727370192138,0.0042542794365134935,0.09508042046652063,
0.0026731844703143394,0.006514100980295933,0.9724188788407119,0.007674972106023153,0.010718863602654678,
0.001906653352310359,0.00464619356026296,0.8082787351143943,0.12017350918496636,0.06499490878806603,
0.003185441144282718,0.4868320853474672,0.3922499258495467,0.10495965094355977,0.012772896715143518,
0.17395563684363916,0.00464619356026296,0.8082787351143943,0.005474186857413842,0.007645247624289779,
0.001626769340843394,0.003964163294969774,0.689628800928331,0.004670612691550824,0.300109653744305,
9.942942963898384E-4,0.03233001147126785,0.0028074124121688256,0.18229721638635682,0.7815710654338168,
0.0015508829138535863,0.0037792408349094945,0.004378952949827673,0.9840722344672154,0.006218688834193869,
0.2409946073380979,0.009602488947448836,0.0111262682477672,0.722475871925402,0.015800763541284124,
0.002022651744510348,0.004928862133544717,0.005711002902914082,0.9792271083437314,0.008110374875299404,
0.0012575650082693437,0.0030644744289532364,0.1548544640763435,0.835780945946132,0.005042550540301966,
0.0029069178876290295,0.09451999171101824,0.008207748338209944,0.8827092604542487,0.011656081608894225,
9.381779630500253E-4,0.002286181913991732,0.0026489666770221905,0.03091277693245334,0.9632138965134828,
0.003185441144282718,0.7742739059496249,0.20062204544810822,0.009145710742840533,0.012772896715143518,
0.0015508829138535863,0.47026471658443836,0.004378952949827673,0.004452735393204836,0.5193527121586756,
8.649531639427034E-4,0.9647245315743627,0.02845888469899261,0.002483364496538505,0.0034682660661634903,
0.8512594884739773,0.008584941406411572,0.009947250291235799,0.010114854839578902,0.12009346498879649,
0.0010922965046750055,0.36406523446602046,0.003084123861644807,0.6273784838534531,0.004379861314206677,
0.0020226517445103478,0.5524775439822251,0.2490659726134387,0.005807229501632765,0.19062660215819288,
0.0031854411442827184,0.007762384343870975,0.008994165046669745,0.39240147154571753,0.587656537919459,
0.0012117301926222977,0.0029527826916811743,0.7688140885169706,0.07637354176434141,0.15064785683438453,
0.003522992983313469,0.008584941406411572,0.009947250291235799,0.010114854839578902,0.9678299604794602,
0.0010922965046750055,0.0026617428804083182,0.9887300100042233,0.0031360892964866953,0.004379861314206677,
0.0014817609191231634,0.003610802158628949,0.9847116321775473,0.0042542794365134935,0.005941525308187116,
0.0017104642607381905,0.9816905184683127,0.004829534488534201,0.00491090893101419,0.006858573851400652,
0.0024742408498061954,0.9735147537517554,0.006986074945478333,0.007103785659660283,0.009921144793299806,
0.0026731844703143394,0.6497614890386635,0.0075477967531607,0.007674972106023153,0.3323425576318384,
0.0023028576742986466,0.9753493066031802,0.006502170676989844,0.006611727926245635,0.009233937119285739,
0.07045723555327875,0.0011340804780957498,0.0013140430239393013,0.0013361837745068023,0.9257584571701793,
0.0014817609191231636,0.3155969352127963,0.6727254991233801,0.0042542794365134935,0.005941525308187117,
7.481646479048157E-4,0.0018231514212584188,0.0021124597883144056,0.0021480533300819588,0.9931681708124404,
0.0024742408498061954,0.15487322343781826,0.006986074945478333,0.007103785659660283,0.8285626751072369,
0.43710096390774805,9.827539960415414E-4,0.0011387031676228438,0.0011578895582854414,0.5596196893703022,
0.9027735138647222,0.005611676859647046,0.07576914423009935,0.006611727926245634,0.009233937119285737,
0.34863772543984617,0.6290144388376326,0.006502170676989844,0.006611727926245635,0.009233937119285739,
0.0010575508175837346,0.5115331958202632,0.002986018629055679,0.3847534228078568,0.0996698119252406,
0.0018032382496929096,0.9806974292372905,0.0050914839425978235,0.005177272059073302,0.007230576511345363,
0.001906653352310359,0.9222407721806831,0.005383478821526616,0.0628238480211901,0.007645247624289779,
0.0029069178876290295,0.007083670009207171,0.7076983219526984,0.18321868683975995,0.09909240331070529,
0.0024742408498061954,0.006029308835284207,0.006986074945478333,0.8257453159735975,0.15876505939583385,
0.002153678857812647,0.00524815317263544,0.006080960917911384,0.653982102461905,0.33253510458973556,
0.007493104131082558,0.01825943458365398,0.02115694882255152,0.021513429332029214,0.9315770831306828,
0.004470429554221975,0.010893684990649735,0.012622358856746821,0.9540881177202778,0.017925408878103743,
0.013642819406720753,0.033245256456569845,0.03852080885757057,0.039169858854439805,0.8754212564246991,
0.0024742408498061954,0.006029308835284207,0.006986074945478333,0.9745892305761316,0.009921144793299806,
0.005164930520355606,0.01258606704454352,0.014583298027036846,0.9469555041283318,0.020710200279732267,
0.0023028576742986466,0.005611676859647047,0.006502170676989844,0.006611727926245635,0.9789715668628188,
0.0011691189930704054,0.0028489463646880256,0.003301033893451307,0.9879929986750059,0.004687902073784329,
0.003522992983313469,0.008584941406411572,0.009947250291235799,0.9638184122665757,0.014126403052463519,
0.004470429554221975,0.010893684990649735,0.012622358856746821,0.9540881177202778,0.017925408878103743,
0.0016267693408433938,0.3954130666876703,0.05352433291519253,0.004670612691550823,0.5447652183647428,
0.0012117301926222977,0.0029527826916811743,0.11276316771230674,0.003478995008267653,0.8795933243951222,
0.10666587019560744,0.0028489463646880256,0.003301033893451307,0.8824962474724689,0.004687902073784329,
0.0023028576742986466,0.005611676859647047,0.9762398004205229,0.006611727926245635,0.009233937119285739,
0.0014817609191231634,0.003610802158628949,0.9847116321775473,0.0042542794365134935,0.005941525308187116,
0.0013070036298270865,0.23906279720866747,0.003690354280869404,0.0037525342948795185,0.7521873105857565,
0.002022651744510348,0.004928862133544717,0.005711002902914082,0.9183883659161004,0.06894911730293057,
0.0014817609191231634,0.7167219634252969,0.27160047091087924,0.0042542794365134935,0.005941525308187116,
0.0014185374869590587,0.0034567372873073533,0.0040052726466151085,0.2174116023196586,0.7737078502594599,
0.003940562851010513,0.720764622408711,0.0111262682477672,0.24836778295122725,0.015800763541284124,
0.002022651744510348,0.004928862133544717,0.005711002902914082,0.9792271083437314,0.008110374875299404,
0.001906653352310359,0.5781428051980256,0.005383478821526616,0.005474186857413842,0.4090928757707236,
0.0011294028814723659,0.002752164880145019,0.003188894554959414,0.003242625306267508,0.9896869123771557,
0.005164930520355606,0.01258606704454352,0.014583298027036846,0.01482901689482566,0.9528366875132384,
0.004470429554221975,0.9521467655065701,0.012622358856746821,0.012835037204357476,0.017925408878103743,
0.001906653352310359,0.00464619356026296,0.005383478821526616,0.12017350918496636,0.8678901650809338,
0.003940562851010513,0.009602488947448836,0.0111262682477672,0.011313738464139887,0.9640169414896336,
0.001626769340843394,0.6889997442321958,0.15138655876336768,0.004670612691550824,0.15331631497204232,
0.0031854411442827184,0.39101814514674804,0.008994165046669745,0.009145710742840533,0.587656537919459,
0.013642819406720753,0.033245256456569845,0.03852080885757057,0.039169858854439805,0.8754212564246991,
0.024935413774028446,0.0019551462126104987,0.0022654002877962073,0.43669905700741113,0.5341449827181538,
0.0018032382496929096,0.0043941883474470575,0.0050914839425978235,0.6560460993189691,0.3326649901412932,
0.0017104642607381905,0.004168113739013904,0.004829534488534201,0.8280876708083185,0.16120421670339521,
0.001360488479210682,0.044237011415143246,0.0038413699616066635,0.6177320414456479,0.33282908869839156,
0.0026731844703143394,0.006514100980295933,0.0075477967531607,0.007674972106023153,0.9755899456902059,
0.002153678857812647,0.00524815317263544,0.006080960917911384,0.9778814431613543,0.008635763890286374,
0.0014817609191231634,0.003610802158628949,0.004183785435878691,0.9847821261781821,0.005941525308187116,
0.07689619815107321,0.006029308835284207,0.006986074945478333,0.9001672732748646,0.009921144793299806,
0.001906653352310359,0.00464619356026296,0.06273313998530289,0.7510197819865053,0.17969423111561858,
0.003940562851010513,0.009602488947448836,0.0111262682477672,0.24836778295122725,0.7269628970025462,
0.0013070036298270865,0.0031849480351446944,0.003690354280869404,0.0037525342948795185,0.9880651597592793,
0.26521588299306226,0.007083670009207171,0.008207748338209944,0.00834604343613782,0.7111466552233828,
0.005164930520355606,0.01258606704454352,0.014583298027036846,0.01482901689482566,0.9528366875132384,
0.0014185374869590587,0.0034567372873073533,0.0040052726466151085,0.9854314388984993,0.005688013680619176,
0.0023028576742986466,0.005611676859647047,0.006502170676989844,0.07587870147935515,0.9097045933097093,
0.001906653352310359,0.00464619356026296,0.005383478821526616,0.9804184266416103,0.007645247624289779,
0.0017104642607381905,0.004168113739013904,0.004829534488534201,0.10780800416567722,0.8814838833460364,
0.001626769340843394,0.003964163294969774,0.4939043492319807,0.2003950643879011,0.300109653744305,
0.005164930520355606,0.01258606704454352,0.014583298027036846,0.01482901689482566,0.9528366875132384,
0.002022651744510348,0.004928862133544717,0.005711002902914082,0.9792271083437314,0.008110374875299404,
0.0024742408498061954,0.006029308835284207,0.006986074945478333,0.007103785659660283,0.977406589709771,
0.001626769340843394,0.1507575020672325,0.004593219991104958,0.004670612691550824,0.8383518959092683,
0.1102813761263422,0.0043941883474470575,0.0050914839425978235,0.005177272059073302,0.8750556795245397,
0.0013070036298270865,0.5928795709689516,0.003690354280869404,0.0037525342948795185,0.3983705368254724,
0.002153678857812647,0.00524815317263544,0.6538796423168097,0.07096328920289646,0.2677552364498457,
0.0029069178876290295,0.007083670009207171,0.008207748338209944,0.00834604343613782,0.973455620328816,
0.002022651744510348,0.6133162864098565,0.005711002902914082,0.005807229501632767,0.3731428294410864,
0.0017104642607381905,0.9816905184683127,0.004829534488534201,0.00491090893101419,0.006858573851400652,
0.002673184470314339,0.7301674125459593,0.24876556727504848,0.007674972106023152,0.010718863602654677,
0.0011691189930704054,0.0028489463646880256,0.10879778509598835,0.03852223785217264,0.8486619116940806,
0.002022651744510348,0.004928862133544717,0.3099047150410699,0.005807229501632767,0.6773365415792423,
0.06286139417214151,0.004928862133544717,0.005711002902914082,0.005807229501632767,0.9206915112897669,
0.06693354699770249,0.00524815317263544,0.006080960917911384,0.9131015750214644,0.008635763890286374,
0.0031854411442827184,0.007762384343870975,0.008994165046669745,0.9672851127500331,0.012772896715143521,
0.0017104642607381905,0.004168113739013904,0.004829534488534201,0.9824333136603131,0.006858573851400652,
0.001906653352310359,0.00464619356026296,0.005383478821526616,0.005474186857413842,0.9825894874084863,
0.0018032382496929096,0.6010239466690181,0.38476496651087033,0.005177272059073302,0.007230576511345363,
0.0023028576742986466,0.005611676859647047,0.4221040119956469,0.5607475163511217,0.009233937119285739,
0.5613334538132881,0.0037792408349094945,0.004378952949827673,0.19104692569301637,0.23946142670895829,
0.0014185374869590587,0.0034567372873073533,0.0040052726466151085,0.430750445813781,0.5603690067653375,
0.006114908559589676,0.01490100375966913,0.01726558248579017,0.20148501852506834,0.7602334866698828,
0.0026731844703143394,0.006514100980295933,0.731201108318824,0.007674972106023153,0.2519366341245425,
0.00180323824969291,0.4383067398540443,0.5474821733258444,0.005177272059073303,0.0072305765113453635,
0.005164930520355606,0.9447125542780497,0.014583298027036846,0.01482901689482566,0.020710200279732267,
0.0012117301926222977,0.0029527826916811743,0.25855226122445424,0.003478995008267653,0.7338042308829746,
0.001626769340843394,0.003964163294969774,0.10245544583928011,0.004670612691550824,0.8872830088333559,
0.0029069178876290295,0.007083670009207171,0.9700072870581318,0.00834604343613782,0.011656081608894225,
0.001906653352310359,0.00464619356026296,0.8656283962781706,0.12017350918496636,0.007645247624289779,
0.0026731844703143394,0.08692002448759187,0.892012955333416,0.007674972106023153,0.010718863602654678,
0.002153678857812647,0.00524815317263544,0.9777789830162589,0.006183421063006615,0.008635763890286374,
0.13171341513759233,0.00524815317263544,0.006080960917911384,0.006183421063006615,0.8507740497088543,
0.7474522484814018,0.00464619356026296,0.005383478821526616,0.005474186857413842,0.23704389227939482,
0.0029069178876290295,0.007083670009207171,0.008207748338209944,0.00834604343613782,0.973455620328816,
0.003522992983313469,0.008584941406411572,0.9636508077182325,0.010114854839578902,0.014126403052463519,
0.004470429554221975,0.010893684990649735,0.5504812620087013,0.012835037204357476,0.4213195862420696,
0.001906653352310359,0.23404483821536803,0.005383478821526616,0.5789707984951765,0.17969423111561858,
0.04228221827629728,0.0033152816180566477,0.0038413699616066635,0.8632624202281675,0.08729870991587195,
0.003522992983313469,0.008584941406411572,0.009947250291235799,0.010114854839578902,0.9678299604794602,
0.7069111344479132,0.0043941883474470575,0.2220477596958964,0.05941634099739795,0.007230576511345363,
0.002153678857812647,0.00524815317263544,0.006080960917911384,0.7835418387416847,0.20297536830995588,
0.9313179148985073,0.003964163294969774,0.053524332915192534,0.004670612691550824,0.006522976199779572,
0.0023028576742986466,0.005611676859647047,0.14503611778320888,0.7685484370104503,0.07850091067239524,
0.8878732868379584,0.0037792408349094945,0.004378952949827673,0.004452735393204836,0.09951578398409965,
