0.9642396241372165,0.0023458769833604137,0.0031519077716525776,0.02778357976047039,0.002479011347299972,
0.9834472888093583,0.0042995915247298995,0.005776908183102988,0.0019326074259192368,0.004543604056889556,
0.9403061413639711,0.003915910994883232,0.005261397074705838,0.04637840186546808,0.004138148700971678,
0.9310810058989781,0.004521078933798305,0.006074497481654304,0.002032162978824952,0.056291254706744266,
0.9805953975842812,0.005040374542059741,0.00677222028428807,0.002265579233136772,0.005326428356234177,
0.6747644822404673,0.06627720282160447,0.007184849767764452,0.002403620340705723,0.24936984482945815,
0.9375724689966377,0.016215644683248084,0.021787253492837572,0.007288709904339512,0.017135922922937193,
0.9849243949399047,0.003915910994883232,0.005261397074705838,0.001760148289534443,0.004138148700971678,
0.9641025144995204,0.009324425626675428,0.012528248415146919,0.0041912014443457185,0.009853610014311506,
0.005167243213146314,0.8387086899380453,0.14695174655703977,0.0027371703897930196,0.0064351499019756194,
0.6967876094160823,0.246527203983235,0.026725040419315723,0.008940597623384547,0.021019548557982597,
0.05272915897821253,0.06214086986916005,0.7915309832758284,0.027931468808485002,0.06566751906831392,
0.0048319768469887205,0.13546049231670265,0.8511303384234893,0.002559574497305254,0.006017617915514105,
0.005999840171022299,0.0070707611220825585,0.09006514577691987,0.0031782101562069258,0.8936860427737684,
0.0071522868483172505,0.00842890982751748,0.011325038175639679,0.0037886793736963743,0.9693050857748292,
0.01687810249708251,0.019890701676901722,0.9332710496446488,0.008940597623384547,0.021019548557982597,
0.005999840171022299,0.0070707611220825585,0.17063005471692505,0.8088272995562586,0.007472044433711518,
0.010047030764197181,0.956209969171088,0.015908619070993998,0.0053220709726096195,0.012512310021111212,
0.01687810249708251,0.246527203983235,0.026725040419315723,0.6888501045423844,0.021019548557982597,
0.008852711875513779,0.010432846404259451,0.014017516645283914,0.955671988642109,0.011024936432833976,
0.004537565852241761,0.005347483149947597,0.8602009251709605,0.0024036203407057227,0.1275104054861444,
0.18060333600710946,0.21283951077981747,0.28597002865029253,0.09566844122196766,0.22491868334081286,
0.0048319768469887205,0.00569444402827642,0.007651024548718856,0.9758049366605019,0.006017617915514105,
0.3842242516639648,0.33063482658488136,0.00640441174339108,0.05645389947374788,0.22228261053401493,
0.004044683044159124,0.4392575604762544,0.33227261341751024,0.0021425325280613537,0.22228261053401493,
0.004537565852241761,0.005347483149947597,0.9820603645142741,0.0024036203407057227,0.0056509661428306894,
0.8195067119180618,0.011840341158245967,0.15081856592997145,0.0053220709726096195,0.012512310021111212,
0.6271949040489784,0.3645809707242693,0.003877381239772087,0.0012971394973908799,0.0030496044895892776,
0.20652792913603743,0.036983264009367314,0.6499963128471825,0.0013412413598364527,0.10515125264757624,
0.4950135520083699,0.0033228686167216404,0.004464588506351482,0.0014935838735131105,0.49570540699504395,
0.0019905759391425928,0.029075017211084696,0.5911929927815868,0.027783579760470398,0.3499578343077156,
0.006525572309955264,0.8839339050951045,0.09795704629141999,0.003456698778532417,0.008126777524987843,
0.008852711875513779,0.010432846404259451,0.9650000839043666,0.004689421383026202,0.011024936432833976,
0.18060333600710946,0.21283951077981747,0.28597002865029253,0.09566844122196766,0.22491868334081286,
0.007912169917877165,0.2218111688670406,0.012528248415146919,0.0041912014443457185,0.7535572113555896,
0.013759661044937229,0.2009782062735882,0.760837499854198,0.007288709904339512,0.017135922922937193,
0.002716736155859588,0.5868801348358916,0.4055806785947719,0.001439098075310282,0.0033833523381664784,
0.005552503252125709,0.1556598568123886,0.8289314485102377,0.0029412487208423546,0.006914942704405718,
0.0071522868483172505,0.9688267241401186,0.011325038175639679,0.0037886793736963743,0.008907271462228153,
0.011613855375770187,0.9493809567340228,0.01838955264048176,0.006152042730448598,0.014463592519276742,
0.00364838544304598,0.9351085497227265,0.005776908183102988,0.05092255259423485,0.004543604056889556,
0.0017559065739351188,0.992346872940878,0.0027803287821643358,9.301314614319517E-4,0.002186760241590543,
0.008852711875513779,0.9614154136633422,0.014017516645283914,0.004689421383026202,0.011024936432833976,
0.004537565852241761,0.9192932782248004,0.00718484976776445,0.0024036203407057227,0.06658068581448755,
0.00364838544304598,0.9840984948910422,0.005776908183102988,0.0019326074259192368,0.004543604056889556,
0.003322816269364839,0.9855174896654232,0.005261397074705838,0.001760148289534443,0.004138148700971678,
0.005999840171022299,0.9738496684021446,0.009500236836914693,0.0031782101562069258,0.007472044433711518,
0.004276971196212766,0.17733186155171887,0.00677222028428807,0.002265579233136772,0.8093533677346434,
0.0071522868483172505,0.9688267241401186,0.011325038175639679,0.0037886793736963743,0.008907271462228153,
0.004276971196212766,0.9813588009301282,0.00677222028428807,0.002265579233136772,0.005326428356234177,
0.00364838544304598,0.8861186045544109,0.10375679851973423,0.0019326074259192368,0.004543604056889556,
0.002228880138201726,0.002626716475397956,0.9911879411731382,0.0011806730329940807,0.0027757891802678934,
0.19028606235523096,0.004098791932691031,0.005507114924896687,0.0018423507630563039,0.798265680024125,
0.008852711875513779,0.010432846404259451,0.014017516645283914,0.004689421383026202,0.9620075036919167,
0.004537565852241761,0.005347483149947597,0.00718484976776445,0.0024036203407057227,0.9805264808893405,
0.0028195947035138734,0.00332286861672164,0.004464588506351481,0.0014935838735131103,0.9878993642998999,
0.006525572309955264,0.0076903320210792115,0.010332688984017454,0.003456698778532417,0.9719947079064157,
0.0021029986296857575,0.0024783661775512464,0.9634468895391938,0.0011139916085827484,0.030857754044986384,
0.0071522868483172505,0.2965482541212978,0.011325038175639679,0.0037886793736963743,0.6811857414810489,
0.42379614218948014,0.004098791932691031,0.5659313065270948,0.0018423507630563039,0.004331408587677656,
0.9912038771656406,0.0022848060812222667,0.003069853234080312,0.0010269889997592209,0.0024144745192974043,
0.007912169917877165,0.9655147702083187,0.012528248415146919,0.0041912014443457185,0.009853610014311506,
0.42990664363796427,0.0028858266374100633,0.003877381239772087,0.0012971394973908799,0.5620330089874627,
0.004537565852241761,0.005347483149947597,0.00718484976776445,0.0024036203407057227,0.9805264808893405,
0.0071522868483172505,0.00842890982751748,0.8756830710569807,0.09982846080495648,0.008907271462228153,
0.002716736155859588,0.9516791874305778,0.04078162600008588,0.001439098075310282,0.0033833523381664784,
0.007912169917877165,0.009324425626675428,0.9687185929967903,0.0041912014443457185,0.009853610014311506,
0.002448746080766966,0.9893271286924807,0.003877381239772087,0.0012971394973908799,0.0030496044895892776,
0.003322816269364839,0.9855174896654232,0.005261397074705838,0.001760148289534443,0.004138148700971678,
0.9310810058989781,0.004521078933798305,0.057588090760104085,0.002032162978824952,0.004777661428294479,
0.9748083133889488,0.006543578329800398,0.008791916856002736,0.0029412487208423546,0.006914942704405718,
0.9727787474510843,0.0070707611220825585,0.009500236836914693,0.0031782101562069258,0.007472044433711518,
0.9765562367534267,0.006089552617804913,0.008181890336999712,0.0027371703897930196,0.0064351499019756194,
0.0010428465878932808,0.0012289859229226551,0.9958770212348333,5.524123180840387E-4,0.0012987339362667293,
0.0033228162693648396,0.8070444753616888,0.005261397074705839,0.0017601482895344433,0.18261116300470623,
0.0016768336809633157,0.0019761343738484622,0.9933705017213561,8.882453004076276E-4,0.0020882849234243996,
0.005552503252125709,0.006543578329800398,0.08335005609729683,0.0029412487208423546,0.9016126135999347,
9.03652496190813E-4,0.4500267729684643,0.3411857523391131,0.20675843695067417,0.0011253852455575667,
0.35209188376324646,0.006089552617804913,0.63264624332718,0.0027371703897930196,0.0064351499019756194,
0.9765562367534267,0.006089552617804913,0.008181890336999712,0.0027371703897930196,0.0064351499019756194,
0.0023707912020906005,0.002793957469280608,0.003753946316689422,0.9562941725937595,0.03478713241817992,
0.7100924533380838,0.004766624910762238,0.22364987952613716,0.0021425325280613533,0.059348509696955355,
0.9805953975842812,0.005040374542059741,0.00677222028428807,0.002265579233136772,0.005326428356234177,
0.006525572309955264,0.9715582624025071,0.010332688984017454,0.003456698778532417,0.008126777524987843,
0.005552503252125709,0.006543578329800398,0.9780477269928258,0.0029412487208423546,0.006914942704405718,
0.0048319768469887205,0.00569444402827642,0.46183219355821065,0.002559574497305254,0.525081811069219,
0.01687810249708251,0.019890701676901722,0.9332710496446488,0.008940597623384547,0.021019548557982597,
0.010047030764197181,0.011840341158245967,0.9602782470838361,0.0053220709726096195,0.012512310021111212,
0.030871170875923303,0.03638141493783378,0.8779483162193652,0.01635294708111221,0.038446150885765404,
0.005552503252125709,0.006543578329800398,0.008791916856002736,0.0029412487208423546,0.9761707528412288,
0.011613855375770187,0.01368683077010922,0.01838955264048176,0.006152042730448598,0.9501577184831903,
0.1439370994331864,0.006089552617804913,0.008181890336999712,0.0027371703897930196,0.839054287222216,
0.0026211180188577704,0.0030889655150550008,0.004150317549610756,0.0013884476370528607,0.9887511512794236,
0.007912169917877165,0.009324425626675428,0.012528248415146919,0.0041912014443457185,0.9660439545959548,
0.010047030764197181,0.011840341158245967,0.15081856592997145,0.0053220709726096195,0.8219719911749759,
0.00364838544304598,0.0042995915247298995,0.9855758115494153,0.0019326074259192368,0.004543604056889556,
0.002716736155859588,0.0032016506843939732,0.9892591627462697,0.001439098075310282,0.0033833523381664784,
0.0026211180188577704,0.0030889655150550008,0.03934627752370824,0.0013884476370528607,0.9535551913053262,
0.005167243213146314,0.006089552617804913,0.008181890336999712,0.9741261639300736,0.0064351499019756194,
0.003322816269364839,0.9855174896654232,0.005261397074705838,0.001760148289534443,0.004138148700971678,
0.35708903157303656,0.0034536266288370827,0.6342553554460824,0.0015523578067482254,0.0036496285452957615,
0.4919753232254967,0.005347483149947599,0.007184849767764452,0.002403620340705723,0.4930887235160856,
0.7172148734843029,0.271625432450485,0.005261397074705838,0.001760148289534443,0.004138148700971678,
0.003180890490846954,0.21731113552483042,0.7738616079838099,0.0016849679617497678,0.0039613980387629465,
0.48434399550505514,0.1293056673116448,0.13289033755266927,0.004689421383026202,0.24877057824760468,
0.004537565852241761,0.005347483149947597,0.0681145694394213,0.0024036203407057227,0.9195967612176835,
0.004276971196212767,0.005040374542059742,0.29392469863372,0.0022655792331367722,0.6944923763948708,
0.002532001785365696,0.0029839427842553528,0.4460003854965108,0.5453303809616278,0.003153288972240367,
0.011613855375770187,0.01368683077010922,0.9540836786043954,0.006152042730448598,0.014463592519276742,
0.01004703076419718,0.011840341158245966,0.015908619070993998,0.9496916989854517,0.012512310021111212,
0.004276971196212766,0.11990136588183249,0.8682296553325838,0.002265579233136772,0.005326428356234177,
0.008852711875513779,0.010432846404259451,0.9650000839043666,0.004689421383026202,0.011024936432833976,
0.7384975629677801,0.0042995915247298995,0.25072663402468104,0.0019326074259192368,0.004543604056889556,
0.2952716311420976,0.00842890982751748,0.6836035081944605,0.0037886793736963743,0.008907271462228153,
0.030871170875923303,0.03638141493783378,0.46341509540086406,0.43088616789961337,0.038446150885765404,
0.0017983071257914147,0.0021192898057555117,0.7272690128883009,9.525917038212913E-4,0.2678607984763309,
0.004044683044159124,0.004766624910762239,0.22364987952613719,0.0021425325280613537,0.7653962799908802,
0.0038363268868820675,0.004521078933798305,0.006074497481654304,0.002032162978824952,0.9835359337188404,
0.0849763323332377,0.0035950970878882364,0.4144590544568476,0.0016159468379708226,0.4953535692840557,
0.005999840171022299,0.0070707611220825585,0.9762791441169768,0.0031782101562069258,0.007472044433711518,
0.06971500099120184,0.00569444402827642,0.007651024548718856,0.06744259864151837,0.8494969317902845,
0.0033228162693648396,0.003915910994883232,0.005261397074705839,0.4033244304729372,0.5841754451881089,
0.15466878173471388,0.006543578329800398,0.008791916856002736,0.0029412487208423546,0.8270544743586407,
0.004276971196212766,0.005040374542059741,0.17906370729394722,0.002265579233136772,0.8093533677346434,
0.24659835369028446,0.010432846404259451,0.727254442089596,0.004689421383026202,0.011024936432833976,
0.0029305484127720056,0.0034536266288370827,0.0046402742722786135,0.9853259221408165,0.0036496285452957615,
0.0941499296173578,0.09531468932848175,0.010332688984017454,0.7920759145451552,0.008126777524987843,
0.011613855375770187,0.01368683077010922,0.01838955264048176,0.006152042730448598,0.9501577184831903,
0.003180890490846954,0.00374865265993419,0.04774916624316263,0.0016849679617497678,0.9436363226443065,
0.005167243213146314,0.006089552617804913,0.008181890336999712,0.9741261639300736,0.0064351499019756194,
0.004276971196212767,0.005040374542059742,0.12163321162406085,0.5191400402621142,0.3499094023755525,
0.05534992016533185,0.004521078933798305,0.006074497481654304,0.929276841990921,0.004777661428294479,
0.00364838544304598,0.5431889883762017,0.4466864146979435,0.0019326074259192368,0.004543604056889556,
0.011613855375770187,0.16963585176409482,0.7981346576104098,0.006152042730448598,0.014463592519276742,
0.004537565852241761,0.06627720282160446,0.00718484976776445,0.0024036203407057227,0.9195967612176835,
0.005552503252125709,0.006543578329800398,0.9780477269928258,0.0029412487208423546,0.006914942704405718,
0.00364838544304598,0.0042995915247298995,0.9855758115494153,0.0019326074259192368,0.004543604056889556,
0.004044683044159123,0.004766624910762238,0.9840090167657484,0.0021425325280613533,0.005037142751268833,
0.3964399741463993,0.04280456920219981,0.5162025277259941,0.04090330038011095,0.0036496285452957615,
0.0048319768469887205,0.6545246854704075,0.3320661452697844,0.002559574497305254,0.006017617915514105,
0.006525572309955264,0.0076903320210792115,0.4484544755210301,0.5292028426229477,0.008126777524987843,
0.004537565852241761,0.249066361836575,0.6774117661559899,0.06333334001236259,0.0056509661428306894,
0.9310810058989781,0.004521078933798305,0.057588090760104085,0.002032162978824952,0.004777661428294479,
0.9727787474510843,0.0070707611220825585,0.009500236836914693,0.0031782101562069258,0.007472044433711518,
0.0026211180188577704,0.0030889655150550008,0.9896371968243403,0.0013884476370528607,0.003264272004694102,
0.004537565852241761,0.005347483149947597,0.5555523268126762,0.42891165804230375,0.0056509661428306894,
0.004537565852241761,0.005347483149947597,0.2509037284543919,0.7335602564005881,0.0056509661428306894,
0.39413012171226736,0.00569444402827642,0.5915982418466369,0.002559574497305254,0.006017617915514105,
0.0071522868483172505,0.00842890982751748,0.1073648196068998,0.0037886793736963743,0.8732653043435691,
0.0038363268868820675,0.004521078933798305,0.006074497481654304,0.3626273159279734,0.6229407807696918,
0.004276971196212766,0.005040374542059741,0.9830906466723565,0.002265579233136772,0.005326428356234177,
0.8187151872294569,0.1677007257478218,0.006404411743391079,0.0021425325280613533,0.005037142751268833,
0.005167243213146314,0.006089552617804913,0.28572160277707986,0.0027371703897930196,0.700284431002176,
0.003477998487831625,0.42441693563433963,0.23901719475914593,0.0018423507630563043,0.3312455203556266,
0.0031808904908469542,0.0037486526599341905,0.0050366696701833824,0.5569474234104801,0.43108636376855547,
0.013759661044937229,0.016215644683248084,0.9456000614445381,0.007288709904339512,0.017135922922937193,
0.005999840171022299,0.40989530582210837,0.009500236836914693,0.5671325727362432,0.007472044433711518,
0.32991288471827823,0.6565030282590004,0.006404411743391079,0.0021425325280613533,0.005037142751268833,
0.7913589603456981,0.16963585176409482,0.01838955264048176,0.006152042730448598,0.014463592519276742,
0.002716736155859588,0.14912127172226838,0.8433395417083952,0.001439098075310282,0.0033833523381664784,
0.00364838544304598,0.15126942702967675,0.005776908183102988,0.8347616752872847,0.004543604056889556,
0.006525572309955264,0.8839339050951045,0.010332688984017454,0.003456698778532417,0.09575113483239038,
0.004276971196212766,0.9813588009301282,0.00677222028428807,0.002265579233136772,0.005326428356234177,
0.005999840171022299,0.9738496684021446,0.009500236836914693,0.0031782101562069258,0.007472044433711518,
0.0048319768469887205,0.978939806191473,0.007651024548718856,0.002559574497305254,0.006017617915514105,
0.0048319768469887205,0.00569444402827642,0.9808963867119156,0.002559574497305254,0.006017617915514105,
0.004276971196212766,0.11990136588183249,0.00677222028428807,0.002265579233136772,0.8667838634045298,
0.006525572309955264,0.0076903320210792115,0.8865762620580427,0.003456698778532417,0.09575113483239038,
0.22039891315824237,0.009324425626675428,0.012528248415146919,0.3229213163048935,0.43482709649504186,
0.010047030764197181,0.011840341158245967,0.5555484065069037,0.0053220709726096195,0.41724215059804354,
0.4062904408854175,0.005040374542059742,0.006772220284288071,0.0022655792331367722,0.579631385055098,
0.0030505920867941994,0.04455796721110999,0.6192734050729564,0.0016159468379708226,0.3315020887911687,
0.007912169917877165,0.009324425626675428,0.9687185929967903,0.0041912014443457185,0.009853610014311506,
0.004044683044159123,0.9823712299331195,0.006404411743391079,0.0021425325280613533,0.005037142751268833,
0.0048319768469887205,0.00569444402827642,0.007651024548718856,0.002559574497305254,0.9792629800787108,
0.00364838544304598,0.0042995915247298995,0.005776908183102988,0.34486222360412855,0.6414128912449926,
0.07455217132316636,0.006089552617804913,0.008181890336999712,0.0027371703897930196,0.908439215332236,
0.003477998487831624,0.004098791932691031,0.005507114924896687,0.982584686066903,0.004331408587677656,
