0.006879168144903435,0.009280095918998013,0.48394197645446535,0.48341682244443496,0.016481937037198396,
0.001312306740565127,0.0017703205054835844,0.9914689878851978,0.00230420280838185,0.0031441820603716458,
0.002049390082424725,0.0027646564438804917,0.0037548543624705147,0.9865209242773371,0.004910174833887171,
0.0023841691625714058,0.0032162781966845492,0.9845010504168593,0.004186223472180512,0.005712278751704148,
0.0019149442384108813,0.0025832870832139016,0.003508525189590879,0.003362338815802201,0.9886309046729822,
0.0010714567523101954,0.9925170070185627,0.0019631031179044457,0.001881308372057641,0.0025671247391650448,
0.9940941074526051,0.001086482967307157,0.0014756210734875443,0.0014141377771842176,0.0019296507294160087,
0.001156347345647509,0.3977056118130593,0.5963371622156634,0.0020303628099620024,0.0027705158156678938,
0.0016928346591060716,0.0022836580936239303,0.0031015801526497293,0.0029723495697039446,0.9899495775249163,
9.9817781313011E-4,0.001346556103142486,0.0018288428095243003,0.0017526421599331167,0.99407378111427,
0.002596222756924386,0.0035023415191840716,0.2715837836913547,0.7160973098177776,0.00622034221475917,
0.5450520080983329,0.4493573099131787,0.0017117715397060257,0.0016404487870899996,0.002238461661692431,
0.0046754503124621155,0.006307249139752888,0.9696059449937797,0.008209350304628991,0.011202005249376248,
0.01301241502166836,0.01755393341102699,0.023841104594680276,0.02284774002139662,0.9227448069512277,
0.6626667816745316,0.061347141428044226,0.0016087868961806176,0.00154175510651323,0.2728355348947303,
0.1559765757556584,0.06324977726874823,0.40484398724819304,0.001589571491351326,0.37434008823604903,
0.0028496799741194972,0.003844258919280702,0.0052211306057496154,0.981257325052014,0.0068276054488361415,
0.0022041399997581243,0.002973416288975268,0.079548614695209,0.003870120773228925,0.9114037082428287,
0.0022041399997581243,0.002973416288975268,0.004038384280554135,0.003870120773228925,0.9869139386574836,
0.001516893936018174,0.002046311549402125,0.002779224834700115,0.6262590808042803,0.3673984888755992,
0.01301241502166836,0.01755393341102699,0.023841104594680276,0.9144158406367099,0.03117670633591455,
0.0022041399997581243,0.002973416288975268,0.004038384280554135,0.9855031161637422,0.005280943266970231,
0.0023841691625714058,0.0032162781966845492,0.9845010504168593,0.004186223472180512,0.005712278751704148,
0.0019149442384108813,0.0025832870832139016,0.003508525189590879,0.003362338815802201,0.9886309046729822,
9.9817781313011E-4,0.9930287829594856,0.0018288428095243003,0.0017526421599331167,0.002391554257926893,
0.004029958626407431,0.0054364716510617314,0.8357423523095721,0.0070759691294672794,0.14771524828349145,
0.0019149442384108813,0.0025832870832139016,0.003508525189590879,0.98740519015117,0.0045880533376142715,
0.0023841691625714058,0.0032162781966845492,0.9845010504168593,0.004186223472180512,0.005712278751704148,
0.0019149442384108813,0.0025832870832139016,0.003508525189590879,0.003362338815802201,0.9886309046729822,
9.9817781313011E-4,0.9930287829594856,0.0018288428095243003,0.0017526421599331167,0.002391554257926893,
