0.0020501365601169738,0.9685758995746171,0.006424768099027056,0.00512316589806258,0.017826029868176302,
0.0016529007687949332,0.9746646536810012,0.00517990085967984,0.004130497946482386,0.014372046744041723,
0.003538203373259323,0.012546940889794729,0.011088108276596656,0.008841753868951,0.9639849935913983,
0.003538203373259323,0.8420759681421874,0.011088108276596656,0.008841753868951,0.13445596633900572,
0.002181185721129994,0.9026450412899166,0.006835453165309992,0.005450649737789485,0.08288767008585396,
0.08254018553351544,0.6135768022097956,0.004339145256734999,0.003460072124534923,0.29608379487541897,
0.0012343544567417098,0.9810800513664527,0.0038682501892037496,0.003084576306731428,0.01073276768087039,
0.0016529007687949332,0.9746646536810012,0.00517990085967984,0.004130497946482386,0.014372046744041723,
0.003538203373259323,0.012546940889794729,0.011088108276596656,0.008841753868951,0.9639849935913983,
0.0032057912600671114,0.5750646127285869,0.010046387065378592,0.008011076325055051,0.4036721326209124,
0.002181185721129994,0.966567203141195,0.006835453165309992,0.005450649737789485,0.01896550823457559,
0.005135820415919614,0.018212303924119714,0.016094759643059845,0.01283410116441789,0.947723014852483,
9.573140492090818E-4,0.6767193646726772,0.0030000541835896034,0.002392269269303864,0.3169309978252201,
0.0032057912600671114,0.8569128374839662,0.010046387065378592,0.008011076325055051,0.12182390786553313,
0.0029304748792635554,0.010391854625156204,0.7821120930069427,0.007323077524999356,0.1972424999636381,
0.0019339421897957183,0.06353442200964225,0.006060635339166442,0.9116552858844809,0.016815714576914702,
0.8896167682384041,0.005117699861298131,0.004522664981657193,0.04590039285840834,0.05484247406023232,
0.0026987073440336517,0.5631910830162531,0.40390092292250007,0.006743904627024154,0.023465382090189047,
0.0029304748792635554,0.9550822424752108,0.009183593856898204,0.007323077524999356,0.02548061126362818,
0.0012343544567417096,0.36611898765573225,0.04004243040748142,0.0030845763067314275,0.5895196511733132,
0.0015069107645990533,0.22615249148292263,0.004722393813573117,0.7545155468666921,0.013102657072213008,
0.002181185721129994,0.2634234227771329,0.13467977686786672,0.005450649737789485,0.5942649648960809,
0.001737043434801632,0.006159787609773641,0.20906782992179687,0.055246825502824365,0.7277885135308034,
0.003538203373259323,0.9457670965487365,0.011088108276596656,0.008841753868951,0.030764837932456636,
0.0029304748792635554,0.010391854625156204,0.524469259956928,0.007323077524999356,0.45488533301365297,
0.0018302123340180672,0.006490176948066259,0.005735564179868202,0.004573588705388431,0.981370457832659,
0.002181185721129994,0.0077347753720194415,0.006835453165309992,0.005450649737789485,0.9777979360037511,
0.0029304748792635554,0.010391854625156204,0.524469259956928,0.007323077524999356,0.45488533301365297,
0.5612114570626947,0.0019953000883880237,0.0017633065795619,0.0014060759854676982,0.4336238602838877,
0.0011912615468585444,0.03913566508932963,0.0037332045741468624,0.24735593950110094,0.708583929288564,
0.0013306228373860258,0.004718565985627355,0.23814255489574962,0.003325145103158592,0.7524831111780783,
0.0023301328503233434,0.008262961750399395,0.14387668565492642,0.4838334636705517,0.3616967560737992,
0.0032057912600671114,0.011368163217828289,0.1039957953171717,0.008011076325055051,0.8734191738798779,
0.0014431775100894775,0.00511769986129813,0.08911062600340143,0.7226040810323623,0.18172441559284866,
0.005135820415919614,0.9212791285925941,0.016094759643059845,0.01283410116441789,0.044656190184008564,
0.0029304748792635554,0.010391854625156204,0.9538739817069527,0.007323077524999356,0.02548061126362818,
0.0012806820811474566,0.004541469405692844,0.004013432831753555,0.0032003462071912452,0.9869640694742149,
0.0019339421897957183,0.06353442200964225,0.006060635339166442,0.11818561359847721,0.8102853868629183,
0.0014431775100894775,0.13199964139391449,0.004522664981657192,0.003606412347536215,0.8584281037668026,
0.0018302123340180672,0.006490176948066259,0.005735564179868202,0.004573588705388431,0.981370457832659,
0.0026987073440336517,0.009569976045004308,0.008457275085893869,0.006743904627024154,0.972530136898044,
0.003205791260067111,0.011368163217828287,0.01004638706537859,0.4777581175840205,0.49762154087270544,
0.09398078118773491,0.005590597068190506,0.0049405784379952,0.4197587759215745,0.47572926738450483,
0.0026987073440336517,0.08865870561232556,0.008457275085893869,0.8767199298675579,0.023465382090189047,
0.0023301328503233434,0.008262961750399395,0.3487383731542172,0.005822859505539859,0.6348456727395202,
0.003947526891002577,0.013998456656452453,0.01237085632867195,0.12555145423858186,0.8441317058852912,
0.0013306228373860258,0.004718565985627355,0.9790558404807623,0.003325145103158592,0.01156982559306558,
0.020755459514493688,0.07360162664391687,0.06504396671105567,0.05186662413220197,0.7887323229983317,
0.0019339421897957183,0.006858016846356281,0.006060635339166442,0.3448912342516211,0.6402561713730603,
0.0026987073440336517,0.08865870561232556,0.008457275085893869,0.006743904627024154,0.8934414073307227,
0.001014222460365574,0.0035965680648782656,0.5084686864959842,0.2700411047367011,0.21687941824207077,
0.005135820415919614,0.7707679911478483,0.016094759643059845,0.16334523860916364,0.044656190184008564,
0.0013306228373860258,0.004718565985627355,0.9790558404807623,0.003325145103158592,0.01156982559306558,
0.0023301328503233434,0.2814118784161204,0.007302227322065917,0.005822859505539859,0.7031329019059505,
0.0020501365601169733,0.007270057575039644,0.006424768099027055,0.96642900789764,0.0178260298681763,
0.050093063127952066,0.24806221829364397,0.05362006321883698,0.004130497946482385,0.6440941574130845,
0.0020501365601169733,0.5480045936998019,0.24675122859892137,0.005123165898062579,0.19807087524309705,
0.0018302123340180672,0.006490176948066259,0.005735564179868202,0.058210070873766076,0.9277339756642813,
0.0029304748792635554,0.1821537433251661,0.009183593856898204,0.694370632325039,0.11136155561363315,
0.0029304748792635554,0.010391854625156204,0.009183593856898204,0.007323077524999356,0.9701709991136828,
0.0706173620167536,0.008262961750399395,0.007302227322065917,0.005822859505539859,0.9079945894052412,
0.0020501365601169733,0.48792297857482836,0.006424768099027055,0.005123165898062579,0.498478950867965,
0.0015765332425606848,0.005590597068190506,0.0049405784379952,0.003939660168290489,0.983952631082963,
0.0025009132892303896,0.00886857195593318,0.8873431847237283,0.0062496293791597995,0.09503770065194833,
0.0023301328503233434,0.008262961750399395,0.3487383731542172,0.005822859505539859,0.6348456727395202,
0.006045777222400675,0.9073314849936769,0.01894640454101654,0.015108027580035644,0.05256830566287023,
0.0023301328503233434,0.008262961750399395,0.9633234356520896,0.005822859505539859,0.020260610241647874,
0.009363962238387797,0.03320585854031704,0.029345013907881,0.02339996902826655,0.9046851962851477,
0.001737043434801632,0.006159787609773641,0.9726587326114143,0.004340765323516525,0.015103671020493734,
0.0015765332425606848,0.005590597068190506,0.6055681900816277,0.2811524040038132,0.10611227560380791,
0.0012343544567417096,0.004377185472955517,0.003868250189203749,0.9797874422002286,0.010732767680870389,
0.001737043434801632,0.006159787609773641,0.9217526724321066,0.004340765323516525,0.06600973119980158,
0.003538203373259323,0.012546940889794729,0.011088108276596656,0.008841753868951,0.9639849935913983,
0.002181185721129994,0.0077347753720194415,0.006835453165309992,0.5807501063992948,0.4024984793422458,
0.3912941394834121,0.0024875208755381637,0.16665836647594698,0.0017529410171426866,0.4378070321479601,
9.311893533672686E-4,0.0033021215971377627,0.002918183972742922,0.984751771644953,0.0080967334317991,
0.0013846165641118982,0.004910034939268986,0.004339145256734999,0.9773268997573775,0.012039303482506583,
0.0011135131776504467,0.03658145342473455,0.06875512930998766,0.8838678567793874,0.009682047308239907,
8.001713288901463E-4,0.002837514214465515,0.0025075964828977907,0.4240985562008927,0.5697561617728538,
0.001737043434801632,0.006159787609773641,0.20906782992179687,0.7679316680131341,0.015103671020493734,
0.0019339421897957183,0.006858016846356281,0.9128831179517419,0.0048328032719052545,0.07349211974020069,
0.0018302123340180672,0.006490176948066259,0.005735564179868202,0.004573588705388431,0.981370457832659,
0.0025009132892303896,0.00886857195593318,0.007837423238851688,0.0062496293791597995,0.974543462136825,
0.0025009132892303896,0.5219135994887779,0.007837423238851688,0.0062496293791597995,0.46149843460398027,
0.0012806820811474566,0.004541469405692844,0.04154529748596052,0.0032003462071912452,0.9494322048200079,
0.0013306228373860258,0.004718565985627355,0.9010649683139189,0.003325145103158592,0.08956069775990903,
0.0018302123340180672,0.5428549986318427,0.005735564179868202,0.004573588705388431,0.4450056361488826,
0.0010452916196011693,0.003706743445799215,0.06454271212485457,0.002612119837893025,0.928093132971852,
0.4899493610289383,0.10895825072962674,0.003733204574146863,0.002976889760061035,0.39438229390722707,
0.0020501365601169733,0.007270057575039644,0.06650638322400064,0.9063473927726664,0.0178260298681763,
0.0015069107645990533,0.005343706478975752,0.8879575338293606,0.0037656778532727557,0.10142617107379176,
