0.17415880483964505,0.39720623434516916,0.05904508214297317,0.3207194665473751,0.04887041212483761,
0.21049586531901218,0.4384997592022813,0.021145266241444628,0.16423161101616152,0.1656274982211004,
0.0129945427259206,0.3397490979057355,0.5642739033724465,0.01610561907134283,0.06687683692455461,
0.015254066450022336,0.688629710027613,0.08278289538462999,0.07686694170785653,0.13646638642987816,
0.17415880483964505,0.39720623434516916,0.05904508214297317,0.0449726000217959,0.3246172786504168,
0.011826652928323885,0.848466443319301,0.01924482686225902,0.014658120025464108,0.10580395686465192,
0.01619260329239358,0.5464180459701109,0.39551124390220666,0.020069340330110534,0.021808766505178368,
0.015254066450022336,0.5727080357391905,0.25666540681726385,0.13482777885206781,0.020544712141455593,
0.1862872424393156,0.3497305840487781,0.12134117363173288,0.04693965989639851,0.29570133998377496,
0.3050582521710787,0.6306688728834016,0.024822058240418703,0.01890610456364524,0.02054471214145559,
0.06188033379013572,0.44226087804332814,0.33582082622350773,0.07669535627779195,0.08334260566523655,
0.07321490359423362,0.7465905471718243,0.1407437325288413,0.018906104563645245,0.020544712141455593,
0.2970068792913348,0.44226087804332814,0.10069428072230861,0.07669535627779195,0.08334260566523655,
0.04318113015961818,0.6112511751134083,0.08300869269951539,0.04533505136132086,0.21722395066613728,
0.40799718791210376,0.3397490979057355,0.021145266241444628,0.01610561907134283,0.2150028288693733,
0.023387378758853807,0.4337452910926831,0.30465181512644657,0.2067165723683911,0.03149894265362538,
0.06236987337419348,0.43849975920228124,0.41614791142762775,0.06548094971961572,0.01750150627628172,
0.06236987337419349,0.4384997592022813,0.021145266241444628,0.01610561907134283,0.4618794821107378,
0.0129945427259206,0.8828777350367373,0.07052059688971753,0.01610561907134283,0.017501506276281723,
0.11174520402246639,0.5866257511471,0.021145266241444628,0.01610561907134283,0.2643781595176462,
0.22894634298403782,0.6932525260206843,0.03004664419278249,0.022885491259157065,0.02486899554333822,
0.011318045943641648,0.2529110648959322,0.40546355133668527,0.014027745373189756,0.3162795924505511,
0.011318045943641648,0.7259677162926943,0.018417200193879865,0.10003804562714651,0.1442589919426376,
0.01985801518708626,0.5946526149379623,0.032313797185028824,0.17552120209110206,0.17765437059882053,
0.4607333320196939,0.3113519184467501,0.046282756942040496,0.14332469714980042,0.038307295441715065,
0.04318113015961818,0.7821736464967989,0.15137768125287165,0.011150557084642737,0.012116985006068533,
0.04318113015961818,0.542882186560052,0.08300869269951537,0.011150557084642736,0.31977743349617166,
0.07241470434391266,0.8601069793758988,0.04569975256296845,0.010436990594177901,0.011341573123042209,
0.010421674583560572,0.6288730097734887,0.13575621754263176,0.13171440060989761,0.09323469749042125,
0.1365151735108362,0.3113519184467501,0.26242819594794564,0.035251977646847836,0.2544527344476202,
0.01619260329239358,0.7925260186726606,0.14940327119965705,0.020069340330110534,0.021808766505178368,
0.012383121983526101,0.27671106683828584,0.20835880399386067,0.1094520492462252,0.39309495793810223,
0.07210962286889298,0.8149940276116279,0.03156154897697389,0.00720808256798502,0.0741267179745202,
0.0129945427259206,0.9322530656850102,0.021145266241444628,0.01610561907134283,0.017501506276281723,
0.22181226835243784,0.506829883402664,0.09202622679167824,0.08928636582298684,0.09004525563023312,
0.009315066728196986,0.6328860651865679,0.050552303347285436,0.29470070589196457,0.012545858845985124,
0.1466397612726932,0.39908941550473664,0.06418252964371547,0.23934663393274633,0.15074165964610836,
0.0828149514188173,0.31999862658145156,0.02807676369674589,0.5458710927325426,0.02323856557044259,
0.010421674583560574,0.5100753792622812,0.09615700737222925,0.36930966163231277,0.014036277149616229,
0.021478676927305852,0.4799587385746882,0.034951006104732334,0.43468334236541917,0.028928236027854493,
0.028442454007883637,0.8517155159615127,0.04628275694204049,0.03525197764684783,0.03830729544171506,
0.042088218803163054,0.7805734411103874,0.06848771911348724,0.05216473051282764,0.05668589046013481,
0.13454727074692985,0.6548026786661314,0.01765782287042178,0.0959132805959468,0.0970789471205701,
0.12320055453767756,0.5735815581135371,0.1393008542925163,0.1293459306660771,0.034571102390191996,
0.12320055453767756,0.4760494037695237,0.04176869994850295,0.22687808501009044,0.13210325673420534,
