0.005238068350923723,0.03729608893518869,0.10628617727813365,0.8462350086832097,0.0049446567525443545,
0.005238068350923723,0.003257165565135898,0.0041694071679752856,0.9823907021634207,0.004944656752544354,
0.4316063700430806,0.002156229569082355,0.0027601295793378364,0.3123341027647012,0.25114316804379805,
0.7378987479869653,0.003049558208773954,0.003903654757657214,0.25051854807116947,0.004629490975434052,
0.6945624033382012,0.053767902574796266,0.0060108253922260295,0.18945819463238334,0.05620067406239316,
0.7446790555471348,0.003925216238984257,0.00502456027960345,0.24041235294831576,0.005958814985961719,
0.06470819757505622,0.0402372208232669,0.05150654873539835,0.7824644797988483,0.06108355306743021,
0.005833796841897096,0.0036276048562968585,0.004643596215163543,0.07054343935097947,0.915351562735663,
0.07090247130357939,0.0031499448343012253,0.004032156888627272,0.9171335404885723,0.004781886484919875,
0.007941150476227322,0.004938011523688655,0.0063210113918642724,0.9216989414888006,0.05910088511941915,
0.20508892555550728,0.006222435762429863,0.007965167183344696,0.7712772802030391,0.009446191295679062,
0.13150978412713288,0.005842512363182169,0.007478837792827888,0.8462994307339821,0.008869434982875131,
0.14752853973165475,0.004476043058487088,0.0992831997278367,0.7419172001299013,0.006795017352120395,
0.36436841527295083,0.004276024443711732,0.05016010149524248,0.5747040868523361,0.0064913719357590485,
0.10569588105194588,0.2500567433368814,0.0060108253922260295,0.6311080863470748,0.007128463871871885,
0.007941150476227322,0.004938011523688655,0.0063210113918642724,0.9733035014947218,0.007496325113497939,
0.009395739481910007,0.005842512363182167,0.007478837792827886,0.846299430733982,0.13098347962809798,
0.07045276180452142,0.005842512363182167,0.007478837792827886,0.9073564530565934,0.00886943498287513,
0.003318043606120705,0.023625130703551992,0.0026411023812956905,0.9672835406754566,0.0031321826335748548,
0.01150270160856314,0.08190152427320932,0.009155941336536104,0.7370837602539079,0.1603560725277835,
0.002548682107459805,0.4322043159114813,0.01859099230368181,0.5442500925819047,0.00240591709547236,
0.014827780076758508,0.009220294856387076,0.49358489203088646,0.4683698344562935,0.01399719857967433,
0.008373248268967745,0.7125691068325716,0.006664953378417486,0.26448847267063097,0.007904218849412375,
0.0056207144905835605,0.003495104772155298,0.18710149062162337,0.7984768212345861,0.005305868881051686,
0.010702688002467174,0.006655206553362677,0.008519145052053473,0.8944697242525461,0.07965323613957055,
0.013524597844341518,0.008409942640998936,0.010765333977789053,0.9545331111383896,0.012767014398480868,
0.06639865749185012,0.005506313270886368,0.06459206119329672,0.855143912124936,0.008359055919030902,
0.40048932910676965,0.017792317675518695,0.022775451651965956,0.34599448743091044,0.21294841413483534,
0.005065639438264326,0.003149944834301225,0.004032156888627272,0.4562757174313668,0.5314765414074403,
0.012431977622837084,0.00773052329729606,0.009895628147659524,0.9582062733832747,0.011735597548932566,
0.4436731902952044,0.005206701039936976,0.006664953378417486,0.5365509364370289,0.007904218849412375,
0.007198227726890146,0.004476043058487087,0.1928367410643464,0.788693970798156,0.006795017352120394,
0.0515630456345413,0.004276024443711731,0.09484658287215811,0.8428229751138298,0.006491371935759048,
0.006312405845140832,0.003925216238984257,0.6613504711258203,0.07633087523676153,0.25208103155329303,
0.013524597844341516,0.5357372535415578,0.0986532191278822,0.33931791508773745,0.012767014398480865,
0.05954571048214854,0.1081471315355311,0.006321011391864273,0.6636761414591946,0.1623100051312616,
0.2701163274043872,0.07124983761130976,0.007965167183344694,0.6412224765052792,0.009446191295679062,
0.013524597844341518,0.008409942640998936,0.010765333977789053,0.5150936853879239,0.4522064401489467,
0.010702688002467174,0.7021558231219084,0.008519145052053475,0.26851916934085507,0.010103174482715986,
0.006063671788295487,0.910062608670259,0.004826572492875224,0.07332313322429083,0.0057240138242794355,
0.4280030579435946,0.2153053915239264,0.008519145052053473,0.059868984370291346,0.28830342111013424,
0.005620714490583561,0.2956991113062505,0.004473986537813875,0.5793238163340148,0.1148823713313374,
0.004230141996161289,0.0026304110451521715,0.69059315826164,0.2985530990736519,0.003993189623394618,
0.005833796841897097,0.11735817327629813,0.30792511200183353,0.5633759025043182,0.005507015375653021,
0.005065639438264326,0.003149944834301225,0.004032156888627272,0.9829703723538873,0.004781886484919875,
0.018367418564150854,0.01142133306775958,0.014620131217850175,0.9382525537437458,0.01733856340649335,
0.01150270160856314,0.0071526755810351495,0.009155941336536104,0.9613303063304304,0.010858375143435156,
0.009395739481910007,0.005842512363182167,0.6180490610189421,0.3578432521530906,0.00886943498287513,
0.0043497113939920725,0.002704762370710912,0.68184744953958,0.27872596711681846,0.03237210957889864,
0.007941150476227322,0.05654257152960987,0.5223666114510763,0.30244422141774613,0.11070544512534035,
0.10141248299443469,0.7115130238417443,0.09865321912788223,0.07565425963745803,0.01276701439848087,
0.10075176906339986,0.05125281372674195,0.1928367410643464,0.36770303478386224,0.2874556413616496,
0.7856793779819622,0.00922029485638708,0.10815909307828475,0.08294403550369174,0.013997198579674335,
0.01150270160856314,0.0071526755810351495,0.009155941336536104,0.9613303063304304,0.010858375143435156,
0.00311645374599736,0.0019378910595947653,0.22525131751834698,0.7667524528004233,0.002941884875637506,
0.0035475170816001507,0.002205937323800239,0.048929939467556284,0.2734281886318142,0.6718884174952291,
0.4429330336208104,0.22346554044918884,0.013061171450528502,0.30505052008628314,0.01548973439318894,
0.007941150476227322,0.004938011523688655,0.0063210113918642724,0.9733035014947218,0.007496325113497939,
0.008855074971694837,0.005506313270886367,0.17967922623360727,0.7976003296047806,0.008359055919030902,
0.008373248268967744,0.005206701039936975,0.006664953378417484,0.2644884726706309,0.7152666246420469,
0.013524597844341518,0.008409942640998936,0.010765333977789053,0.5150936853879239,0.4522064401489467,
0.06470819757505622,0.0402372208232669,0.05150654873539835,0.7824644797988483,0.06108355306743021,
0.013524597844341518,0.008409942640998936,0.010765333977789053,0.9545331111383896,0.012767014398480868,
0.018367418564150858,0.011421333067759581,0.014620131217850179,0.1027441605965024,0.852846956553737,
0.009395739481910007,0.005842512363182167,0.007478837792827886,0.5410143191209248,0.4362685912411551,
0.23902940505231593,0.005506313270886367,0.007048478673141439,0.45233883448384904,0.29607696851980725,
0.11166173712797599,0.06943413883714636,0.0888807125030841,0.6246164321835168,0.10540697934827678,
