0.010706208882698085,0.006465630924595592,0.06618673571526952,0.911339631660004,0.005301792817432717,
0.006446353229619676,0.0038930438635148205,0.003680431901014012,0.9827878898140784,0.003192281191773156,
0.008631972921211218,0.005212970498814886,0.004928272990369352,0.9769521675667554,0.00427461602284917,
0.9514973089783096,0.011157633292433387,0.01054827814660494,0.017647562632402025,0.009149216950250142,
0.005815308034436001,0.003511946747486126,0.0033201477551400146,0.9844728144598286,0.0028797830031092814,
0.018475529156933724,0.011157633292433387,0.01054827814660494,0.9506693424537779,0.009149216950250142,
0.010706208882698085,0.006465630924595592,0.006112521499714089,0.9714138458755596,0.005301792817432717,
0.011390483211142978,0.006878873866833536,0.006503195882228822,0.9695867965782182,0.005640650461576537,
0.047805432673494797,0.004366917720007911,0.49102132836806267,0.4126510567475877,0.04415526449084696,
0.006446353229619676,0.0038930438635148205,0.003680431901014012,0.9827878898140784,0.003192281191773156,
0.006446353229619676,0.0038930438635148205,0.003680431901014012,0.9827878898140784,0.003192281191773156,
0.008631972921211218,0.005212970498814886,0.004928272990369352,0.9769521675667554,0.00427461602284917,
0.9514973089783096,0.011157633292433387,0.01054827814660494,0.017647562632402025,0.009149216950250142,
0.005815308034436001,0.003511946747486126,0.0033201477551400146,0.9844728144598286,0.0028797830031092814,
0.016740098441160742,0.010109582145072706,0.009557464528297014,0.9553030358981068,0.00828981898736278,
0.010706208882698085,0.006465630924595592,0.006112521499714089,0.9714138458755596,0.005301792817432717,
0.011390483211142978,0.006878873866833536,0.006503195882228822,0.9695867965782182,0.005640650461576537,
0.47820937716835615,0.016194123165171766,0.4667038117981844,0.02561356833872728,0.013279119529560623,
0.8804682997628568,0.05364832199001742,0.05336362448157189,0.008245137742704583,0.00427461602284917,
0.3231463170629519,0.029518682275621322,0.027906569700195217,0.3209558452906742,0.2984725856705573,
0.061106762848075154,0.059126489187592515,0.11506874923350884,0.7622221568117669,0.0024758419190566996,
0.11067141164101504,0.010109582145072706,0.009557464528297014,0.8613717226982526,0.00828981898736278,
0.05997209385809392,0.005478314591640372,0.1069806199003969,0.8230767744780341,0.004492197171834773,
0.06813469808366172,0.002307319231425609,0.02361933892641381,0.003649390473976471,0.9022892532845224,
0.08589009904880941,0.0022124577597427224,0.0020916281460161648,0.8874349658973764,0.02237084914805532,
0.13921805241740456,0.006878873866833536,0.7734686111197983,0.0747938121343872,0.005640650461576537,
0.04887893881826646,0.029518682275621322,0.027906569700195217,0.8694906017800451,0.0242052074258718,
0.005459044216199532,0.06455989753126556,0.0031167451994454495,0.8016347474122729,0.1252295656408165,
0.03156463787036864,0.9046329555268618,0.018021274358388465,0.030150093080141462,0.01563103916423974,
0.9734864188832161,0.0060992247881249476,0.005766126010561718,0.00964688914185128,0.0050013411762458455,
0.44463181423856973,0.009241514547655835,0.008736804964783858,0.014616917631502673,0.5227729486174879,
0.06676930930786797,0.9128163343634732,0.005766126010561718,0.00964688914185128,0.0050013411762458455,
0.015302696100904492,0.9537655744505192,0.008736804964783858,0.014616917631502671,0.007578006852289712,
0.0066882782684043905,0.8672056050283413,0.0038185547432911253,0.08144650123487164,0.04084106072509156,
0.0066882782684043905,0.004039145815133594,0.0038185547432911253,0.0063885482598101066,0.9790654729133608,
0.007536826412027087,0.004551596037105393,0.004303018368862484,0.007199069375822097,0.9764094898061829,
0.014092621544882077,0.008510733413436725,0.0080459341980181,0.013461071629155977,0.9558896392145072,
0.37781517409483817,0.0049721430047169,0.0047005978798404765,0.007864230952320925,0.6046478540682835,
0.010706208882698085,0.006465630924595592,0.06618673571526952,0.19044906107333887,0.7261923634040979,
0.006949069743415232,0.004196641474351113,0.003967449045224845,0.981445609656675,0.003441230080333829,
0.009557848416297195,0.005772119801704679,0.0054568853060619265,0.9744800301470061,0.004733116328930132,
0.004279307698439634,0.002584334426316417,0.002443195401583864,0.9885740180530952,0.0021191444205648775,
0.11496084488627309,0.0038930438635148205,0.5100813929653966,0.36787243709304235,0.003192281191773156,
0.006221318813460785,0.03866593627592896,0.003551952462398746,0.9484799499425632,0.003080842505648278,
0.006949069743415232,0.4331121425938404,0.003967449045224845,0.5525301085371858,0.003441230080333829,
0.006011465793180761,0.00363040919156277,0.5094012764737483,0.4779799267838882,0.00297692175761998,
0.016740098441160742,0.9494227141436157,0.009557464528297012,0.015989903899563822,0.00828981898736278,
0.23677876735324577,0.17610868283350273,0.5157945001466951,0.06631670849031054,0.0050013411762458455,
0.007869635771783108,0.004752584315216693,0.0044930300143574955,0.13999023932246946,0.8428945105761732,
0.9793403204287228,0.004752584315216693,0.0044930300143574955,0.0075169641419776745,0.0038971010997252784,
0.03835846357896852,0.23840056310534674,0.667606123297381,0.036639458753391696,0.018995391264912308,
0.873960932376235,0.009241514547655835,0.008736804964783858,0.10048274125903572,0.007578006852289713,
0.011390483211142978,0.006878873866833536,0.9652099649291906,0.010880027531256407,0.005640650461576537,
0.00907134679155897,0.005478314591640372,0.9722933200314912,0.00866482141347473,0.004492197171834773,
0.011390483211142978,0.006878873866833536,0.7734686111197983,0.010880027531256407,0.19738200427096889,
0.008233195216981053,0.0049721430047169,0.0047005978798404765,0.5160394519093744,0.4660546119890871,
0.04594138802700516,0.004196641474351113,0.003967449045224845,0.5135377902535958,0.43235673119982304,
0.1082673351290124,0.6728891423801369,0.06181332915728253,0.10341541838954323,0.05361477494402496,
0.1870343433559706,0.009241514547655835,0.09460262859231691,0.701543506651767,0.007578006852289713,
0.12214461580375326,0.011157633292433387,0.01054827814660494,0.8470002558069584,0.009149216950250142,
0.015302696100904494,0.009241514547655835,0.5239317467299821,0.014616917631502673,0.43690712498995493,
0.009557848416297195,0.005772119801704679,0.9171768107581111,0.009129520844836406,0.05836370017905067,
0.011390483211142978,0.006878873866833536,0.9652099649291906,0.010880027531256407,0.005640650461576537,
0.00907134679155897,0.005478314591640372,0.9722933200314912,0.00866482141347473,0.004492197171834773,
0.7022292851211689,0.009241514547655835,0.18046845221984995,0.10048274125903572,0.007578006852289713,
0.04887893881826646,0.8523208170096778,0.027906569700195217,0.04668846704598872,0.0242052074258718,
0.0039043087523974703,0.0023578672605076797,0.06795215937098283,0.923852222411939,0.0019334422041730245,
0.007869635771783108,0.004752584315216693,0.04865078840785476,0.890672132011923,0.04805485949322254,
0.7022292851211689,0.09510733817518888,0.18046845221984995,0.014616917631502673,0.007578006852289713,
0.3578799342957246,0.004196641474351113,0.003967449045224845,0.24059156226846626,0.39336441291623314,
0.08634103206603488,0.007887057219377224,0.007456319017456737,0.8918482347130964,0.0064673569840348515,
0.002938629946588231,0.34804604698342906,0.33146001314198803,0.250143628099461,0.06741168182853369,
0.2170012053157029,0.6901252355524239,0.006947218936956233,0.011622890447803078,0.0743034497471139,
0.006446353229619676,0.0038930438635148205,0.003680431901014012,0.9827878898140784,0.003192281191773156,
0.006949069743415232,0.004196641474351113,0.003967449045224845,0.9034609730894951,0.0814258666475137,
0.05943927842062982,0.9307306569733941,0.00277654559847418,0.004645237987639159,0.002408281019862815,
0.11094770044807395,0.003757142397724573,0.8762717994175084,0.005942515231044761,0.003080842505648278,
0.007536826412027087,0.8080675424849856,0.004303018368862484,0.17636032125958634,0.0037322914745384975,
0.48324995745576554,0.012448118352509566,0.4744058454294683,0.019688668960866657,0.010207409801390042,
0.26704562162366613,0.006878873866833536,0.26215833429475194,0.4582765197531719,0.005640650461576537,
0.20191066116136488,0.04318895975794104,0.003967449045224845,0.08462228913410656,0.6663106409013626,
0.012168198851548939,0.007348547338577274,0.5531685695080336,0.01162289044780308,0.4156917938540372,
0.005815308034436001,0.003511946747486126,0.29699558223993583,0.2339689263320171,0.4597082366461249,
0.007231024138125337,0.3289621860029637,0.004128425943629059,0.006906971393893024,0.6527713925213889,
0.011390483211142976,0.8377580737075337,0.0704169804853596,0.0747938121343872,0.005640650461576537,
0.016740098441160742,0.010109582145072706,0.009557464528297014,0.015989903899563822,0.9476029509859057,
0.5752727436332978,0.004366917720007911,0.2881492856912153,0.12863019700000142,0.003580855955477496,
0.669488402499344,0.003757142397724573,0.003551952462398746,0.005942515231044761,0.31725998740948774,
0.6742592908401409,0.10404089534492701,0.1974200909280056,0.015989903899563822,0.00828981898736278,
0.8780807919259683,0.08480109301787754,0.00277654559847418,0.004645237987639159,0.029696331470040766,
0.016740098441160742,0.010109582145072706,0.009557464528297014,0.9553030358981068,0.00828981898736278,
0.007536826412027087,0.3428740998046339,0.004303018368862484,0.007199069375822097,0.6380869860386544,
0.10062868993644533,0.0049721430047169,0.42048032411742975,0.1002597256717852,0.3736591172696228,
0.13627178755534533,0.012448118352509566,0.8213840153298885,0.019688668960866657,0.010207409801390042,
0.010099489959408715,0.5727974182727176,0.005766126010561718,0.4063356245810661,0.0050013411762458455,
0.6286740782011431,0.016194123165171766,0.015309708699823715,0.3265429704043011,0.013279119529560623,
0.3587659906110367,0.009241514547655835,0.008736804964783858,0.014616917631502673,0.608638772245021,
0.5368209623910315,0.011157633292433387,0.01054827814660494,0.43232390921968017,0.009149216950250142,
0.0066882782684043905,0.004039145815133594,0.9795719434190912,0.0063885482598101066,0.0033120842375607973,
0.010099489959408715,0.0060992247881249476,0.9124832355859099,0.00964688914185128,0.06167116052470511,
0.1722444332313068,0.008510733413436725,0.7988049926301418,0.013461071629155977,0.006978769095958833,
0.09211745235390921,0.004551596037105393,0.08888364431074461,0.8107150158237023,0.0037322914745384975,
0.005815308034436001,0.003511946747486126,0.0033201477551400146,0.9844728144598286,0.0028797830031092814,
0.009557848416297195,0.16666387135206628,0.0054568853060619265,0.7599576947465239,0.05836370017905067,
0.5866145446393201,0.3903615814856182,0.006503195882228822,0.010880027531256407,0.005640650461576537,
0.03835846357896851,0.23840056310534666,0.021900089554703003,0.46711014791517685,0.23423073584580487,
0.006011465793180761,0.00363040919156277,0.0034321405745217446,0.07320461806450698,0.9137213663762277,
0.09316852738809443,0.40389026262949856,0.40342546341407987,0.09253697747236835,0.006978769095958833,
0.4218342117798569,0.41701456026688527,0.006947218936956234,0.1481782280905724,0.006025780925729251,
0.1909288515293644,0.7874304157268163,0.006112521499714089,0.010226418426672568,0.005301792817432717,
0.015302696100904494,0.009241514547655835,0.9532608648676474,0.014616917631502673,0.007578006852289713,
0.007536826412027087,0.004551596037105393,0.004303018368862484,0.6838440769108791,0.2997644822711259,
0.26357508212423375,0.6162872793900599,0.056079872833861934,0.00866482141347473,0.055392944238369726,
0.009557848416297195,0.6493391260031511,0.0054568853060619265,0.3309130239455596,0.004733116328930132,
0.016740098441160742,0.4797661481443442,0.009557464528297014,0.4856464698988353,0.00828981898736278,
0.7458712363224141,0.15444932483190593,0.007456319017456737,0.01247462903792409,0.0797484907902992,
0.008233195216981053,0.9751248375590919,0.0047005978798404765,0.007864230952320925,0.004077138391765721,
0.5676239624473687,0.16666254509986145,0.08712184004123047,0.013461071629155977,0.16513058078238357,
0.9379237117727304,0.004551596037105393,0.04659333133980355,0.007199069375822097,0.0037322914745384975,
0.2729001669835036,0.009241514547655833,0.008736804964783858,0.014616917631502671,0.694504595872554,
0.4218342117798569,0.007348547338577274,0.5531685695080336,0.01162289044780308,0.006025780925729251,
0.9458875173229924,0.012448118352509566,0.011768285562241467,0.019688668960866657,0.010207409801390042,
0.3587659906110367,0.009241514547655835,0.6097975703575151,0.014616917631502673,0.007578006852289713,
0.2506774753503421,0.3289621860029637,0.4098725112973237,0.006906971393893024,0.003580855955477496,
0.1870343433559706,0.009241514547655835,0.7815292176125813,0.014616917631502673,0.007578006852289713,
0.006949069743415232,0.35512750602666054,0.003967449045224845,0.0066376525669266965,0.6273183226177727,
0.04887893881826646,0.8523208170096778,0.027906569700195217,0.04668846704598872,0.0242052074258718,
0.08837984120886427,0.004366917720007911,0.004128425943629059,0.006906971393893024,0.8962178437336057,
0.7681906040399952,0.010109582145072706,0.009557464528297014,0.015989903899563822,0.19615244538707138,
0.9802140247436715,0.004551596037105393,0.004303018368862484,0.007199069375822097,0.0037322914745384975,
0.10826733512901239,0.06538417452932088,0.061813329157282514,0.7109203862403591,0.05361477494402495,
0.9793403204287228,0.004752584315216693,0.0044930300143574955,0.0075169641419776745,0.0038971010997252784,
0.1801089480047865,0.6861370569696361,0.005766126010561718,0.00964688914185128,0.11834097987316437,
0.014092621544882077,0.16666254509986145,0.7988049926301418,0.013461071629155977,0.006978769095958833,
0.5767976834440014,0.0060992247881249476,0.40245486144977655,0.00964688914185128,0.0050013411762458455,
0.3559111979244665,0.002523734844745899,0.47136221859419586,0.0039916860119817875,0.16621116262460994,
0.9388103610044817,0.014076158226005626,0.013307412809867173,0.022263671641323417,0.011542396318322316,
0.3322294112803878,0.3301314256110954,0.0030241119574607018,0.15366515798948369,0.1809498931615724,
0.9802140247436715,0.004551596037105393,0.004303018368862484,0.007199069375822097,0.0037322914745384975,
0.7791387792339299,0.016194123165171766,0.015309708699823715,0.1760782693715142,0.013279119529560623,
0.9289036512540594,0.005212970498814886,0.004928272990369352,0.05668048923390712,0.00427461602284917,
0.03156463787036863,0.019062331117799446,0.01802127435838846,0.030150093080141455,0.901201663573302,
0.010099489959408715,0.8561465150150139,0.005766126010561718,0.1229865278387698,0.0050013411762458455,
0.004733995998632294,0.002858927119863471,0.1089555625125169,0.8811072049819488,0.0023443093870384834,
0.012168198851548939,0.007348547338577274,0.7580015759721875,0.01162289044780308,0.21085878738988326,
0.35530925759550464,0.492480256692586,0.003551952462398746,0.1455776907438623,0.003080842505648278,
0.006949069743415232,0.08218127804153097,0.003967449045224845,0.9034609730894951,0.003441230080333829,
0.1909288515293644,0.006465630924595592,0.12626094993082496,0.6710427747977823,0.005301792817432717,
0.15680418421852746,0.041568122302664365,0.0038185547432911253,0.7944970544979563,0.0033120842375607973,
0.005143912191034375,0.7824154905821619,0.0029368261169602002,0.1780931715911287,0.03141059951871482,
0.5898561908156417,0.005212970498814886,0.19866967895517948,0.2019865437075147,0.00427461602284917,
0.006446353229619676,0.0038930438635148205,0.4015669013087432,0.5849014204063492,0.003192281191773156,
0.008233195216981053,0.0049721430047169,0.5590735661966262,0.42364395718991016,0.004077138391765721,
0.009557848416297195,0.005772119801704679,0.7562850592077495,0.009129520844836406,0.21925545172941224,
0.00907134679155897,0.005478314591640372,0.005179125767326978,0.9757790156776389,0.004492197171834773,
0.44463181423856973,0.18097316180272194,0.352200099474916,0.014616917631502673,0.007578006852289713,
0.015302696100904494,0.009241514547655835,0.9532608648676474,0.014616917631502673,0.007578006852289713,
0.012168198851548939,0.1439038849813466,0.7580015759721875,0.01162289044780308,0.07430344974711392,
0.014092621544882077,0.008510733413436725,0.48250136925729226,0.4879165066884301,0.006978769095958833,
0.010706208882698085,0.006465630924595592,0.006112521499714089,0.8512654174444486,0.12545022124854358,
0.23922193201564174,0.2359608798033776,0.3742825767576976,0.14645747303151735,0.004077138391765721,
0.6088039108934988,0.2359608798033776,0.14329383995903688,0.007864230952320925,0.004077138391765721,
0.010099489959408715,0.06276904413658421,0.17577558405593952,0.1229865278387698,0.6283693540092977,
0.2409029794449548,0.004196641474351113,0.003967449045224845,0.396560835402826,0.3543720946326432,
0.8716810735523229,0.029518682275621322,0.027906569700195217,0.04668846704598872,0.0242052074258718,
0.4527467010973567,0.5208549938632278,0.007456319017456737,0.01247462903792409,0.0064673569840348515,
0.9680555623509343,0.007348547338577274,0.006947218936956234,0.01162289044780308,0.006025780925729251,
0.9680555623509343,0.007348547338577274,0.006947218936956234,0.01162289044780308,0.006025780925729251,
0.9749083577184667,0.005772119801704679,0.0054568853060619265,0.009129520844836406,0.004733116328930132,
0.9836675474031835,0.003757142397724573,0.003551952462398746,0.005942515231044761,0.003080842505648278,
0.9171352622794311,0.01906233111779945,0.018021274358388465,0.030150093080141462,0.01563103916423974,
0.8743840469226531,0.005478314591640372,0.005179125767326978,0.11046631554654464,0.004492197171834773,
0.012168198851548939,0.007348547338577274,0.006947218936956234,0.01162289044780308,0.9619131444251146,
0.3095929473327167,0.03736168491817787,0.03716341630113685,0.005742066611276781,0.6101398848366918,
0.015302696100904492,0.6961681035679201,0.008736804964783858,0.014616917631502671,0.2651754777348888,
0.13627178755534533,0.7064044581533498,0.12742767552904818,0.019688668960866657,0.010207409801390042,
0.12343912865632725,0.6861370569696361,0.11910576470748024,0.00964688914185128,0.06167116052470511,
0.04421725475593515,0.004039145815133594,0.22899241366847572,0.3816783131351178,0.3410728726253377,
0.9560532304397038,0.010109582145072706,0.009557464528297014,0.015989903899563822,0.00828981898736278,
0.0849337063105951,0.04318895975794104,0.003967449045224845,0.8644686548059052,0.003441230080333829,
0.873960932376235,0.009241514547655835,0.09460262859231691,0.014616917631502673,0.007578006852289713,
0.014092621544882077,0.008510733413436725,0.0080459341980181,0.013461071629155977,0.9558896392145072,
0.8302281273561857,0.12810750831931628,0.011768285562241467,0.019688668960866657,0.010207409801390042,
0.048878938818266465,0.029518682275621325,0.02790656970019522,0.046688467045988724,0.8470073421599283,
0.6257967808356715,0.19929556973734996,0.0033201477551400146,0.16870771866872916,0.0028797830031092814,
0.4634580447470828,0.5161275989242583,0.005766126010561718,0.00964688914185128,0.0050013411762458455,
0.8743840469226531,0.005478314591640372,0.005179125767326978,0.11046631554654464,0.004492197171834773,
0.06676930930786797,0.40278796022733976,0.005766126010561718,0.1229865278387698,0.40169007661546063,
0.6487216313967117,0.0032967939902644014,0.0031167451994454495,0.3421614708547642,0.0027033585588141823,
0.04261785044850414,0.0038930438635148205,0.003680431901014012,0.18701495099862,0.762793722788347,
0.37781517409483817,0.0049721430047169,0.0047005978798404765,0.1002597256717852,0.5122523593488192,
0.22347533654292648,0.0038930438635148205,0.03985192911989848,0.07850045934196662,0.6542792311316936,
0.8320329482716543,0.005212970498814886,0.10179897597277443,0.008245137742704583,0.05270996751405171,
0.9817570268331635,0.004196641474351113,0.003967449045224845,0.0066376525669266965,0.003441230080333829,
0.9053688423761462,0.0029369416673436875,0.03006459604865213,0.059221338887995065,0.002408281019862815,
0.32774467613556924,0.4675882262635324,0.015309708699823715,0.1760782693715142,0.013279119529560623,
0.006949069743415232,0.9790045985640994,0.003967449045224845,0.0066376525669266965,0.003441230080333829,
0.569622925581366,0.004039145815133594,0.3040503666435373,0.11897547772240241,0.0033120842375607973,
0.007231024138125337,0.2478133689322247,0.36929810276195424,0.3720766482122182,0.003580855955477496,
0.041130112691665166,0.003757142397724573,0.003551952462398746,0.9135711560643589,0.037989636383852665,
0.49702294270077035,0.2694488061335174,0.20765804997199666,0.02405599422825829,0.0018142069654572687,
0.32774467613556924,0.16665882419795866,0.4667038117981844,0.02561356833872728,0.013279119529560623,
0.4527467010973567,0.007887057219377224,0.08073745282372109,0.4521614318755102,0.0064673569840348515,
0.09316852738809442,0.8783456976887727,0.008045934198018098,0.013461071629155975,0.006978769095958832,
0.005631547247251744,0.8565872897043105,0.09801371262338951,0.03697866710560794,0.002788783319440327,
0.13921805241740454,0.5821029352950106,0.13433076508849037,0.13870759673751798,0.005640650461576537,
0.3144758291907687,0.005478314591640372,0.005179125767326978,0.21226780967961453,0.46259892077064935,
0.01847552915693372,0.8405103264669896,0.11421736479342447,0.01764756263240202,0.00914921695025014,
0.011390483211142978,0.006878873866833536,0.006503195882228822,0.9695867965782182,0.005640650461576537,
0.0066882782684043905,0.004039145815133594,0.0038185547432911253,0.9821419369356101,0.0033120842375607973,
0.00907134679155897,0.005478314591640372,0.5141865964326765,0.4667715450122893,0.004492197171834773,
0.8048516799770057,0.16666254509986145,0.0080459341980181,0.013461071629155977,0.006978769095958833,
0.18867330996179965,0.0022124577597427224,0.7421307467195459,0.0651692785934544,0.0018142069654572687,
0.963886780679452,0.002647915824875571,0.002503304410311272,0.02879071815930521,0.0021712809260559227,
0.9168165995347568,0.0060992247881249476,0.005766126010561718,0.06631670849031054,0.0050013411762458455,
0.9773390027452619,0.005212970498814886,0.004928272990369352,0.008245137742704583,0.00427461602284917,
0.8997778935295496,0.007348547338577274,0.006947218936956234,0.07990055926918775,0.006025780925729251,
0.7143524892249006,0.0029369416673436875,0.00277654559847418,0.25023769203924073,0.029696331470040766,
0.31888761601213467,0.16016591460871082,0.003967449045224845,0.5135377902535958,0.003441230080333829,
0.008631972921211218,0.4895664854108403,0.19866967895517948,0.2988572466899198,0.00427461602284917,
0.9761855410557231,0.005478314591640372,0.005179125767326978,0.00866482141347473,0.004492197171834773,
0.7791387792339299,0.016194123165171766,0.015309708699823715,0.1760782693715142,0.013279119529560623,
0.8804682997628568,0.005212970498814886,0.004928272990369352,0.10511584072510967,0.00427461602284917,
0.9810168289869924,0.004366917720007911,0.004128425943629059,0.006906971393893024,0.003580855955477496,
0.9458875173229924,0.012448118352509566,0.011768285562241467,0.019688668960866657,0.010207409801390042,
0.9514973089783096,0.011157633292433387,0.01054827814660494,0.017647562632402025,0.009149216950250142,
0.655001658253231,0.0049721430047169,0.3280848293979654,0.007864230952320925,0.004077138391765721,
0.005815308034436001,0.6234934195487217,0.0033201477551400146,0.16870771866872916,0.1986634059929731,
0.06676930930786797,0.17610868283350273,0.005766126010561718,0.00964688914185128,0.7417089927062163,
0.09797422564730161,0.5887441263837571,0.30722050896327274,0.0039916860119817875,0.0020694529936868275,
0.004999607049676551,0.9848945598611694,0.0028544376367116544,0.004775553533385714,0.0024758419190566996,
0.006949069743415232,0.8620276437133296,0.003967449045224845,0.12361460741769649,0.003441230080333829,
0.05997209385809392,0.05637906165817533,0.005179125767326978,0.00866482141347473,0.869804897302929,
0.2315037717621217,0.002714704673112042,0.0025664456993127168,0.7609890303373453,0.0022260475281082773,
0.12343912865632725,0.0060992247881249476,0.5724643194951544,0.00964688914185128,0.28835043791854215,
0.009557848416297195,0.005772119801704679,0.27360980455666456,0.7063271108964033,0.004733116328930132,
0.07078042309825351,0.006465630924595592,0.9072257347330456,0.010226418426672568,0.005301792817432717,
0.016740098441160742,0.10404089534492701,0.6670766569272771,0.20385253029927244,0.00828981898736278,
0.4688291527407539,0.023165218524454086,0.45237077871648834,0.036639458753391696,0.018995391264912308,
0.09316852738809442,0.8783456976887727,0.008045934198018098,0.013461071629155975,0.006978769095958832,
0.9734864188832161,0.0060992247881249476,0.005766126010561718,0.00964688914185128,0.0050013411762458455,
0.5993089687098854,0.007887057219377224,0.3738619880487785,0.01247462903792409,0.0064673569840348515,
0.012168198851548939,0.007348547338577274,0.006947218936956234,0.830954916304419,0.1425811185684986,
0.27584383561792675,0.16658599262084145,0.15748818225497388,0.2634821078454718,0.13659988166078607,
0.8302281273561857,0.012448118352509566,0.011768285562241467,0.13534805892767338,0.010207409801390042,
0.15409423248156665,0.40643422248746314,0.013307412809867173,0.4146217359027809,0.011542396318322316,
0.08634103206603488,0.5208549938632278,0.007456319017456737,0.37888029806924584,0.0064673569840348515,
0.9783858897713559,0.0049721430047169,0.0047005978798404765,0.007864230952320925,0.004077138391765721,
0.013059898259770528,0.8872606628945494,0.007456319017456736,0.08575576284418844,0.006467356984034851,
0.0066882782684043905,0.041568122302664365,0.6042821785437834,0.344149336647587,0.0033120842375607973,
0.16291834287777496,0.004196641474351113,0.0819520856124047,0.35756851711923604,0.39336441291623314,
0.3144758291907687,0.005478314591640372,0.005179125767326978,0.6703745332784291,0.004492197171834773,
0.009557848416297195,0.005772119801704679,0.16634863685642354,0.22365185624531853,0.594669538680256,
0.27584383561792675,0.16658599262084145,0.15748818225497388,0.2634821078454718,0.13659988166078607,
0.6487216313967117,0.0032967939902644014,0.0031167451994454495,0.06647750492025899,0.2783873244933194,
0.020612397588538632,0.12810750831931628,0.12742767552904818,0.7136450087617069,0.010207409801390042,
0.041130112691665166,0.003757142397724573,0.7017278300264865,0.005942515231044761,0.24744239965307896,
0.010706208882698085,0.006465630924595592,0.967299948948601,0.010226418426672568,0.005301792817432717,
0.010706208882698085,0.30683670200237273,0.6669288778708239,0.010226418426672568,0.005301792817432717,
0.007869635771783108,0.004752584315216693,0.4902283723428274,0.0075169641419776745,0.4896324434281951,
