0.06434376618149726,0.012473896396831156,0.9033958843291092,0.011206968219148633,0.008579484873413624,
0.009229793957794847,0.012473896396831156,0.9585098565528116,0.011206968219148633,0.008579484873413624,
0.0034076725239643134,0.24878468474130316,0.4963231362372862,0.004137652243589003,0.2473468542538574,
0.3544957370095678,0.0060932526295098335,0.6297457178573262,0.005474383175693843,0.004190909327902366,
0.007920245402448489,0.010704065663804357,0.9643965922330261,0.009616892740940991,0.007362203959779987,
0.003478453036590984,0.4408905037588309,0.5274031528448715,0.024994520758307565,0.0032333696013992184,
0.3961018203488062,0.009779077396743397,0.31936324832775204,0.22482251900040504,0.04993333492629326,
0.003339715088995521,0.004513563380240069,0.8852747866087746,0.10376752812606688,0.0031044067959231023,
0.005209876283164945,0.007041051760600071,0.976580353221421,0.006325917804678205,0.004842800930135732,
0.006169542173797917,0.008338022521818278,0.4933430909537686,0.007491159974384692,0.48465818437623054,
0.008747674849137504,0.011822321308608809,0.38609111910179317,0.5852075500228168,0.00813133471764378,
0.008747674849137504,0.011822321308608809,0.2816209411407391,0.6896777279838708,0.00813133471764378,
0.041481605595595154,0.008041761949620852,0.7245329077145425,0.22041264024126384,0.005531084498977601,
0.008313422485856096,0.011235437244411827,0.9626291666907743,0.010094294847466384,0.0077276787314913995,
0.006936128422491479,0.21646295708867044,0.7617315273385745,0.008421961654858789,0.0064474254954048306,
0.00792024540244849,0.15258681638766036,0.5860425903027436,0.009616892740940993,0.24383345516620664,
0.13381190782716998,0.07148450531768444,0.783176255222779,0.0065290347214418685,0.004998296910924785,
0.012740764723076746,0.09329798001624906,0.8666481272851979,0.01547004689293031,0.011843081082546147,
0.015027289126342257,0.020309104249170627,0.8427161013973579,0.10797900275162353,0.013968502475505871,
0.007235820035526315,0.22581574423745449,0.6218145819047476,0.09520051889597843,0.04993333492629327,
0.005555539657404452,0.040682065731673864,0.6764618065950303,0.272136478321536,0.005164109694355373,
0.007562578903325163,0.010220685983273808,0.9660043891592346,0.009182608172178319,0.007029737781988027,
0.006169542173797916,0.04517827892997946,0.8249053986272191,0.11801192919886824,0.005734851070135141,
0.19765238890141767,0.008656946656349985,0.7417093936449577,0.046027065268762254,0.005954205528512431,
0.027256091783750658,0.03683610562139308,0.8774773128101633,0.033094796676443994,0.025335693108249107,
0.008747674849137502,0.011822321308608805,0.9084420089070633,0.010621571237019465,0.0603664236981708,
0.004171644354279043,0.055458273928771076,0.5826844675639609,0.005065279454100162,0.3526203346988888,
0.4271486276298488,0.008656946656349985,0.39746503555231105,0.12252581151157262,0.04420357864991761,
0.3671067731578787,0.097342136203886,0.5247193452568947,0.006135057439487577,0.0046966879418531985,
0.011839989330057804,0.016001527327486866,0.8760761395093715,0.01437631053778352,0.08170603329530042,
0.19619823924508836,0.014019204490620033,0.7675448910453342,0.01259532500398489,0.009642340214972605,
0.07231488759392024,0.014019204490620033,0.5197781877429979,0.3842453799574893,0.009642340214972605,
0.01378988648053073,0.018636777382980703,0.6086363285530375,0.263775019467778,0.09516198811567309,
0.027256091783750654,0.03683610562139308,0.5519680994159313,0.033094796676443994,0.3508449065024809,
0.164898907422103,0.01721890866673592,0.7144899845861716,0.01547004689293031,0.08792215243205928,
0.02725609178375065,0.3623453190156249,0.5519680994159313,0.03309479667644399,0.0253356931082491,
0.016508653895988795,0.022311141428655114,0.8272113204442729,0.020045080139304988,0.11392380409177837,
0.008313422485856096,0.16016153615773285,0.5654929029219183,0.010094294847466385,0.25593784358702637,
0.007235820035526315,0.0097790773967434,0.4921925818003209,0.3976518524729739,0.09314066829443549,
0.009768155826704646,0.013201482538785475,0.7811036950085338,0.011860656089415571,0.18406601053656063,
0.012740764723076746,0.01721890866673592,0.7905690559356847,0.01547004689293031,0.16400122378157242,
0.007235820035526315,0.0097790773967434,0.5786072485366054,0.3976518524729739,0.006726001558151047,
0.011839989330057804,0.016001527327486866,0.9467764006473399,0.01437631053778352,0.011005772157332,
0.018314018936560397,0.024751059001845602,0.1521631332862743,0.7877481315673565,0.017023657207963328,
0.5310985646544077,0.1685275882501899,0.28162094114073905,0.010621571237019465,0.008131334717643778,
0.007562578903325164,0.055379198245123086,0.2886267052314956,0.6414017798380682,0.0070297377819880285,
0.006936128422491479,0.00937404970608313,0.4303892755264348,0.008421961654858789,0.5448785846901318,
0.016508653895988795,0.1208894516742311,0.8272113204442729,0.020045080139304988,0.015345493846202384,
0.004765147985058743,0.006440009663595211,0.665583515931643,0.09114846625462125,0.23206286016508168,
0.005555539657404453,0.1733774909019318,0.6432879503024659,0.17261490944384258,0.005164109694355374,
0.005377158571685041,0.007267130689941961,0.654741505967294,0.2955072205462829,0.03710698422479602,
0.005555539657404453,0.33924677236475426,0.6432879503024659,0.006745627981020145,0.005164109694355374,
0.1836067060842039,0.043573037071773034,0.7600641828366947,0.007224989508350774,0.005531084498977601,
0.005950330473442982,0.008041761949620852,0.7955954579588468,0.18488136511911166,0.005531084498977601,
0.008313422485856096,0.11051950318662583,0.8137030677774532,0.05973632781857338,0.0077276787314913995,
0.02056273280361135,0.2733631085730194,0.6619926168322939,0.024967609686920345,0.01911393210415489,
0.05044315340366853,0.09619374413302784,0.8378512487454586,0.008785852159693982,0.006726001558151046,
0.3585727190242686,0.03937581800381319,0.5584154440256803,0.038637722035313106,0.004998296910924785,
0.06434376618149727,0.01247389639683116,0.5727120509868948,0.28677682933766074,0.06369345709711605,
0.3124005082656332,0.008656946656349985,0.05322067745966446,0.007777692147357068,0.6179441754709953,
0.043009798581959094,0.008338022521818278,0.9354261678517027,0.00749115997438469,0.005734851070135141,
0.07437040538313325,0.04207795372151664,0.5967362813597237,0.10991344984861143,0.17690190968701505,
0.03748584588555627,0.03937581800381319,0.8795023171643926,0.0065290347214418685,0.03710698422479602,
0.012740764723076746,0.01721890866673592,0.8666481272851979,0.01547004689293031,0.08792215243205928,
0.11669031139828145,0.008338022521818278,0.8617456550353804,0.00749115997438469,0.005734851070135141,
0.005950330473442982,0.07910431219392522,0.7600641828366946,0.14935008999695948,0.005531084498977601,
0.09440573351306883,0.32226935551300906,0.5072331871687714,0.07256537182456761,0.0035263519805832223,
0.008747674849137502,0.011822321308608805,0.9606770978875904,0.010621571237019465,0.008131334717643778,
0.0045085725032520205,0.006093252629509832,0.387446911660646,0.5708382643012808,0.03111299890531127,
0.009768155826704643,0.013201482538785472,0.19781671008604432,0.0701893545816645,0.709024296966801,
0.3412171531849684,0.2130403055089937,0.4220364831155423,0.013427016934229563,0.010279041256266039,
0.008747674849137502,0.06405741028913584,0.9084420089070633,0.010621571237019465,0.008131334717643778,
0.07708996949370338,0.014944917740544884,0.8842590545752562,0.013427016934229565,0.01027904125626604,
0.009768155826704643,0.07153018103103441,0.8977610919930314,0.01186065608941557,0.00907991505981378,
0.013789886480530731,0.018636777382980703,0.11457410532380277,0.7578372426970128,0.0951619881156731,
0.05326199876783389,0.07198260953127944,0.44253053607060505,0.3827155691991919,0.049509286431089684,
0.22694743978379564,0.23838974082751932,0.46487385398848363,0.03952819202251679,0.030260773377684746,
0.02725609178375065,0.3623453190156249,0.38921349271881533,0.03309479667644399,0.18809029980536499,
0.011058173570887106,0.014944917740544884,0.9502908504980725,0.013427016934229565,0.01027904125626604,
