0.0039758269074878505,0.21110189466792198,0.005549694852695009,0.7727756418735265,0.006596941698368514,
0.0012203440436377093,0.0017904445430037138,0.0017034285483450472,0.9932609113866635,0.002024871478350155,
0.0023606213073067424,0.00346341800888112,0.4501772662050961,0.5400818033517659,0.003916891126950207,
0.0011952418261262602,0.001753615479433499,0.8655994594613364,0.12946846293054076,0.0019832203025630713,
0.002268463498821608,0.003328207413018716,0.9791574819828103,0.011481870002015448,0.003763977103333926,
0.1469530398349455,0.003087163874028123,0.2926348640808563,0.5538335590191159,0.003491373191054235,
0.42592043582728417,0.003610079856517554,0.0034346291893971484,0.5629520993862824,0.004082755740518713,
0.0029623604245879683,0.7690675495758744,0.0041350382656751734,0.2189197172725568,0.004915334461305581,
0.0029623604245879683,0.0043462678285405764,0.5139492260972311,0.4738268111883348,0.004915334461305581,
0.0015047697680049836,0.0022077436552813074,0.3128605977374842,0.44785996715780985,0.23556692168141977,
0.0015869639613568841,0.0023283359962041365,0.49381712032853725,0.4996343894432775,0.0026331902706243004,
0.0017815939741307727,0.0026138900955522096,0.7383448229403502,0.2543035603788186,0.0029561326111482095,
0.23889833428613813,0.009895774937587767,0.12549158860640153,0.6145228511385673,0.011191451031305243,
0.7830612844386459,0.003328207413018716,0.003166455808029982,0.2066800752369715,0.003763977103333926,
0.005002731030316317,0.007339825617245646,0.006983108494002993,0.025321415740204467,0.9553529191182305,
0.14215905538560303,0.002000516698267703,0.0019032911511200666,0.851674687911112,0.0022624488538973376,
0.23832885848256594,0.0028786772992131088,0.0027387729556403555,0.6177313657227258,0.1383223255398548,
0.007630564439479449,0.011195287535455142,0.010651194123461995,0.9578618421620341,0.012661111739569304,
0.6264498936343503,0.30002246360236756,0.00241287394606261,0.03849794379467563,0.032616825022544024,
0.002818661083483132,0.004135437364413883,0.003934454208013299,0.9844345478542808,0.004676899489808906,
0.0060433418329333514,0.008866572064405354,0.32044847222376216,0.5506098490728357,0.11403176480606338,
0.003721210861914789,0.9020340291873484,0.005194286684681171,0.08287600650112821,0.006174466764927323,
0.002030637429758534,0.0029792776257525776,0.9114491769300297,0.08017154686108187,0.0033693611533773425,
0.22762010267717278,0.6043681485839271,0.0030474831593906215,0.011050463859536399,0.15391380171997324,
0.19685222960149842,0.004135437364413883,0.003934454208013299,0.01426670526420421,0.7808111735618702,
0.0019620695370750267,0.0028786772992131088,0.0027387729556403555,0.9891648912084972,0.0032555889995742743,
0.14834383747199462,0.004135437364413883,0.003934454208013299,0.8389093714657693,0.004676899489808906,
0.0039758269074878505,0.005833189113800653,0.005549694852695009,0.020123721508414943,0.9645175676176014,
0.0039758269074878505,0.1426789928165482,0.005549694852695009,0.8411985437249003,0.006596941698368514,
0.003298705831460187,0.004839741616886045,0.004604529120453303,0.9817836035473451,0.005473419883855341,
0.007630564439479449,0.011195287535455142,0.010651194123461995,0.9578618421620341,0.012661111739569304,
0.06949543780721529,0.0028786772992131088,0.44170566671155204,0.4826646291824453,0.0032555889995742743,
0.6929967038632412,0.00346341800888112,0.0032950951394914124,0.296327891861436,0.003916891126950207,
0.005002731030316317,0.007339825617245646,0.006983108494002993,0.9723734893469113,0.008300845511523729,
0.004606160665780576,0.0067579919541882446,0.7198665246378261,0.2611264916852884,0.007642831056916584,
0.002268463498821608,0.003328207413018716,0.04220609685502119,0.9484332551298045,0.003763977103333926,
0.0029623604245879683,0.0043462678285405764,0.0041350382656751734,0.6777524863209572,0.3108038471602391,
0.0031214988654801575,0.004579749980203478,0.6489989509729215,0.1769599687648565,0.1663398314165384,
0.7389898769144715,0.0023283359962041365,0.0022151783597942495,0.253833418458906,0.0026331902706243004,
0.002268463498821608,0.003328207413018716,0.12028537894900362,0.8703539730358221,0.003763977103333926,
0.0018979810117566783,0.8847055752346236,0.06797679041531095,0.042270404044888084,0.0031492492934207432,
0.003298705831460187,0.9699268845196624,0.004604529120453303,0.016696460644568947,0.005473419883855341,
0.0029623604245879683,0.9729932247084969,0.0041350382656751734,0.014994042139934455,0.004915334461305581,
0.0017815939741307727,0.493185869077296,0.002486854467734699,0.49958954986969045,0.0029561326111482095,
0.4653301642990182,0.003944114701852673,0.003752429868513007,0.5225127646103561,0.004460526520260079,
0.005002731030316318,0.6100093270033318,0.006983108494002994,0.3697039879608251,0.00830084551152373,
0.002818661083483132,0.9257948878249868,0.003934454208013299,0.06277509739370804,0.004676899489808906,
0.0021832309463532926,0.7546593964044733,0.0030474831593906215,0.011050463859536399,0.2290594256302464,
0.005474020330792927,0.008031284194532638,0.007640962033868968,0.9697708951235955,0.00908283831720992,
0.0021832309463532926,0.3413584648979709,0.0030474831593906215,0.6497882670968582,0.0036225538994269207,
0.002030637429758534,0.946540689426979,0.0377812030400053,0.01027810894987991,0.0033693611533773425,
0.008784090731031048,0.01288769949476079,0.012261354493023265,0.04446083788079449,0.9216060174003904,
0.0011952418261262602,0.001753615479433499,0.0016683893852838607,0.006049738633961813,0.9893330146751946,
0.0029623604245879683,0.0043462678285405764,0.0041350382656751734,0.014994042139934455,0.9735622913412618,
0.0024605841421744246,0.003610079856517554,0.0034346291893971484,0.1394922477011726,0.8510024591107384,
0.0025693873821511564,0.0037697120260627654,0.003586503200742612,0.32253421756871875,0.6675401798223247,
0.413035298378991,0.03432713442359592,0.002565515080880644,0.009302801754624326,0.540769250361908,
0.002268463498821608,0.003328207413018716,0.003166455808029982,0.011481870002015448,0.9797550032781143,
0.0037212108619147895,0.0054596256816405245,0.005194286684681172,0.40308115061030964,0.5825437261614539,
0.008784090731031048,0.01288769949476079,0.012261354493023265,0.04446083788079449,0.9216060174003904,
0.0023606213073067424,0.00346341800888112,0.043920747054546384,0.7432100629270406,0.20704515070222507,
0.09968042431705944,0.5732697081121317,0.0076409620338689695,0.02770685526093038,0.2917020502760095,
0.002818661083483132,0.004135437364413883,0.003934454208013299,0.25680866591172336,0.7323027814323664,
0.003298705831460187,0.004839741616886045,0.004604529120453303,0.016696460644568947,0.9705605627866316,
0.005002731030316318,0.007339825617245647,0.006983108494002994,0.6279909171262906,0.3526834177321444,
0.0017815939741307727,0.0026138900955522096,0.002486854467734699,0.9901615288514343,0.0029561326111482095,
0.003298705831460187,0.004839741616886045,0.004604529120453303,0.9817836035473451,0.005473419883855341,
0.003975826907487851,0.005833189113800654,0.00554969485269501,0.7727756418735267,0.21186564725248988,
0.05132705321298696,0.004135437364413883,0.05244284633751713,0.887417763595273,0.004676899489808906,
0.0039758269074878505,0.005833189113800653,0.21081840040681638,0.7727756418735265,0.006596941698368514,
0.0025693873821511564,0.8439204405157076,0.04780496259493444,0.10144192059775964,0.004263288909447243,
0.0029623604245879683,0.6161232932264077,0.0041350382656751734,0.06597546092309005,0.3108038471602391,
0.0060433418329333514,0.3208793895567853,0.008435654731382223,0.6546141215702957,0.010027492308603394,
0.002818661083483132,0.004135437364413883,0.003934454208013299,0.9844345478542808,0.004676899489808906,
0.005002731030316317,0.007339825617245646,0.006983108494002993,0.9723734893469113,0.008300845511523729,
0.01034849090503044,0.015182930720097776,0.01444503698102306,0.9428526753689698,0.01717086602487894,
0.003497243772672108,0.005131029287174872,0.004881660146538303,0.9806872202889417,0.005802846504672876,
0.0060433418329333514,0.008866572064405354,0.008435654731382223,0.23859703158045584,0.7380573997908233,
0.005474020330792927,0.008031284194532638,0.007640962033868968,0.9697708951235955,0.00908283831720992,
0.0037212108619147895,0.0054596256816405245,0.3253994307938626,0.6592452658976549,0.006174466764927324,
0.0025693873821511564,0.0037697120260627654,0.003586503200742612,0.9858111084815961,0.004263288909447243,
0.5245177891874783,0.0027846489380934487,0.0026493143933457547,0.46689899818766184,0.0031492492934207432,
0.541079720473235,0.002000516698267703,0.0019032911511200666,0.4527540228234799,0.0022624488538973376,
0.9116160167987789,0.004839741616886045,0.004604529120453303,0.07346629258002638,0.005473419883855341,
