0.007797099336434349,0.03389590614915919,0.48780213012429374,0.4624016214692089,0.00810324292090367,
0.005358161931045969,0.33609385314481655,0.2961172518416863,0.12226173420517791,0.24016899887727325,
0.010897239536436714,0.7630560945677283,0.12511067722157468,0.01009053595293871,0.09084545272132166,
0.010897239536436714,0.36545436266263337,0.6022327555076886,0.01009053595293871,0.01132510634030267,
0.007377345242229838,0.7857561968199133,0.19236823696610766,0.006831213277000524,0.007667007694748593,
0.006351545588887913,0.07396081609156185,0.026572698872778768,0.0985795261355767,0.7945354133111947,
0.007377345242229838,0.6242522543564331,0.3000375319417612,0.06066586076482728,0.007667007694748593,
0.010094519823520316,0.11754602305086075,0.8525213481311612,0.009347240176404452,0.010490868818053244,
0.007000477029120507,0.3369399722847895,0.6423019645160863,0.006482243958561283,0.007275342211442291,
0.05808500686134794,0.030432793291424988,0.591217434683859,0.006482243958561284,0.3137825212048069,
0.5412793063127225,0.028953706793004193,0.4166780432560298,0.0061671956675035155,0.00692174797073987,
0.07300212348033679,0.6160827528497715,0.16521674518695903,0.1365546173097744,0.009143761173158127,
0.004795633079221391,0.19582348602795127,0.5449903649867769,0.0044406207499783764,0.24994989515607197,
0.005156540794710945,0.21056068668822842,0.7365201679131155,0.0424035985315407,0.005359006072404457,
0.20393829032823302,0.10685049669669099,0.6409078941986622,0.022759362903324403,0.025543955873089406,
0.07801070875431229,0.7269601888962636,0.176552061442252,0.0087059376050832,0.009771103302088998,
0.00433999672380976,0.7472822380435207,0.2398486494799895,0.00401871435704518,0.004510401395634786,
0.005358161931045969,0.062393322007200706,0.13971694833447726,0.004961506574771147,0.7875700611525048,
0.41248720157901797,0.22769657903142682,0.18609328580647622,0.005163395739986581,0.16855953784309236,
0.014311376350078907,0.5843865784630541,0.3731768199302822,0.013251930189627493,0.014873295066957308,
0.010897239536436714,0.04737297713855744,0.9203141410317645,0.01009053595293871,0.01132510634030267,
0.27213488698390187,0.5240662842171286,0.16599405798849431,0.0037793298908161297,0.03402544091965933,
0.010897239536436714,0.44497470904365233,0.5227124091266696,0.01009053595293871,0.01132510634030267,
0.4770870375666672,0.24268250436669092,0.2392732070451314,0.01929807232989301,0.021659178691617546,
0.1026000423560327,0.052190131499037444,0.7382836552912635,0.06956221826648452,0.03736395258718173,
0.006660241712660268,0.8065814371203673,0.027864178092348233,0.15197239510388413,0.00692174797073987,
0.012958105633229144,0.812804784135997,0.14877138066583373,0.011998839737061668,0.01346688982787851,
0.011838653351644277,0.39702600837053126,0.48147947757800563,0.09735237708040724,0.01230348361941146,
0.36043825874268887,0.557940731456102,0.06969164205824128,0.0056208313744684265,0.006308536368499394,
0.010897239536436712,0.5244950554246712,0.2046310236025936,0.24865157509599561,0.011325106340302668,
0.0055761914394313085,0.1463143770035095,0.8371509020298149,0.005163395739986581,0.005795133787257712,
0.020840886723076407,0.24268250436669092,0.3913552573263283,0.01929807232989301,0.32582327925401144,
0.024578895552320738,0.2862098914726033,0.6409078941986622,0.022759362903324403,0.025543955873089406,
0.3161422510844579,0.20357267019025402,0.0696916420582413,0.4042849002985474,0.006308536368499395,
0.014311376350078906,0.16664937052441786,0.05987391397630501,0.6398577420975817,0.11930759705161637,
0.005156540794710945,0.361075836420305,0.36023229358292397,0.26817632312965556,0.005359006072404457,
0.011838653351644279,0.05146553424869811,0.8270399516998389,0.010962258549948936,0.09869360214986979,
0.005156540794710945,0.24818947412124756,0.6988913804800964,0.0047748110985215576,0.04298779350542361,
0.006660241712660268,0.2719623725203052,0.708288442128791,0.0061671956675035155,0.00692174797073987,
0.003963428674055274,0.2775306897687309,0.6239499134751091,0.003670022981392614,0.09088594510071198,
0.6115712672978207,0.21693198873901523,0.034588403524436956,0.007655472616303326,0.12925286782242384,
0.6824747145890555,0.02241674952313269,0.2849747187168857,0.0047748110985215576,0.005359006072404457,
0.037187974654391664,0.6081927069629864,0.31310521523059665,0.004150150564843479,0.03736395258718174,
0.004969542920515598,0.6743595896645711,0.020790871405101854,0.2947153300547909,0.005164665955020443,
0.07300212348033679,0.038248399264467534,0.8714587329023307,0.00814698317970684,0.009143761173158129,
0.010094519823520314,0.11754602305086073,0.3368826883011549,0.15667257155640624,0.3788041972680577,
0.004481940803571132,0.9025470116203711,0.08416297827485296,0.004150150564843479,0.004657918736361205,
0.005358161931045969,0.9616950671736526,0.022416720704070497,0.004961506574771147,0.005568543616459715,
0.586632660000607,0.03824839926446753,0.16521674518695903,0.2007584343748082,0.009143761173158127,
0.015980264074198336,0.06947013343368705,0.8831446197879836,0.01479727307443221,0.016607709629698802,
0.0046334836775771965,0.6963806228899206,0.019384914234356003,0.2747855674418787,0.004815411756267323,
0.004081474294281099,0.6432011343014045,0.3446963331149081,0.0037793298908161297,0.004241728398590358,
0.039790771279207715,0.30080890062791027,0.020063291986982174,0.004440620749978377,0.6348964153559216,
0.005156540794710946,0.097674324389171,0.39786108101594314,0.0047748110985215576,0.49453324270165344,
0.20393829032823296,0.6449286810244277,0.10282970987092542,0.022759362903324396,0.0255439558730894,
0.006660241712660268,0.07755543993846441,0.902695374710632,0.0061671956675035155,0.00692174797073987,
0.007377345242229838,0.13974042696599226,0.8383840068200287,0.006831213277000524,0.007667007694748593,
0.005156540794710945,0.6997349233174772,0.2849747187168857,0.0047748110985215576,0.005359006072404457,
0.007377345242229838,0.032071131990338744,0.9460533017956823,0.006831213277000524,0.007667007694748593,
0.007377345242229838,0.8934254917955667,0.08469894199045416,0.006831213277000524,0.007667007694748593,
0.30894046269163666,0.12157855141891939,0.5603750991482396,0.004290474984936924,0.004815411756267323,
0.08041411566074923,0.47396219871936246,0.36023229358292397,0.0047748110985215576,0.08061658093844275,
0.12321632437855695,0.1964454464853699,0.6723171708466668,0.003779329890816129,0.004241728398590357,
0.014311376350078907,0.06221506853975881,0.4776111219149413,0.11768623217428656,0.3281762010209345,
0.005812717306516351,0.1525206084902987,0.8302433156386735,0.0053824120108175,0.0060409465536940005,
0.011838653351644279,0.3970260083705313,0.22230912198663072,0.010962258549948936,0.3578639577412447,
