0.1246438361307721,0.8508975005296525,0.013595993508075782,0.005807372502902272,0.005055297328597273,
0.003043430494108824,0.9822028066408612,0.008201268456402868,0.0035030776452153857,0.003049416763411668,
0.920943835705308,0.059318652980116744,0.01097161655863396,0.004686400024915559,0.00407949473102578,
0.008677892419715049,0.02357780212202622,0.9490608357128784,0.009988508363155296,0.00869496138222498,
0.9466760670950548,0.0074615400052795286,0.03994973589198173,0.0031610094256888893,0.002751647581995095,
0.7286482160322392,0.22928360886846166,0.02338470535391888,0.009988508363155296,0.00869496138222498,
0.005045373341958898,0.9704959633184658,0.013595993508075782,0.005807372502902272,0.005055297328597273,
0.005366272301012542,0.9686194293105168,0.01446073430490801,0.00617673660436925,0.00537682747919336,
0.2461054349110587,0.7373504869865718,0.009196462429447702,0.003928163322895486,0.0034194523500263078,
0.36375965903656615,0.6214865780984039,0.008201268456402868,0.0035030776452153857,0.003049416763411668,
0.003043430494108824,0.9822028066408612,0.008201268456402868,0.0035030776452153857,0.003049416763411668,
0.920943835705308,0.059318652980116744,0.01097161655863396,0.004686400024915559,0.00407949473102578,
0.008677892419715049,0.02357780212202622,0.9490608357128784,0.009988508363155296,0.00869496138222498,
0.9141267629145148,0.0074615400052795286,0.07249904007252178,0.0031610094256888893,0.002751647581995095,
0.8472154535938858,0.11463968141947066,0.021203829887370965,0.00905697245081747,0.007884062648455039,
0.005045373341958898,0.9704959633184658,0.013595993508075782,0.005807372502902272,0.005055297328597273,
0.005366272301012542,0.9686194293105168,0.01446073430490801,0.00617673660436925,0.00537682747919336,
0.012550439996455446,0.034099499794272244,0.9263290100943545,0.014445924056522277,0.01257512605839555,
0.10058436521109985,0.3006008501842956,0.5900488898486632,0.004686400024915559,0.00407949473102578,
0.022664631086477843,0.8674631069642,0.06107539645322754,0.026087654260473894,0.022709211235620693,
0.002361861170964015,0.9861884475336452,0.006364613076370554,0.002718571390121068,0.002366506828899259,
0.8472154535938858,0.11463968141947066,0.021203829887370965,0.00905697245081747,0.007884062648455039,
0.6127162649536063,0.2651390786350092,0.01152791257362221,0.0049240154797183236,0.10569272835804397,
0.00180580350052936,0.3901587052441568,0.004866179568096213,0.6013599562652355,0.0018093554219821787,
0.001731677626725156,0.8462031716317747,0.14833685532334454,0.00199321167171154,0.0017350837464441221,
0.005366272301012541,0.7142089527775332,0.2688712108378915,0.0061767366043692495,0.00537682747919336,
0.022664631086477843,0.8674631069642,0.06107539645322754,0.026087654260473894,0.022709211235620693,
0.002578395876058246,0.7098831321553805,0.09862781101057384,0.1863271935115045,0.002583467446482905,
0.01474356718319304,0.04005821837896668,0.913455369737397,0.01697027768833545,0.014772567012107815,
0.0047606878666259875,0.1822099407801091,0.5770794027161714,0.005479691181943352,0.23047027745515006,
0.007197354753670886,0.27547060848777094,0.0193950341974564,0.6907254909854146,0.007211511575687022,
0.0047606878666259875,0.0693598279984134,0.012828838807693005,0.005479691181943352,0.9075709541453243,
0.0071973547536708865,0.019555186671656066,0.019395034197456404,0.00828436614244151,0.9455680582347752,
0.003157320156006395,0.008578427373111888,0.0833511244920488,0.003634167982052976,0.90127895999678,
0.003157320156006395,0.008578427373111888,0.008508172029012448,0.9765925500015256,0.003163530440343671,
0.045710454440675466,0.009663268714688337,0.5154303844492389,0.42563229694805965,0.0035635954473375348,
0.006631641631823727,0.018018146178454836,0.17507087020910703,0.793634656255027,0.006644685725587292,
0.003884055633944053,0.05658792137900787,0.10253645138363301,0.8330998762342915,0.0038916953691234915,
0.005045373341958898,0.013708261007960182,0.1929936876912956,0.7831973806301881,0.005055297328597273,
0.819682032722828,0.16441706145653645,0.008838938142628688,0.0037754509292657577,0.003286516748741175,
0.6988535689127982,0.2793005067201292,0.012143633597182204,0.005187013644549546,0.004515277125340998,
0.697088768912995,0.2931080841096843,0.005449337963072846,0.002327622135666169,0.0020261868785817544,
0.7244758875790236,0.2607703495559466,0.008201268456402868,0.0035030776452153857,0.003049416763411668,
0.002937471142897013,0.9131909058373245,0.007915735047167314,0.003381115328267414,0.07257477264434374,
0.0032800650316251907,0.5143036190384804,0.047715222318400245,0.0037754509292657577,0.4309256426822284,
0.0028386416705891483,0.9834003586457535,0.0076494148419349725,0.0032673597107823866,0.0028442251309399977,
0.007868585550414382,0.11463968141947066,0.021203829887370965,0.00905697245081747,0.8472309306919266,
0.9639866465110395,0.012934771607565568,0.012828838807693005,0.005479691181943352,0.0047700518917586695,
0.0037131222148350878,0.010088539544162289,0.31806894324870116,0.48837295410544596,0.1797564408868554,
0.0037131222148350886,0.09810654712114997,0.7581589811336396,0.13630092379749528,0.0037204257328800716,
0.01786546941912963,0.048540415392148956,0.2598896171073721,0.0205636786069458,0.6531408194744035,
0.0071973547536708865,0.10486032727702771,0.8724464402511728,0.00828436614244151,0.007211511575687023,
0.005366272301012542,0.9686194293105168,0.01446073430490801,0.00617673660436925,0.00537682747919336,
0.004277923695156129,0.8228742247885885,0.16363749788823478,0.0049240154797183236,0.004286338148302273,
0.005366272301012542,0.9686194293105168,0.01446073430490801,0.00617673660436925,0.00537682747919336,
0.003884055633944053,0.6550423540228935,0.3327112331697429,0.004470661804296087,0.0038916953691234915,
0.0032800650316251903,0.630932471565795,0.008838938142628686,0.35366200851120977,0.0032865167487411747,
0.048978724875052906,0.13307501723224643,0.13198516349565195,0.05637594698912073,0.6295851474079279,
0.17780763596441418,0.7019963115146292,0.10470017480282805,0.00828436614244151,0.007211511575687023,
0.9343540227786746,0.02357780212202622,0.02338470535391888,0.009988508363155296,0.00869496138222498,
0.17780763596441418,0.019555186671656066,0.1900053154081997,0.605420350380043,0.007211511575687023,
0.004506413245148045,0.9736476623877792,0.012143633597182204,0.005187013644549546,0.004515277125340998,
0.005366272301012542,0.9686194293105168,0.01446073430490801,0.00617673660436925,0.00537682747919336,
0.004277923695156129,0.8735774198934594,0.11293430278336392,0.0049240154797183236,0.004286338148302273,
0.0071973547536708865,0.019555186671656066,0.9577515808565444,0.00828436614244151,0.007211511575687023,
0.022664631086477843,0.8674631069642,0.06107539645322754,0.026087654260473894,0.022709211235620693,
0.0018452982491584437,0.9017251288263423,0.0487146302847894,0.04586601478498474,0.0018489278547252248,
0.0037131222148350886,0.7582416039485576,0.23005093567171353,0.0042739124320137455,0.0037204257328800716,
0.0071973547536708865,0.019555186671656066,0.8724464402511728,0.00828436614244151,0.09251665218105867,
0.0032800650316251903,0.3587984823353942,0.12546779066994335,0.35366200851120977,0.15879165345182739,
0.2976378413615114,0.016705121239350855,0.6724196022195137,0.007076963422765365,0.006160471756858544,
0.16607273178039475,0.28373672348113904,0.05314923031678417,0.001599313337054978,0.49544200108462705,
0.00573076389432591,0.08349314408879108,0.3550563433479394,0.006596277104760694,0.549123471564183,
0.6523326418705321,0.33291359526443803,0.008201268456402868,0.0035030776452153857,0.003049416763411668,
0.0032800650316251907,0.9808190291477392,0.008838938142628688,0.0037754509292657577,0.003286516748741175,
0.0022975449271751096,0.006242421205445027,0.00619129721374734,0.057106882124360624,0.9281618545292718,
0.002937471142897013,0.7391120967156491,0.042731496871502385,0.003381115328267414,0.21183781994168402,
0.42509514620017946,0.009663268714688337,0.09389183804979014,0.0040937505486107854,0.46725599648673133,
0.009672764312946438,0.026280865435197084,0.9432209450616853,0.011133635053506242,0.009691790136664878,
0.5141872253669796,0.4597984762445497,0.014460734304908008,0.0061767366043692495,0.00537682747919336,
0.11990891755893986,0.24216962980807955,0.04771522231840024,0.586919713565839,0.0032865167487411747,
0.005730763894325909,0.015570464644329561,0.21921098445901635,0.7537457509938373,0.005742036008490783,
0.002746245859393586,0.7560955361577004,0.007400431711441694,0.23100613868946915,0.002751647581995095,
0.003412739668807687,0.9800431822288228,0.009196462429447702,0.003928163322895486,0.0034194523500263078,
0.1325715105675043,0.332593237978058,0.01446073430490801,0.1969845940041069,0.32338992314542275,
0.00786858555041438,0.021378918303529393,0.021203829887370962,0.9416646036102301,0.007884062648455037,
0.8528371730166864,0.009272401259818697,0.13054281005057322,0.003928163322895486,0.0034194523500263078,
0.5599896603322583,0.007981098404612648,0.4257048769391881,0.003381115328267414,0.002943248995673593,
0.8472154535938858,0.021378918303529396,0.11446459300331223,0.00905697245081747,0.007884062648455039,
0.02952871523455346,0.06070476182020173,0.5780458736686928,0.002644541509603915,0.3290761077669482,
0.7539546904779446,0.20790044453541193,0.021203829887370965,0.00905697245081747,0.007884062648455039,
0.34078743692028973,0.009663268714688339,0.557584239089184,0.0040937505486107854,0.08787130472722732,
0.003884055633944053,0.6090073976656715,0.010466538669189073,0.004470661804296087,0.3721713462268993,
0.009672764312946438,0.026280865435197084,0.36999887389889446,0.5843557062162972,0.009691790136664878,
0.0047606878666259875,0.12578488438926125,0.5206543463253236,0.061904747572791206,0.2868953338459979,
0.012550439996455446,0.034099499794272244,0.9263290100943545,0.014445924056522277,0.01257512605839555,
0.007197354753670886,0.019555186671656063,0.19000531540819968,0.7760306315907862,0.007211511575687022,
0.008677892419715049,0.9492539324809858,0.02338470535391888,0.009988508363155296,0.00869496138222498,
0.003157320156006395,0.9441153331610663,0.008508172029012448,0.003634167982052976,0.04058500667186185,
0.5690112517751045,0.4079101663435005,0.012828838807693005,0.005479691181943352,0.0047700518917586695,
0.006631641631823728,0.8826197329134838,0.017870581711829044,0.08623335801727607,0.006644685725587293,
0.00355659980073058,0.9792019254334208,0.009584128769900356,0.0040937505486107854,0.0035635954473375348,
0.1003941584010137,0.7235462319771604,0.03994973589198173,0.13335822614784903,0.002751647581995095,
0.5920309295793135,0.3861231460536138,0.012143633597182204,0.005187013644549546,0.004515277125340998,
0.3233793679672419,0.014580142311828597,0.6504869256373668,0.0061767366043692495,0.00537682747919336,
0.01786546941912963,0.6837806249993753,0.04814288057162997,0.0205636786069458,0.2296473464029193,
0.0028386416705891483,0.007712579088032367,0.04129382103358053,0.9453107330768579,0.0028442251309399977,
0.3210322186263797,0.5682191559189278,0.09647072596046803,0.007633213768637064,0.006644685725587292,
0.07365344333878741,0.28726118242217563,0.5588243816813239,0.0745189565492222,0.005742036008490783,
0.005045373341958898,0.07350749240236677,0.1929936876912956,0.005807372502902272,0.7226460740614765,
0.0071973547536708865,0.6166911709092576,0.019395034197456404,0.34950492856392806,0.007211511575687023,
0.045710454440675466,0.6841249429538065,0.2625072566095697,0.0040937505486107854,0.0035635954473375348,
0.004277923695156129,0.011623103110654886,0.9748886195661683,0.0049240154797183236,0.004286338148302273,
0.05791773291189037,0.17247786738664456,0.7599021089315747,0.005187013644549548,0.004515277125340999,
0.007868585550414382,0.953986549462942,0.021203829887370965,0.00905697245081747,0.007884062648455039,
0.006148378217067066,0.3081945843837952,0.5266748706472917,0.007076963422765366,0.15190520332908072,
0.003884055633944053,0.010552965021785909,0.010466538669189073,0.004470661804296087,0.9706257788707849,
0.006631641631823728,0.09661829042709383,0.882472168446858,0.007633213768637065,0.006644685725587293,
0.00355659980073058,0.009663268714688337,0.894815076208743,0.0040937505486107854,0.0878713047272273,
0.0071973547536708865,0.019555186671656066,0.616531018435058,0.00828436614244151,0.34843207399717363,
0.005730763894325909,0.35518386186663714,0.5588243816813239,0.0745189565492222,0.005742036008490783,
0.009672764312946435,0.25556969390031337,0.7139321165965689,0.01113363505350624,0.009691790136664876,
0.0071973547536708865,0.19016546788239935,0.7018361590404295,0.09358950674781316,0.007211511575687023,
0.003412739668807687,0.9395943996884476,0.009196462429447702,0.003928163322895486,0.04386823489040148,
0.007197354753670886,0.36077574909314264,0.6165310184350579,0.008284366142441508,0.007211511575687022,
0.0032800650316251907,0.008911924753450203,0.008838938142628688,0.3147857243354383,0.6641833477368577,
0.022664631086477843,0.06157972017625519,0.5983309876451908,0.026087654260473894,0.2913370068316023,
0.003412739668807687,0.009272401259818697,0.009196462429447702,0.9746989442918995,0.0034194523500263078,
0.007868585550414382,0.021378918303529396,0.9538114610467836,0.00905697245081747,0.007884062648455039,
0.00355659980073058,0.05181712335463322,0.7683535122889082,0.0040937505486107854,0.17217901400711708,
0.629488808806544,0.13307501723224646,0.13198516349565198,0.05637594698912074,0.049075063476436954,
0.09173112979182278,0.09810654712114998,0.8021679849221335,0.004273912432013746,0.0037204257328800725,
0.0047606878666259875,0.2950600535618048,0.6899295154978672,0.005479691181943352,0.0047700518917586695,
0.006631641631823728,0.8040195886648448,0.017870581711829044,0.08623335801727607,0.08524482997422629,
0.0047606878666259875,0.012934771607565568,0.18210400798023654,0.005479691181943352,0.7947208413636286,
0.0019748758444398883,0.4500949788966504,0.5436782449925905,0.0022731399439299494,0.0019787603223891575,
0.010925287498538697,0.02968396637201579,0.9358686432309595,0.012575325928344837,0.01094677697014117,
0.0025019369399014416,0.24402722438507207,0.21431786849619877,0.5366461120592478,0.002506858119580089,
0.00355659980073058,0.009663268714688337,0.9791227854886327,0.0040937505486107854,0.0035635954473375348,
0.012550439996455446,0.034099499794272244,0.9263290100943545,0.014445924056522277,0.01257512605839555,
0.004071486329428311,0.25234441074345987,0.7348182081711705,0.004686400024915559,0.00407949473102578,
0.014743567183193041,0.2148032621668328,0.039730150798066494,0.7159504528398,0.014772567012107819,
0.004760687866625986,0.3514851099526526,0.06925389519854083,0.5697302550904217,0.004770051891758669,
0.21431096889352313,0.7748463862143574,0.006027170312496182,0.0025744365884191275,0.0022410379912041443,
0.00573076389432591,0.9664879768667908,0.015442946125631804,0.006596277104760694,0.0057420360084907834,
0.002937471142897013,0.2516914311749582,0.49533640058785827,0.07301263897693756,0.17702205811734895,
0.5086717593166554,0.4754273348627089,0.008838938142628688,0.0037754509292657577,0.003286516748741175,
0.0648446047363655,0.013708261007960182,0.6713875388465483,0.005807372502902272,0.24425222290622367,
0.003157320156006395,0.9441153331610663,0.04592964826053062,0.003634167982052976,0.003163530440343671,
0.0024298819876395995,0.006601980517099275,0.006547911817465539,0.06039620057173565,0.9240240251060599,
0.3418665624152787,0.011062213539280979,0.4452795715261559,0.004686400024915559,0.19710525249436886,
0.003043430494108824,0.9822028066408612,0.008201268456402868,0.0035030776452153857,0.003049416763411668,
0.2340588374200539,0.6090073976656715,0.010466538669189073,0.142575530875962,0.0038916953691234915,
0.004506413245148045,0.599768424720583,0.012143633597182204,0.3790662513117457,0.004515277125340998,
0.004277923695156129,0.9242806149983301,0.062231107678493054,0.0049240154797183236,0.004286338148302273,
0.0071973547536708865,0.9579117333307441,0.019395034197456404,0.00828436614244151,0.007211511575687023,
0.0071973547536708865,0.9579117333307441,0.019395034197456404,0.00828436614244151,0.007211511575687023,
0.00573076389432591,0.7627199385334062,0.08336562557009332,0.14244163599368373,0.0057420360084907834,
0.006631641631823728,0.9612198771621229,0.017870581711829044,0.007633213768637065,0.006644685725587293,
0.005045373341958898,0.6714998063464327,0.013595993508075782,0.12540583529171548,0.18445299151181707,
0.8785482264211616,0.10262287773622984,0.010466538669189073,0.004470661804296087,0.0038916953691234915,
0.003884055633944053,0.05658792137900787,0.9311656658136285,0.004470661804296087,0.0038916953691234915,
0.0047606878666259875,0.8593106174702833,0.012828838807693005,0.11832980396363905,0.0047700518917586695,
0.0032800650316251907,0.9808190291477392,0.008838938142628688,0.0037754509292657577,0.003286516748741175,
0.2912924266824594,0.06157972017625519,0.5983309876451908,0.026087654260473894,0.022709211235620693,
0.006148378217067066,0.01670512123935086,0.3809301390750695,0.007076963422765366,0.5891393980457473,
0.14157612278324894,0.015570464644329563,0.83051509945917,0.006596277104760694,0.0057420360084907834,
0.00573076389432591,0.015570464644329563,0.966360458348093,0.006596277104760694,0.0057420360084907834,
0.004506413245148045,0.012243908386417581,0.9735473875985438,0.005187013644549546,0.004515277125340998,
0.002937471142897013,0.007981098404612648,0.9827570661285493,0.003381115328267414,0.002943248995673593,
0.01474356718319304,0.04005821837896668,0.913455369737397,0.01697027768833545,0.014772567012107815,
0.004277923695156129,0.11302949332039658,0.8734822293564266,0.0049240154797183236,0.004286338148302273,
0.005730763894325909,0.015570464644329561,0.015442946125631803,0.9575137893272219,0.005742036008490783,
0.0028386416705891483,0.007712579088032367,0.5123155077166183,0.37335582781888355,0.10377744370587666,
0.0071973547536708865,0.019555186671656066,0.019395034197456404,0.00828436614244151,0.9455680582347752,
0.009672764312946438,0.37021410813287164,0.026065631201219876,0.3550668777511808,0.23898061860178124,
0.0047606878666259875,0.012934771607565568,0.012828838807693005,0.1747548603544869,0.7947208413636286,
0.003157320156006395,0.23310728476222098,0.6446732679648215,0.003634167982052976,0.1154279591348982,
0.007868585550414382,0.021378918303529396,0.9538114610467836,0.00905697245081747,0.007884062648455039,
0.0032800650316251907,0.8253138924446529,0.16434407484571492,0.0037754509292657577,0.003286516748741175,
0.0071973547536708865,0.019555186671656066,0.9577515808565444,0.00828436614244151,0.007211511575687023,
0.006631641631823727,0.018018146178454836,0.09647072596046803,0.872234800503666,0.006644685725587292,
0.12431717854550461,0.026280865435197084,0.5992877023640109,0.011133635053506242,0.23898061860178124,
0.022664631086477843,0.8674631069642,0.06107539645322754,0.026087654260473894,0.022709211235620693,
0.002746245859393586,0.20275736508851977,0.007400431711441694,0.0031610094256888893,0.7839349479149561,
0.0047606878666259875,0.012934771607565568,0.012828838807693005,0.005479691181943352,0.9639960105361721,
0.004277923695156129,0.31584227373988,0.41715347341258896,0.0049240154797183236,0.25780231367265655,
0.0047606878666259875,0.12578488438926125,0.2385290643710844,0.005479691181943352,0.625445672191085,
0.03313829326492562,0.3431643634889721,0.43478668228811496,0.0029678091783003,0.18594285177968717,
0.0030434304941088243,0.29684197241019233,0.044272891310648606,0.6527922890216387,0.0030494167634116686,
0.003884055633944053,0.010552965021785909,0.5628860149558527,0.41878526901929386,0.0038916953691234915,
0.003043430494108824,0.08041223528471791,0.4771323655615974,0.4363625518961642,0.003049416763411668,
0.004071486329428312,0.3971137290659672,0.5900488898486632,0.0046864000249155595,0.004079494731025781,
0.0032800650316251907,0.008911924753450203,0.9418697583611461,0.0037754509292657577,0.04216280092451273,
0.22014690738620196,0.006242421205445029,0.741432895512963,0.029875711816982273,0.0023020640784079303,
0.012550439996455446,0.034099499794272244,0.48007462142015633,0.46070031273072043,0.01257512605839555,
0.04215634920739675,0.12554077728076488,0.008838938142628688,0.0037754509292657577,0.8196884844399439,
0.003157320156006395,0.008578427373111888,0.7569376966593759,0.003634167982052976,0.22769238782945272,
0.003412739668807687,0.21151631396169457,0.777723330696576,0.003928163322895486,0.0034194523500263078,
0.07256899479156716,0.8783751440129894,0.007915735047167314,0.03819687715260249,0.002943248995673593,
0.0017316776267251562,0.10732669471469157,0.6409211732680666,0.00199321167171154,0.2480272427188052,
0.012550439996455446,0.331602425577071,0.6288260843115557,0.014445924056522277,0.01257512605839555,
0.22476547557540033,0.7454287791004617,0.016568310144514053,0.007076963422765366,0.006160471756858544,
0.47823250712365767,0.018018146178454836,0.489471447203663,0.007633213768637064,0.006644685725587292,
0.19179914231776618,0.07027281706799016,0.32239959115660405,0.4128635427351671,0.00266490672247257,
0.005366272301012542,0.014580142311828598,0.26887121083789156,0.00617673660436925,0.7050056379448981,
0.004277923695156129,0.011623103110654886,0.11293430278336392,0.46125277142355603,0.40991189898726915,
0.11153079579293278,0.02357780212202622,0.02338470535391888,0.009988508363155296,0.8315181883679669,
0.8322003210332091,0.14178538057832035,0.01446073430490801,0.00617673660436925,0.00537682747919336,
0.7890083210178882,0.008578427373111888,0.12077260072356699,0.07847712044508934,0.003163530440343671,
0.004277923695156129,0.8735774198934594,0.11293430278336392,0.0049240154797183236,0.004286338148302273,
0.006631641631823728,0.018018146178454836,0.961072312695497,0.007633213768637065,0.006644685725587293,
0.206975143437026,0.7435814387266243,0.04571512241819412,0.00199321167171154,0.0017350837464441221,
0.002071867428027412,0.005629256261591888,0.9878381535293463,0.002384780097663437,0.0020759426833710025,
0.0047606878666259875,0.012934771607565568,0.9720547974521064,0.005479691181943352,0.0047700518917586695,
0.004071486329428311,0.011062213539280979,0.9761004053753494,0.004686400024915559,0.00407949473102578,
0.00573076389432591,0.015570464644329563,0.966360458348093,0.006596277104760694,0.0057420360084907834,
0.00229754492717511,0.30578529458660697,0.6869705548982062,0.0026445415096039153,0.0023020640784079303,
0.04215634920739675,0.6698087557415667,0.2809729273730296,0.0037754509292657577,0.003286516748741175,
0.004071486329428311,0.3488572896251314,0.059228055999469724,0.004686400024915559,0.5831567680210551,
0.004277923695156129,0.011623103110654886,0.772075839146685,0.20773679589920171,0.004286338148302273,
0.012550439996455446,0.034099499794272244,0.9263290100943545,0.014445924056522277,0.01257512605839555,
0.004071486329428311,0.011062213539280979,0.9761004053753494,0.004686400024915559,0.00407949473102578,
0.003412739668807687,0.009272401259818697,0.9799672433984518,0.003928163322895486,0.0034194523500263078,
0.009672764312946438,0.14092527966775525,0.25535445966633624,0.011133635053506242,0.5829138612994558,
0.008677892419715049,0.02357780212202622,0.9490608357128784,0.009988508363155296,0.00869496138222498,
0.003884055633944053,0.05658792137900787,0.7009908840275186,0.23464544359040593,0.0038916953691234915,
0.002746245859393586,0.040010844185819565,0.8536823404054827,0.100808921967309,0.002751647581995095,
0.0047606878666259875,0.012934771607565568,0.12567895158938872,0.005479691181943352,0.8511458977544765,
0.0019748758444398887,0.33306096615594666,0.5202714424444499,0.00227313994392995,0.14241957561123375,
0.002361861170964015,0.48230607530786884,0.06235154332367903,0.002718571390121068,0.4502619488073671,
0.0032800650316251907,0.04778820892922176,0.008838938142628688,0.0037754509292657577,0.9363173369672586,
0.004277923695156129,0.011623103110654886,0.5185598636223306,0.20773679589920171,0.25780231367265655,
0.0021240258021114236,0.7861826775767632,0.2071202770568359,0.0024448159140286092,0.0021282036502608195,
0.004760687866625986,0.012934771607565565,0.35137917715278005,0.6261553114812696,0.004770051891758669,
0.004506413245148046,0.49294578538709843,0.4928455105978631,0.005187013644549548,0.004515277125340999,
0.005045373341958898,0.9106967319240591,0.013595993508075782,0.06560660389730888,0.005055297328597273,
0.00786858555041438,0.7674650232310594,0.2077253561192535,0.00905697245081747,0.007884062648455037,
0.01786546941912963,0.47203388846363314,0.47163635364311424,0.0205636786069458,0.017900609867177203,
0.006631641631823728,0.018018146178454836,0.017870581711829044,0.007633213768637065,0.9498464167092554,
0.0047606878666259875,0.012934771607565568,0.8027796282795628,0.005479691181943352,0.1740452210643022,
0.006148378217067066,0.3810669501699063,0.08944067593062513,0.5171835239255429,0.006160471756858544,
0.00573076389432591,0.015570464644329563,0.6267470611257854,0.006596277104760694,0.34535543323079837,
0.11675781228327298,0.3172305510450299,0.31463250590771485,0.1343916619438206,0.11698746882016171,
0.009672764312946435,0.14092527966775523,0.7139321165965689,0.1257780492860644,0.009691790136664876,
0.010925287498538697,0.6771323818760666,0.28842022772690873,0.012575325928344837,0.01094677697014117,
0.006148378217067066,0.08957748702546194,0.8181643337917359,0.007076963422765366,0.07903283754296962,
0.003884055633944053,0.010552965021785909,0.9311656658136285,0.004470661804296087,0.04992665172634546,
0.006148378217067066,0.01670512123935086,0.45380250486118057,0.007076963422765366,0.5162670322596361,
0.003157320156006395,0.9815368093925845,0.008508172029012448,0.003634167982052976,0.003163530440343671,
0.0810326333831683,0.203293345632308,0.20322035902148647,0.509167145214296,0.0032865167487411747,
0.05498111880002699,0.5186550541593634,0.41715347341258907,0.004924015479718324,0.004286338148302274,
0.004506413245148045,0.1190665477199022,0.0655549532639245,0.752945488978942,0.057926596792083306,
0.11675781228327298,0.3172305510450299,0.31463250590771485,0.1343916619438206,0.11698746882016171,
0.0025783958760582466,0.007005492211430988,0.4959064770658497,0.4919261674001783,0.0025834674464829057,
0.6975392497082955,0.026280865435197084,0.026065631201219876,0.011133635053506242,0.23898061860178124,
0.0029374711428970125,0.21687566935062308,0.28644182964184783,0.49080178086895837,0.0029432489956735925,
0.005045373341958898,0.07350749240236677,0.013595993508075782,0.8429966120245947,0.06485452872300387,
0.005045373341958898,0.013708261007960182,0.133194456296889,0.8429966120245947,0.005055297328597273,
0.0037131222148350886,0.01008853954416229,0.010005916729244313,0.9724719957788782,0.0037204257328800716,
