0.009021106801616958,0.005532944434133849,0.011540206896656576,0.9689603354129458,0.00494540645464682,
0.0054451784594172084,0.0033397088087348445,0.006965717998109615,0.9812643263499919,0.0029850683837463225,
0.007282102089245917,0.004466355083642925,0.057508258604392626,0.011090571880264202,0.9196527123424544,
0.11806139064409792,0.21463254042680055,0.6352071775448229,0.02360295333776341,0.008495938046515378,
0.004913942325584815,0.0030138840430451314,0.006286136763764079,0.007483887194860037,0.978302149672746,
0.11806139064409789,0.00950529618916234,0.0198254448319083,0.1261665754565825,0.726441292878249,
0.009021106801616958,0.005532944434133849,0.011540206896656576,0.9689603354129458,0.00494540645464682,
0.009593873826498862,0.005884241474737304,0.012272916320907585,0.9669895687731281,0.00525939960472815,
0.00610519887288955,0.0037445212506496154,0.007810045894340972,0.3729338521297959,0.6094063818523239,
0.0054451784594172084,0.0033397088087348445,0.07903767145002154,0.5488326056385204,0.36334483564330594,
0.07751713191132914,0.0033397088087348445,0.006965717998109615,0.9091923728980801,0.0029850683837463225,
0.007282102089245917,0.004466355083642925,0.009315593596276909,0.011090571880264202,0.9678453773505701,
0.11806139064409789,0.00950529618916234,0.7377707996636419,0.023602953337763407,0.11105956016533447,
0.004913942325584815,0.0030138840430451314,0.006286136763764079,0.007483887194860037,0.978302149672746,
0.014056121764199358,0.00862108634683214,0.017981225241051703,0.021407339099765624,0.9379342275481511,
0.009021106801616958,0.005532944434133849,0.011540206896656576,0.9689603354129458,0.00494540645464682,
0.009593873826498862,0.005884241474737303,0.012272916320907584,0.9034976893976129,0.06875127898024334,
0.022385619042342902,0.013729843688667037,0.473078131245626,0.3303873753212254,0.16041903070213862,
0.007282102089245916,0.004466355083642924,0.6358202387017812,0.34843922693707413,0.003992077188255749,
0.3069573150460243,0.02471358486482762,0.5848726079919601,0.06136721873416836,0.022089273363019614,
0.004226678542680231,0.002592362337779197,0.06135094239261549,0.9295129348204187,0.0023170819065063504,
0.29312470355285064,0.10164394694304923,0.017981225241051703,0.021407339099765624,0.5658427851632828,
0.0076508152664194464,0.00469249912187429,0.1110528567353493,0.517980061548512,0.358623767327845,
0.003232166915993454,0.6864737052187183,0.00413473376996348,0.28299715396471076,0.023162240130613947,
0.003099565320593767,0.0634394702468392,0.06550350771031349,0.7636942562705807,0.10426320045167277,
0.009593873826498862,0.005884241474737304,0.4567160719495139,0.5225464131445218,0.00525939960472815,
0.5736207339269166,0.02471358486482762,0.05154577023017541,0.3280306376150607,0.022089273363019614,
0.0046138546631297695,0.27763860737447205,0.005902251084542928,0.7093159534896557,0.0025293333881996013,
0.895837049702117,0.01611762362478592,0.03361694908139571,0.04002226871848589,0.014406108873215568,
0.9662568912413456,0.00522123005681862,0.010890056068340268,0.012965029910096671,0.004666792723398989,
0.01285986073203637,0.9440539535855261,0.016450914147617537,0.019585444981533546,0.007049826553286407,
0.40287805918187114,0.00522123005681862,0.5179310049218672,0.0693029131160441,0.004666792723398989,
0.18307196507077894,0.007887379722441988,0.6972993315025879,0.01958544498153355,0.09215587872265771,
0.22994741864151216,0.003464557522999386,0.6053559381100583,0.15813542619076437,0.003096659534665747,
0.005648736185115081,0.9006592873485877,0.007226118226332747,0.08336919870529867,0.003096659534665747,
0.048467441571058326,0.5933747356228144,0.09234925367428534,0.009689660231523399,0.2561189089003186,
0.011851247817046651,0.9484418630763093,0.015160650993263245,0.01804933715223303,0.00649690096114773,
0.6506241027717797,0.32609941049130164,0.008887291341811461,0.01058066160020146,0.0038085337949057686,
0.06872243655017861,0.7816502311654354,0.1309428663937799,0.013739059435959317,0.00494540645464682,
0.005868104191562468,0.04243398578280847,0.007506743679127096,0.35845100977400773,0.5857401565724941,
0.008058857753357107,0.00494276513209237,0.010309254492785339,0.4389391906976394,0.5377499319241257,
0.003619252350742935,0.0022198076788293468,0.004629910925264489,0.604313826886238,0.3852172021589252,
0.04148115518537317,0.0033397088087348445,0.006965717998109615,0.9091923728980801,0.039021045109702286,
0.17916854844732588,0.0032235452086218793,0.1110710928587916,0.7036555734020932,0.00288124008316741,
0.3942169299438453,0.0035991032075801906,0.007506743679127096,0.5914603052253774,0.003216917944069952,
0.005079116603959786,0.0031151909141746313,0.006497435154124721,0.9825238655020477,0.002784391825693086,
0.8512618671301531,0.10164394694304921,0.0179812252410517,0.02140733909976562,0.0077056215859802775,
0.06485075994618651,0.00522123005681862,0.23624158889212998,0.012965029910096671,0.6807213911947682,
0.35828956426145914,0.0040737092711526915,0.22827642051098057,0.27385131277204655,0.13550899318436102,
0.9736729442120386,0.0040737092711526915,0.008496641957202214,0.010115578507512511,0.0036411260520939743,
0.24233534376261034,0.01951077491971962,0.6722670080937457,0.04844792848631155,0.017438944737612833,
0.09796591290140767,0.00788737972244199,0.8675114358413306,0.019585444981533553,0.007049826553286409,
0.009593873826498862,0.005884241474737303,0.012272916320907584,0.7765139306465825,0.19573503773127374,
0.0076508152664194464,0.00469249912187429,0.009787268130641522,0.8724096216649891,0.1054597958160756,
0.32705327070407486,0.005884241474737304,0.012272916320907585,0.6495301718955522,0.00525939960472815,
0.006947293500846559,0.23414558059545404,0.05486420628973526,0.7002343858190584,0.0038085337949057686,
0.005868104191562468,0.3142781638094065,0.007506743679127096,0.669130070375834,0.003216917944069952,
0.08634286139763873,0.05295694474115155,0.6818673428420478,0.1314993526515313,0.04733349836763068,
0.012859860732036375,0.00788737972244199,0.016450914147617544,0.9557520188446178,0.007049826553286409,
0.01549776852527881,0.00950529618916234,0.0198254448319083,0.023602953337763407,0.931568537115887,
0.35328406940952145,0.3483115883999271,0.016450914147617537,0.2749036014896474,0.007049826553286407,
0.008058857753357107,0.00494276513209237,0.010309254492785339,0.9722712249040052,0.004417897717760004,
0.009593873826498862,0.005884241474737304,0.13925667507193798,0.8400058100220977,0.00525939960472815,
0.0076508152664194464,0.00469249912187429,0.009787268130641522,0.7205112387579274,0.25735817872313727,
0.18307196507077897,0.00788737972244199,0.27176907065573147,0.5302217579977614,0.007049826553286409,
0.840284152807809,0.02471358486482762,0.05154577023017541,0.06136721873416836,0.022089273363019614,
0.0033028153026448625,0.002025726326892115,0.0042251103741653175,0.9667778298983043,0.023668518097993432,
0.006641918575413727,0.0040737092711526915,0.40410024335400335,0.5815430027473363,0.0036411260520939743,
0.012859860732036373,0.007887379722441988,0.2717690706557314,0.01958544498153355,0.6878982439082566,
0.005868104191562468,0.2366083986589499,0.007506743679127096,0.7467998355262906,0.003216917944069952,
0.010989341747839085,0.0067401283008424765,0.9595094668619301,0.01673666244684829,0.0060244006425400004,
0.16709623570755308,0.034447333311572875,0.34886062648950433,0.31654510972230043,0.1330506947690692,
0.6882083063539001,0.006283171864877752,0.01310497586793345,0.2867875779479269,0.005615967965361648,
0.0054451784594172084,0.0033397088087348445,0.006965717998109615,0.3326167452827846,0.6516326494509537,
0.005868104191562468,0.04243398578280847,0.24051603913049677,0.7079649529510623,0.003216917944069952,
0.5483286777517954,0.0025218219536697977,0.14131408267798595,0.006262029579518135,0.30157338803703077,
0.00525578124866365,0.038006098648354324,0.0067234325395942604,0.9123508940404879,0.037663793522899856,
0.8484659031304395,0.0039021850001125682,0.008138889299613653,0.009689660231523399,0.12980336233831105,
0.2458391683250079,0.01059161008338446,0.7078019046258489,0.026300419639205225,0.009466897326553689,
0.009593873826498862,0.005884241474737303,0.13925667507193798,0.3320707750179762,0.5131944346088496,
0.005868104191562468,0.663792106986461,0.08517650882958366,0.008937066596953256,0.23622621339543964,
0.010244303936309113,0.9554327752495052,0.01310497586793345,0.015601976980890544,0.005615967965361648,
0.004913942325584815,0.5883788682671809,0.298968628875832,0.10504471789888266,0.002693842632519717,
0.00610519887288955,0.0037445212506496154,0.007810045894340972,0.9789933397953136,0.0033468941868062888,
0.009593873826498862,0.3233436383523133,0.6471917100760596,0.014611378140400281,0.00525939960472815,
0.014056121764199356,0.938849692309003,0.0179812252410517,0.02140733909976562,0.0077056215859802775,
0.1677210622503609,0.0037445212506496154,0.8158893627816978,0.009298159530485397,0.0033468941868062888,
0.04003833468839609,0.038006098648354324,0.07628853941905915,0.008004504607444334,0.8376625226367461,
0.10707898236041646,0.008621086346832141,0.7621641100107887,0.11443019969598274,0.00770562158598028,
0.0041116670245901175,0.1385760746354711,0.8487961966233527,0.006262029579518135,0.0022540321370679013,
0.014056121764199358,0.00862108634683214,0.017981225241051703,0.021407339099765624,0.9379342275481511,
0.006362259383722482,0.04600736718744841,0.38708552898563625,0.009689660231523399,0.5508551842116695,
0.6046471878238558,0.004261005855835047,0.05486420628973525,0.33241906623566797,0.0038085337949057677,
0.01726893282604451,0.010591610083384459,0.022091198128958794,0.02630041963920522,0.923747839322407,
0.008512876740239081,0.005221230056818619,0.7996204209516042,0.18197867952793895,0.004666792723398987,
0.31867991052175365,0.013729843688667039,0.6212252769853314,0.03409308384181471,0.01227188496243324,
0.012859860732036375,0.6036297449080411,0.016450914147617544,0.36000965365901877,0.007049826553286409,
0.015497768525278812,0.009505296189162342,0.5326435554260038,0.43385744181303987,0.008495938046515378,
0.005648736185115081,0.003464557522999386,0.007226118226332747,0.980563928530887,0.003096659534665747,
0.008512876740239083,0.11789699646871349,0.010890056068340268,0.576343861969571,0.28635620875313617,
0.011851247817046655,0.08569985551725426,0.015160650993263249,0.8807913447112882,0.006496900961147732,
0.006362259383722482,0.0039021850001125682,0.008138889299613653,0.9781088505402478,0.0034878157763035024,
0.10247477302960743,0.0030138840430451314,0.006286136763764079,0.8855313635310637,0.002693842632519717,
0.008058857753357107,0.00494276513209237,0.49030808527851455,0.492272394118276,0.004417897717760004,
0.00959387382649886,0.0058842414747373025,0.9646511069536353,0.014611378140400278,0.005259399604728149,
0.03181105222153806,0.01951077491971962,0.25121842501160113,0.04844792848631155,0.6490118193608297,
0.005079116603959786,0.9106768228251562,0.04011082892860552,0.007735446042104662,0.036397785600173885,
0.011851247817046655,0.007268763920976518,0.4857472005709297,0.48863588672989955,0.006496900961147732,
0.34922630514510467,0.006283171864877753,0.6232725780437656,0.015601976980890548,0.0056159679653616495,
0.42693041504154855,0.005532944434133849,0.5488521746337115,0.013739059435959317,0.00494540645464682,
0.012859860732036375,0.4334176405692985,0.016450914147617544,0.5302217579977614,0.007049826553286409,
0.006362259383722482,0.34074364249879935,0.176559618048957,0.47284666429221767,0.0034878157763035024,
0.0076508152664194464,0.00469249912187429,0.9211775655730114,0.062284912827326976,0.004194207211367823,
0.008058857753357107,0.00494276513209237,0.9703069160642436,0.012273563332546847,0.004417897717760004,
0.014056121764199358,0.00862108634683214,0.017981225241051703,0.8586130844657194,0.10072848218219738,
0.4473515286735807,0.006740128300842478,0.5231472799361887,0.016736662446848294,0.006024400642540002,
0.006947293500846559,0.004261005855835048,0.9744025052482111,0.01058066160020146,0.0038085337949057686,
0.01185124781704665,0.007268763920976515,0.7994715669560405,0.018049337152233027,0.16335908415370318,
0.006362259383722482,0.0039021850001125682,0.8081373508589946,0.05179484241885924,0.12980336233831105,
0.2681780172401503,0.09299343189181329,0.6121932793332167,0.019585444981533553,0.007049826553286409,
0.620411906112141,0.006283171864877752,0.01310497586793345,0.35458397818968607,0.005615967965361648,
0.4744094038239713,0.01059161008338446,0.47923166912688553,0.026300419639205225,0.009466897326553689,
0.18307196507077897,0.00788737972244199,0.7824053836719593,0.019585444981533553,0.007049826553286409,
0.04650916471725739,0.24616831631685665,0.6542734994042264,0.009298159530485397,0.043750860031174135,
0.012859860732036375,0.3483115883999272,0.10155696631698885,0.5302217579977614,0.007049826553286409,
0.044702986766790756,0.8191316372873741,0.007506743679127097,0.008937066596953258,0.11972156566975482,
0.5736207339269166,0.29137700374571995,0.05154577023017541,0.06136721873416836,0.022089273363019614,
0.00610519887288955,0.6906119406049028,0.007810045894340972,0.2921259204410603,0.0033468941868062888,
0.2931247035528507,0.28768966813548347,0.3900726676259201,0.021407339099765627,0.00770562158598028,
0.048467441571058326,0.0039021850001125682,0.8923477152336663,0.05179484241885924,0.0034878157763035024,
0.08634286139763873,0.05295694474115155,0.11045368450792473,0.1314993526515313,0.6187471567017537,
0.7099372099475046,0.0040737092711526915,0.008496641957202214,0.27385131277204655,0.0036411260520939743,
0.5718917087997133,0.06155911326276604,0.06722793927428769,0.2946544459398338,0.004666792723398987,
0.16871343100960215,0.007268763920976518,0.17202283418581876,0.645498069922455,0.006496900961147732,
0.008512876740239083,0.6249379453222405,0.23624158889212998,0.12564079632199154,0.004666792723398989,
0.5883292884315519,0.002167882408483846,0.004521609031022583,0.4030435430415503,0.0019376770873914667,
0.01949716909144145,0.011958261394989967,0.9281621420727227,0.029694002174128906,0.010688425266716971,
0.12299550617559547,0.6249673637963303,0.06498654887373653,0.18459619087622267,0.002454390278114946,
0.006362259383722482,0.0039021850001125682,0.976558079608338,0.009689660231523399,0.0034878157763035024,
0.022385619042342906,0.013729843688667039,0.9175195684647421,0.03409308384181471,0.01227188496243324,
0.10366743210547734,0.004466355083642925,0.5394349086855498,0.3484392269370742,0.00399207718825575,
0.02627873925688895,0.7117642719809684,0.20752861117044133,0.04002226871848589,0.014406108873215568,
0.008512876740239081,0.6812758285281878,0.06722793927428769,0.012965029910096668,0.23001832554718868,
0.004002748824589618,0.13490518968244283,0.0051204969198273415,0.5623868658916926,0.29358469868144754,
0.010244303936309115,0.0062831718648777525,0.14869777635145168,0.5579731789149633,0.2768015689323981,
0.00525578124866365,0.0032235452086218793,0.5980268410150458,0.008004504607444334,0.3854893279202243,
0.04470298676679075,0.0035991032075801906,0.007506743679127096,0.9409742484024319,0.003216917944069952,
0.30752775554442524,0.005532944434133849,0.5488521746337115,0.013739059435959317,0.12434806595177014,
0.08041496367058078,0.003464557522999386,0.0446092319690656,0.8684145873026885,0.003096659534665747,
0.11945607180090125,0.4630980121183076,0.40843972195995826,0.006622433685948753,0.0023837604348841443,
0.05547476709736163,0.10085168509987436,0.3948569136612027,0.15566856690461134,0.29314806723695,
0.0054451784594172084,0.0033397088087348445,0.006965717998109615,0.945228349624036,0.039021045109702286,
0.006947293500846559,0.14219175069960643,0.008887291341811461,0.8381651306628297,0.0038085337949057686,
0.008058857753357107,0.3249419856559118,0.1169756613340585,0.5456055975389126,0.004417897717760004,
0.0076508152664194464,0.00469249912187429,0.009787268130641522,0.973675210269697,0.004194207211367823,
0.012859860732036373,0.007887379722441988,0.10155696631698884,0.785539914505875,0.09215587872265771,
0.09796591290140767,0.00788737972244199,0.016450914147617544,0.8706459666752465,0.007049826553286409,
0.010244303936309117,0.006283171864877753,0.14869777635145168,0.8291587798819999,0.0056159679653616495,
0.011851247817046655,0.007268763920976518,0.093591742589541,0.8807913447112882,0.006496900961147732,
0.009021106801616958,0.005532944434133849,0.011540206896656576,0.9689603354129458,0.00494540645464682,
0.32878569813631314,0.004261005855835048,0.008887291341811461,0.01058066160020146,0.6474853430658388,
0.006947293500846559,0.004261005855835048,0.7445179305085922,0.24046523633982045,0.0038085337949057686,
0.23386440956402882,0.00522123005681862,0.0672279392742877,0.6890196283814658,0.004666792723398989,
0.04470298676679075,0.1977735160837216,0.007506743679127096,0.7467998355262906,0.003216917944069952,
0.840284152807809,0.02471358486482762,0.05154577023017541,0.06136721873416836,0.022089273363019614,
0.883713715599322,0.07946715945513272,0.014058061856156868,0.01673666244684829,0.0060244006425400004,
0.010244303936309113,0.006283171864877752,0.9622545792525609,0.015601976980890544,0.005615967965361648,
0.552615505870382,0.006283171864877753,0.4198833773184881,0.015601976980890548,0.0056159679653616495,
0.914723315904179,0.00494276513209237,0.010309254492785339,0.06560676675318343,0.004417897717760004,
0.00525578124866365,0.0032235452086218793,0.9806349288521027,0.008004504607444334,0.00288124008316741,
0.02627873925688895,0.01611762362478592,0.9031752595266237,0.04002226871848589,0.014406108873215568,
0.5646115525923122,0.00469249912187429,0.3642168282471187,0.062284912827326976,0.004194207211367823,
0.010244303936309113,0.9554327752495052,0.01310497586793345,0.015601976980890544,0.005615967965361648,
0.40843984189772936,0.0031151909141746313,0.5779251293202983,0.007735446042104662,0.002784391825693086,
0.7788143302563778,0.007887379722441988,0.10155696631698882,0.10469149715090482,0.007049826553286407,
0.7029796393229347,0.01059161008338446,0.1363763158784405,0.14058553738868693,0.009466897326553689,
0.8535811248294506,0.11789699646871349,0.010890056068340268,0.012965029910096671,0.004666792723398989,
0.00564873618511508,0.0034645575229993856,0.5305897106245926,0.2702847674189629,0.19001222824832997,
0.014056121764199361,0.5667582499241348,0.3900726676259201,0.021407339099765627,0.00770562158598028,
0.20004251706770387,0.0035991032075801906,0.08517650882958366,0.7079649529510623,0.003216917944069952,
0.35328406940952156,0.00788737972244199,0.6121932793332167,0.019585444981533553,0.007049826553286409,
0.011851247817046651,0.7131485882874761,0.2504539257820964,0.01804933715223303,0.00649690096114773,
0.36012428607448943,0.5820171988307927,0.022091198128958787,0.02630041963920521,0.009466897326553685,
0.040293896165132,0.29137700374571995,0.05154577023017541,0.594694056495953,0.022089273363019614,
0.8504411417604476,0.13309499164840863,0.006286136763764079,0.007483887194860037,0.002693842632519717,
0.9099190080353982,0.00522123005681862,0.010890056068340268,0.0693029131160441,0.004666792723398989,
0.66587714119702,0.00469249912187429,0.1616856510377032,0.16355050143203476,0.004194207211367823,
0.6845674752116082,0.005221230056818619,0.010890056068340266,0.06930291311604408,0.23001832554718868,
0.40155986597506715,0.002829830312361522,0.005902251084542928,0.5871787192398288,0.0025293333881996013,
0.25769701554110896,0.2916275226163826,0.04300169472406558,0.2965807685568287,0.11109299856161421,
0.2828087831883893,0.3720763254392255,0.28474878102935425,0.05655757654812526,0.0038085337949057686,
0.0054451784594172084,0.9763110804095458,0.006965717998109615,0.008292954749181005,0.0029850683837463225,
0.9229427372434446,0.004466355083642925,0.057508258604392626,0.011090571880264202,0.00399207718825575,
0.355382047368617,0.0035991032075801906,0.6288648648827796,0.008937066596953256,0.003216917944069952,
0.05853336809731064,0.0025218219536697977,0.7943744955506322,0.006262029579518135,0.1383082848188692,
0.7631213477408698,0.013729843688667039,0.1767838397662153,0.03409308384181471,0.01227188496243324,
0.9767401685722695,0.0035991032075801906,0.007506743679127096,0.008937066596953256,0.003216917944069952,
0.04303184992784793,0.003464557522999386,0.5679728243673255,0.38243410864716143,0.003096659534665747,
0.00610519887288955,0.0037445212506496154,0.9371012603148012,0.04970212537485324,0.0033468941868062888,
0.04003833468839609,0.246701419286749,0.0067234325395942604,0.7036555734020932,0.00288124008316741,
0.16720197568009101,0.0019010663620277325,0.8244771556229883,0.004720608357906043,0.0016991939769869845,
0.17053276478204826,0.013729843688667039,0.7693724227250367,0.03409308384181471,0.01227188496243324,
0.08371637290212934,0.006740128300842477,0.01405806185615687,0.7440069739897508,0.15147846295112052,
0.011851247817046651,0.0072687639209765165,0.8779026585523183,0.09648042874851076,0.00649690096114773,
0.5401914733551277,0.0029189586979250317,0.006088148489082632,0.4481924221405392,0.002608997317325438,
0.009593873826498858,0.0058842414747373025,0.7741754688270898,0.14159513689143063,0.06875127898024333,
0.6152443468946661,0.3591220592383515,0.009787268130641522,0.01165211852497309,0.004194207211367823,
0.01549776852527881,0.00950529618916234,0.0198254448319083,0.5364210639318588,0.41875042652179173,
0.009593873826498862,0.005884241474737304,0.012272916320907585,0.9669895687731281,0.00525939960472815,
0.005648736185115081,0.003464557522999386,0.23152480068272982,0.23290165367623006,0.5264602519329256,
0.0076508152664194464,0.00469249912187429,0.009787268130641522,0.973675210269697,0.004194207211367823,
0.796162163779824,0.0072687639209765165,0.015160650993263245,0.1749115203447885,0.00649690096114773,
0.003099565320593767,0.0019010663620277325,0.35268272583943366,0.6406174485009578,0.0016991939769869845,
0.02824791805618912,0.14951338020414714,0.8145585715246048,0.005647352518310587,0.002032777696748429,
0.9099190080353982,0.00522123005681862,0.0672279392742877,0.012965029910096671,0.004666792723398989,
0.44101608716228735,0.004466355083642925,0.5394349086855498,0.011090571880264202,0.00399207718825575,
0.010244303936309113,0.006283171864877752,0.9622545792525609,0.015601976980890544,0.005615967965361648,
0.0857442186336709,0.0025218219536697977,0.7399527944779116,0.1695271327976797,0.0022540321370679013,
0.005868104191562468,0.15893863350849333,0.3181858042809534,0.5137905400749209,0.003216917944069952,
0.5374014171785187,0.004466355083642924,0.15389358862062402,0.30024656192895843,0.003992077188255749,
0.3114475810805427,0.30848926493599754,0.16168565103770316,0.011652118524973087,0.20672538442078334,
0.022385619042342906,0.013729843688667039,0.9175195684647421,0.03409308384181471,0.01227188496243324,
0.007282102089245917,0.004466355083642925,0.9731688937585912,0.011090571880264202,0.00399207718825575,
0.00610519887288955,0.0037445212506496154,0.9775052261591691,0.009298159530485397,0.0033468941868062888,
0.017268932826044508,0.010591610083384457,0.9363721401248121,0.02630041963920521,0.009466897326553685,
0.015497768525278807,0.009505296189162338,0.94289804390128,0.023602953337763403,0.008495938046515375,
0.2828087831883893,0.004261005855835048,0.6985410155606684,0.01058066160020146,0.0038085337949057686,
0.23255588063497093,0.06805443784572687,0.6892119516919224,0.007483887194860037,0.002693842632519717,
0.9099190080353982,0.00522123005681862,0.010890056068340268,0.012965029910096671,0.06100467592934643,
0.49476213693330184,0.21269397327954614,0.23843948777664734,0.05216672492311314,0.0019376770873914665,
0.6196105077414261,0.002592362337779197,0.22918289581045528,0.1462971522038331,0.0023170819065063504,
0.7825657556961282,0.0035991032075801906,0.2016811565552685,0.008937066596953256,0.003216917944069952,
0.8684083184064356,0.10595808772658206,0.009787268130641522,0.01165211852497309,0.004194207211367823,
0.0038013528887175536,0.002331495987170719,0.10549167734632345,0.8862915570782448,0.0020839166995433997,
0.008512876740239083,0.962965244557925,0.010890056068340268,0.012965029910096671,0.004666792723398989,
0.008058857753357107,0.00494276513209237,0.436974881857878,0.5456055975389126,0.004417897717760004,
0.009021106801616958,0.005532944434133849,0.011540206896656576,0.9689603354129458,0.00494540645464682,
0.014056121764199358,0.00862108634683214,0.5761183888183542,0.20745306029219981,0.19375134277841446,
0.03181105222153806,0.019510774919719618,0.04069413347052883,0.8905450946506005,0.01743894473761283,
0.796162163779824,0.0072687639209765165,0.09359174258954098,0.09648042874851076,0.00649690096114773,
0.06485075994618651,0.00522123005681862,0.9122961873634992,0.012965029910096671,0.004666792723398989,
0.30189746636500014,0.006740128300842478,0.014058061856156871,0.6712799428354606,0.006024400642540002,
0.010244303936309117,0.141875972348396,0.8266617787690429,0.015601976980890548,0.0056159679653616495,
0.20145966635808252,0.12356190478518894,0.2577162960410756,0.30682114633052704,0.11044098648512592,
0.017268932826044515,0.01059161008338446,0.5935167868763672,0.36915577288765034,0.009466897326553689,
0.01949716909144145,0.011958261394989967,0.9281621420727227,0.029694002174128906,0.010688425266716971,
0.010989341747839085,0.006740128300842477,0.5231472799361886,0.23491775590971906,0.22420549410541077,
0.052924208448770355,0.004261005855835048,0.9284255903002874,0.01058066160020146,0.0038085337949057686,
0.9564407467536122,0.0067401283008424765,0.014058061856156868,0.01673666244684829,0.0060244006425400004,
0.005648736185115081,0.003464557522999386,0.007226118226332747,0.980563928530887,0.003096659534665747,
0.005868104191562468,0.2366083986589499,0.007506743679127096,0.6302951878006058,0.1197215656697548,
0.210181992475835,0.00469249912187429,0.009787268130641522,0.6698784444555735,0.1054597958160756,
0.008058857753357107,0.9649404267035506,0.010309254492785339,0.012273563332546847,0.004417897717760004,
0.20145966635808252,0.12356190478518894,0.2577162960410756,0.30682114633052704,0.11044098648512592,
0.0046138546631297695,0.5829816929990392,0.4028482623964803,0.007026856553151086,0.0025293333881996013,
0.2458391683250079,0.01059161008338446,0.3649465513774039,0.36915577288765034,0.009466897326553689,
0.04003833468839609,0.3510490796059464,0.28498386005745385,0.3210474855650363,0.00288124008316741,
0.06872243655017861,0.7219489014168737,0.19064419614234154,0.013739059435959317,0.00494540645464682,
0.009021106801616956,0.9010528906625586,0.011540206896656573,0.07344038918452096,0.004945406454646818,
0.006641918575413727,0.5755011335109765,0.008496641957202214,0.40571917990431355,0.0036411260520939743,
