0.13083111680057813,0.4772131719589824,0.00626692380059726,0.3790208738372947,0.006667913602547501,
0.038768954635214986,0.0050048507290295285,0.00668830830786153,0.9424216258844894,0.00711626044340464,
0.02270920916624506,0.022072466385901917,0.029496875790429023,0.8943372120568591,0.03138423660056489,
0.015717775678149037,0.015277065474951359,0.020415738544049367,0.8242447899191458,0.12434463038370445,
0.1073262651142431,0.293069300934136,0.018515617905346206,0.46831711005098825,0.11277170599528652,
0.08701593908795528,0.006016158734631361,0.008039785125429908,0.8903739053996407,0.008554211652342743,
0.014254900852625636,0.013855208149283581,0.018515617905346206,0.09603165300451837,0.8573426200882263,
0.01201786303607256,0.32554317107900177,0.015609940911915733,0.31635800377628853,0.33047102119672134,
0.09048343216491819,0.3255431710790018,0.015609940911915735,0.3948235729051342,0.17353988293903014,
0.22096295284877113,0.015277065474951355,0.020415738544049364,0.7216222013338347,0.02172204179839339,
0.24741457042260945,0.011680894563619268,0.015609940911915735,0.7086858494205167,0.016608744681338862,
0.006733995299337599,0.00654518102322924,0.008746752097961217,0.9686676575958603,0.009306413983611568,
0.46693128976514003,0.00684618578663096,0.33107032884404003,0.18541779117549828,0.009734404428690712,
0.009146973203269267,0.008890501517860201,0.42993008849601577,0.539391275697548,0.012641161085306805,
0.23405417091308034,0.00838947134481429,0.01121139748856566,0.5653491891381002,0.18099577111543955,
0.008171006828941218,0.007941900233093912,0.11731156628562146,0.8552831558037144,0.01129237084862893,
0.026662457169101934,0.025914869396038105,0.03463172942867714,0.8759432995980582,0.036847644408124644,
0.1073262651142431,0.013855208149283581,0.018515617905346206,0.7475312028358406,0.11277170599528652,
0.010387708169192468,0.010096447556256802,0.01349254108193847,0.6803787991520327,0.28564450404057956,
0.00817100682894122,0.007941900233093914,0.06396242265966096,0.908632299429675,0.011292370848628932,
0.006733995299337599,0.00654518102322924,0.008746752097961217,0.748833743659788,0.22914032791968386,
0.30217018408356977,0.08358770671305037,0.014474213511076677,0.5843675480532451,0.015400347639058095,
0.027624298762823053,0.0035661392756889797,0.26827378954292425,0.5517334718396731,0.14880230057889063,
0.04856550890555116,0.13261487977160205,0.21895396463071545,0.5909511734185996,0.00891447327353177,
0.014254900852625636,0.10692657241090105,0.018515617905346206,0.8406025670974581,0.019700341733669045,
0.0175152343687484,0.8175324854852035,0.022750448456090012,0.11799569331151447,0.024206138378443508,
