0.01431852648498639,0.21845399421697048,0.0051519376183863565,0.004328110128615514,0.7577474315510413,
0.021730989496697536,0.02093397299842397,0.5255023777672672,0.42071539494171173,0.0111172647958997,
0.1699333492985001,0.5610919494006685,0.0024632465666564055,0.13253925336945013,0.13397220136472485,
0.4958364812353609,0.21641773637784517,0.0026351504699373015,0.002213773202272159,0.2828968587145844,
0.44687786249946165,0.01734275141509925,0.26380255304391276,0.005441840607062715,0.26653499243446355,
0.9207328043993599,0.03573244836321365,0.013346361550614512,0.011212193719354816,0.018976191967457205,
0.5882063717687349,0.4042507756194463,0.0023123974404009556,0.0019426304284947218,0.003287824742922898,
0.864095479808816,0.11279248757982888,0.0070854102291779885,0.005952408210234945,0.010074214171942295,
0.9037168833118823,0.043402967258244454,0.016211363058859726,0.013619063321595588,0.023049723049418068,
0.9207328043993599,0.03573244836321365,0.013346361550614512,0.011212193719354816,0.018976191967457205,
0.9414334876813673,0.026400894611971874,0.009860949945814395,0.008284121528555599,0.014020546232290917,
0.01340409626293402,0.012912481011468873,0.19641320892086603,0.25950542445174973,0.5177647893529813,
0.40448648562650746,0.006191022311286787,0.584092036890788,0.0019426304284947222,0.003287824742922899,
0.6743013686877521,0.01480325420587063,0.22517397380595292,0.004644992477032382,0.08107641082339187,
0.7824516940748184,0.03036593745943101,0.011341925860701532,0.009528280004889455,0.16631216260015963,
0.6322657664486716,0.33073779271172465,0.011341925860701532,0.009528280004889455,0.016126234974012808,
0.03709288533670804,0.3891884159882743,0.013346361550614508,0.011212193719354814,0.5491601434050483,
0.975961162681593,0.01083634291188085,0.0040474626568632235,0.003400247716091245,0.005754784033571646,
0.9535610514147441,0.02093397299842397,0.007819010035019065,0.006568700755913247,0.0111172647958997,
0.9862661250768943,0.006191022311286786,0.0023123974404009556,0.0019426304284947218,0.003287824742922898,
0.045055442924543075,0.04340296725824445,0.016211363058859722,0.013619063321595584,0.881711163436757,
0.2350116939794519,0.7469527120530379,0.005529136451802757,0.004644992477032383,0.007861465038675155,
0.33257618728556937,0.6479634277141771,0.0059659318270775565,0.005011941502407306,0.008482511670768713,
0.2606760830687781,0.5134853086821425,0.002730425293817654,0.21922599571405826,0.0038821872412034947,
0.31877672340809027,0.3070851109363964,0.11469879913370458,0.09635773393275482,0.16308163258905395,
0.045055442924543075,0.6873990475487487,0.016211363058859722,0.22828442341843033,0.023049723049418065,
0.15798140040302505,0.026400894611971874,0.009860949945814395,0.7917362088068978,0.014020546232290917,
0.014318526484986391,0.354894408268758,0.005151937618386357,0.0043281101286155145,0.6213070174992538,
0.0088715535231011,0.9807161844831064,0.003192066612239536,0.0026816349224307082,0.004538560459122225,
0.024240801442113994,0.13884633411305858,0.8171842653711995,0.007327350224017891,0.01240124884961006,
0.01067669482754824,0.01028511109750773,0.0038415730682729607,0.0032272811781087637,0.9719693398285624,
0.019692131686806908,0.018969893344050085,0.6638435698796294,0.19359759668179252,0.10389680840772106,
0.9713555548273212,0.012912481011468874,0.0048229172079886275,0.004051702167913213,0.006857344785308248,
0.7172084030686884,0.13884633411305858,0.008722063473529277,0.12282195049511362,0.01240124884961006,
0.9535610514147441,0.02093397299842397,0.007819010035019065,0.006568700755913247,0.0111172647958997,
0.008511775569734242,0.008199593487104686,0.8141448059955418,0.16478932176651073,0.004354503181108536,
0.018003039789615257,0.36044260958297636,0.6069024112117899,0.005441840607062715,0.009210098808555738,
0.2885567482827488,0.6792776340105904,0.009860949945814395,0.008284121528555599,0.014020546232290917,
0.008511775569734242,0.008199593487104686,0.003062615193187422,0.0025728836060398487,0.9776531321439339,
0.19388899537415702,0.5355685278077071,0.0014341342003795837,0.02019512473131503,0.24891321788644105,
0.13567633723220415,0.8539114007740033,0.003192066612239536,0.0026816349224307082,0.004538560459122225,
0.01067669482754824,0.46810435599412403,0.0038415730682729607,0.5119153310632379,0.005462045046816883,
0.454656531333602,0.08801819999058734,0.07874408223651948,0.004644992477032382,0.37393619396225874,
0.1416642382629537,0.847463967922179,0.003332944375802227,0.002799985438398982,0.004738864000665994,
0.05113981475946879,0.34669226593759117,0.5949477239213872,0.0026816349224307087,0.004538560459122226,
0.009690778213308772,0.9789354616647508,0.003486831195998716,0.002929264780364592,0.004957664145577076,
0.01188594217695697,0.011450007494185163,0.6272091921019931,0.0035928045234379924,0.3458620537034268,
0.07726752683389315,0.076775911582428,0.38800350063374345,0.387232285593668,0.07072077535626738,
0.02173098949669753,0.8492273613700209,0.11135568358146868,0.006568700755913246,0.011117264795899699,
0.015366856625301701,0.454092928914171,0.005529136451802757,0.5171496129700495,0.007861465038675155,
0.15075894053677394,0.8324358574500144,0.005151937618386357,0.0043281101286155145,0.0073251542662099095,
0.11843916351649737,0.8683583420769764,0.0040474626568632235,0.003400247716091245,0.005754784033571646,
0.00588604093330064,0.959161826352515,0.002117851703485698,0.029823066281385202,0.003011214729313281,
0.014318526484986391,0.9688762715018019,0.005151937618386357,0.0043281101286155145,0.0073251542662099095,
0.3707246022554013,0.1388463341130586,0.008722063473529279,0.4693057513084009,0.012401248849610061,
0.72954478488134,0.1219171049960964,0.045537035300309135,0.03825537463943919,0.06474570018281532,
0.021730989496697536,0.1244706465448736,0.836112398406616,0.006568700755913247,0.0111172647958997,
0.13265890465763022,0.8525535166841137,0.004533398807965644,0.0038084795956739724,0.006445700254616342,
0.008871553523101101,0.642570094592165,0.0031920666122395368,0.0026816349224307087,0.34268465035006374,
0.009263088153007944,0.00892335055918914,0.0033329443758022275,0.0027999854383989825,0.9756806314736017,
