0.33391787639654863,0.5345594892378293,0.07979718554145243,0.00640633602286553,0.04531911280130409,
0.08396801014731387,0.7701783702334166,0.1165043271955436,0.012095330885348313,0.017253961538377622,
0.16253327457438152,0.6367768263923147,0.01931825133245801,0.15763075043617458,0.023740897264671212,
0.07565197784894047,0.754709446000815,0.12506536791988426,0.018369359451129656,0.02620384877923059,
0.03452596634770176,0.6438721484617504,0.10626735286373187,0.1772901795556466,0.03804435277116943,
0.06265246960156735,0.882774976855107,0.017658494544455994,0.015212896838073656,0.021701162160796112,
0.21797837930952327,0.6693849858886253,0.0364467717196941,0.031399108052877794,0.04479075502927965,
0.015141151053889699,0.6786881576085938,0.04660289666052655,0.17683001498844972,0.08273777968854028,
0.239185777401929,0.4426364406385759,0.039992725219720054,0.2290365512960997,0.04914850544367526,
0.012298002670716224,0.7658480634329042,0.11832751059908438,0.036324832615231145,0.0672015906820641,
0.049813152529807156,0.7701783702334166,0.1165043271955436,0.012095330885348313,0.051408819155884314,
0.07979084817400137,0.7959991071426971,0.022488918092749395,0.019374335115803863,0.08234679147474826,
0.13812482426380687,0.698596933814077,0.04371533847643859,0.10391254881003184,0.015650354635645725,
0.014657074338087297,0.4331933381079945,0.04511295860482562,0.426944053216438,0.08009257573265463,
0.03210791272513545,0.45870645138009103,0.30893222948671517,0.02480192323771625,0.1754514831703421,
0.07979084817400137,0.85070845437649,0.022488918092749395,0.019374335115803863,0.027637444240955322,
0.06854129899438438,0.7777647897623104,0.11331022691245517,0.01664278706617889,0.02374089726467122,
0.09545821866833763,0.6904905858814925,0.09235656796487807,0.08863041954462826,0.03306420794066362,
0.07979084817400138,0.6318710654413184,0.0224889180927494,0.019374335115803866,0.24647483317612714,
0.06265246960156734,0.4531924128232007,0.36132454576998085,0.015212896838073652,0.10761767496717733,
0.20022540150287152,0.2890927372363672,0.3592534313527891,0.11028560217541226,0.041142827732559735,
0.030006391159790393,0.36323144833875626,0.026904740456330834,0.2849859020702699,0.29487151797485256,
0.01888303110643699,0.6816590662929715,0.01693116137299124,0.2617194250885671,0.020807316139033274,
0.02378048607039483,0.7028379542222695,0.021322384362792962,0.07024085122967531,0.18181832411486756,
