0.001995571812959739,0.0018822866763905568,0.87333665563356,0.0013538193640728632,0.1214316665130169,
0.003999705104488289,0.003772648811121235,0.3598644190804019,0.0027134469357964247,0.6296497800681922,
0.007455440006098928,0.8710296303036444,0.022788282684470692,0.005057858094803561,0.09366878891098238,
0.008709621804671023,0.5969981866309532,0.02662181220656441,0.005908709762454818,0.36176166959535666,
0.7183333137839832,0.11099985606552491,0.13312914821764404,0.0071037247076672924,0.030433957225180545,
0.011649105462718735,0.01098780603230855,0.5981040101292023,0.3454013169212198,0.03385776145455069,
0.0034644293269174477,0.0032677597072699183,0.010589367599709949,0.8053231741889998,0.17735526917710293,
0.00950948198822303,0.008969645256344036,0.9474305158424638,0.006451344308609047,0.02763901260435998,
0.01503108348285082,0.014177795049891837,0.19110439634531007,0.01019726363637998,0.7694894614855673,
0.013125744878934618,0.012380619200406933,0.6739196132396786,0.008904659541480713,0.291669363139499,
0.13988564253302113,0.13914051685449344,0.2936399202774191,0.008904659541480713,0.4184292607935855,
0.011649105462718735,0.9109836111226428,0.0356066319477434,0.007902890012344434,0.03385776145455069,
0.00950948198822303,0.008969645256344036,0.029066663208775517,0.006451344308609047,0.9460028652380483,
0.7980467200866437,0.025114834710329707,0.08138609958436231,0.018063640349159416,0.07738870526950477,
0.005788388958861429,0.34086274209914147,0.017692777860769622,0.00392691107801805,0.6317291800032094,
0.05481837293817197,0.05170642937168582,0.6969578793793336,0.0371894282674769,0.1593278900433316,
0.00950948198822303,0.008969645256344036,0.9474305158424638,0.006451344308609047,0.02763901260435998,
0.02662636720734973,0.02511483471032971,0.5956663348372251,0.01806364034915942,0.3345288228959361,
0.1873936397158325,0.016585328214454235,0.7329862361339892,0.011928862259859747,0.05110593367586415,
0.22939035555959406,0.005459792198042483,0.017692777860769622,0.00392691107801805,0.7435301633035758,
0.15850589560805223,0.003772648811121235,0.012225490447383002,0.0027134469357964247,0.8227825181976471,
0.021180110978895633,0.2245214740817262,0.06473908392807078,0.01436883613519934,0.6751904948761079,
0.2234547956668931,0.007032207660467826,0.09478806790473542,0.005057858094803561,0.6696670706731002,
0.0030555135784208513,0.0028820573936960275,0.4224537255976081,0.0020728963111172048,0.5695358071191577,
0.010471110969338707,0.00987668423486141,0.03200597638698055,0.0071037247076672924,0.940542503701152,
0.007455440006098928,0.007032207660467826,0.022788282684470692,0.005057858094803561,0.957666211554159,
0.0038509559702964245,0.0036323439062334916,0.011770824147840454,0.0026125337754930923,0.9781333422001366,
0.0065169954593846564,0.006147036976386167,0.20873053147503623,0.00442120628843933,0.7741842298007536,
0.004334563555734336,0.004088497931240035,0.5155737282997302,0.002940618843405191,0.4730625913698901,
0.058423005857906114,0.005170745009797094,0.33440246552972364,0.5860706800722376,0.015933103530335623,
0.010471110969338707,0.2121230278961884,0.6387450073709616,0.0071037247076672924,0.13155712905584405,
0.003352271693390011,0.19740631284304927,0.010246546806308935,0.002274220502951295,0.7867206481543004,
0.009509481988223028,0.008969645256344035,0.3964122042622508,0.006451344308609046,0.5786573241845729,
0.9624019889245374,0.004675674661003316,0.015151798846121082,0.003362940924763625,0.014407596643574605,
0.004730614298489607,0.004462065563044359,0.19720035685447534,0.003209304320527805,0.7903976589634629,
0.23766484817725037,0.20401097586469813,0.31170419183585224,0.0023503095592868964,0.24426967456291235,
0.008709621804671023,0.26055076098039137,0.6995166635076878,0.005908709762454818,0.025314243944794892,
0.35163863373750726,0.003772648811121235,0.012225490447383002,0.0027134469357964247,0.6296497800681922,
0.00548194550967129,0.37575816744744084,0.016756103440314706,0.0037190162416545444,0.5982847673609186,
0.05481837293817197,0.05170642937168582,0.6969578793793336,0.0371894282674769,0.1593278900433316,
0.006954702891630759,0.006559896519963306,0.9615536215395607,0.004718152153140888,0.020213626895704374,
0.029125870733829544,0.02897072661896349,0.9321061474098292,0.0018540570571615744,0.007943198180216169,
0.011649105462718735,0.01098780603230855,0.0356066319477434,0.7953992194663869,0.14635723709084247,
0.010471110969338707,0.00987668423486141,0.13312914821764404,0.7149659275223119,0.13155712905584405,
0.002885237476505742,0.00272144756955386,0.8168676137374473,0.001957379002988054,0.175568322213505,
0.01758351366377275,0.18639545426651402,0.053745731925750204,0.011928862259859748,0.7303464378841033,
0.7936879622578968,0.0029696874067620996,0.19205564938751188,0.0021359234844223357,0.009150777463406805,
0.07945522522636365,0.007032207660467826,0.6707863496668531,0.005057858094803561,0.23766835935151182,
0.004160407274208611,0.003924228198526482,0.7761082787305456,0.08317947826632954,0.13262760753038985,
0.004730614298489607,0.324258414565617,0.014459585995862381,0.003209304320527805,0.6533420808195032,
0.021180110978895633,0.019977752963407352,0.06473908392807078,0.01436883613519934,0.8797342159944269,
0.007455440006098928,0.15103177810099724,0.09478806790473542,0.149057428535333,0.5976672854528354,
0.00950948198822303,0.008969645256344036,0.9474305158424638,0.006451344308609047,0.02763901260435998,
0.09282147821731147,0.09232704815511054,0.7836285199203282,0.005908709762454818,0.025314243944794892,
0.6139448474223287,0.0023886621985211146,0.3012185638960664,0.050631019751118375,0.03181690673196539,
0.8360369493585427,0.008969645256344036,0.12090304847214436,0.006451344308609047,0.02763901260435998,
0.006131121674852795,0.47946611707352194,0.01874037397995755,0.3002113302911656,0.1954510569805022,
0.05481837293817197,0.05170642937168582,0.6969578793793336,0.0371894282674769,0.1593278900433316,
0.14128268730530463,0.006559896519963306,0.6928976527122129,0.004718152153140888,0.15454161130937824,
0.006954702891630759,0.6110358263814957,0.1555857150575176,0.004718152153140888,0.22170560351621516,
0.007455440006098928,0.6550302746428504,0.3107874235655296,0.005057858094803561,0.021669003690717656,
0.054818372938171975,0.051706429371685826,0.1675577266795627,0.0371894282674769,0.6887280427431026,
0.05481837293817197,0.05170642937168582,0.6969578793793336,0.0371894282674769,0.1593278900433316,
0.9560967470119752,0.005459792198042483,0.017692777860769622,0.00392691107801805,0.016823771851194654,
0.02662636720734973,0.02511483471032971,0.08138609958436231,0.01806364034915942,0.8488090581487988,
0.745758617166837,0.07372388872680023,0.1555857150575176,0.004718152153140888,0.020213626895704374,
0.010471110969338707,0.00987668423486141,0.03200597638698055,0.0071037247076672924,0.940542503701152,
0.011649105462718731,0.010987806032308547,0.5981040101292022,0.007902890012344432,0.37135618836342593,
0.7765306576223081,0.003772648811121235,0.128105133325056,0.0027134469357964247,0.08887811330571828,
0.0616888806090446,0.005459792198042483,0.6884986776629676,0.00392691107801805,0.24042573845192733,
0.0028070232954098247,0.87011657870005,0.11701355482106819,0.001904317583586811,0.00815852559988514,
0.02118011097889563,0.01997775296340735,0.8829139684013461,0.014368836135199337,0.0615593315211514,
0.004730614298489607,0.8267955344268026,0.014459585995862381,0.003209304320527805,0.1508049609583176,
0.011649105462718735,0.01098780603230855,0.9356024370380776,0.007902890012344434,0.03385776145455069,
0.008709621804671023,0.008215191742470106,0.7836285199203282,0.005908709762454818,0.19353795677007576,
0.09190241996093765,0.004267121303937186,0.6254772359385274,0.00306909224964378,0.275284130546954,
0.005788388958861429,0.005459792198042483,0.856200152613517,0.00392691107801805,0.12862475515156097,
0.35716089162952686,0.004910763958703439,0.015913619547492076,0.0035320269877447555,0.6184826978765329,
0.008709621804671023,0.9334456122815149,0.02662181220656441,0.005908709762454818,0.025314243944794892,
0.4798141701737649,0.0057830685746099,0.07795075504232156,0.004159424979345517,0.43229258122995823,
0.0065169954593846564,0.006147036976386167,0.01991983500107034,0.00442120628843933,0.9629949262747195,
0.004523937348877138,0.004267121303937186,0.4070310294083761,0.00306909224964378,0.5811088196891657,
0.026626367207349726,0.282254952336761,0.595666334837225,0.018063640349159416,0.07738870526950477,
0.07411869509846769,0.006559896519963306,0.8943896293327237,0.004718152153140888,0.020213626895704374,
0.007455440006098927,0.07903199288073254,0.454786994006059,0.00505785809480356,0.45366771501230596,
0.00950948198822303,0.008969645256344036,0.029066663208775517,0.006451344308609047,0.9460028652380483,
0.010471110969338707,0.8188620588801694,0.13312914821764404,0.0071037247076672924,0.030433957225180545,
0.00950948198822303,0.008969645256344036,0.9474305158424638,0.006451344308609047,0.02763901260435998,
0.12414858109901053,0.23598675730489208,0.0356066319477434,0.007902890012344434,0.5963551396360096,
0.021180110978895633,0.019977752963407352,0.06473908392807078,0.01436883613519934,0.8797342159944269,
0.1241485810990105,0.010987806032308547,0.03560663194774339,0.007902890012344432,0.821354090908593,
0.7166556944232209,0.0057830685746099,0.01874037397995755,0.24100094922880155,0.01781991379341016,
0.015031083482850822,0.4496590469308559,0.04594397905165541,0.01019726363637998,0.47916862689825795,
0.008709621804671023,0.5969981866309532,0.27895738144448573,0.005908709762454818,0.10942610035743533,
0.1115942828000022,0.6166157152188423,0.03200597638698054,0.007103724707667292,0.2326803008865075,
0.0616888806090446,0.22906175879877513,0.017692777860769622,0.00392691107801805,0.6876296716533926,
0.011649105462718731,0.010987806032308547,0.8231029614017857,0.007902890012344432,0.14635723709084245,
0.00950948198822303,0.008969645256344036,0.2127394337355132,0.006451344308609047,0.7623300947113106,
0.09190241996093765,0.004267121303937186,0.5817879946324972,0.13413681616773454,0.18790564793489348,
0.021180110978895633,0.429065195200045,0.26928280504638963,0.21891255725351821,0.061559331521151416,
0.01312574487893462,0.012380619200406933,0.04012012496924607,0.008904659541480715,0.9254688514099316,
0.008709621804671023,0.008215191742470106,0.27895738144448573,0.005908709762454818,0.6982090952459183,
0.003999705104488289,0.003772648811121235,0.9778891810946577,0.0027134469357964247,0.011625018053936297,
0.015031083482850822,0.014177795049891839,0.4814252309326195,0.30051809822368936,0.18884779231094856,
0.0065169954593846564,0.006147036976386167,0.9010364185462445,0.00442120628843933,0.08187834272954539,
0.021180110978895633,0.019977752963407352,0.26928280504638963,0.01436883613519934,0.6751904948761079,
0.00548194550967129,0.21693498640273637,0.7579309483156021,0.0037190162416545444,0.015933103530335623,
0.005788388958861429,0.6762656920002404,0.017692777860769622,0.00392691107801805,0.2963262301021105,
0.0065169954593846564,0.006147036976386167,0.33460432912434684,0.570853295710337,0.08187834272954539,
0.006954702891630759,0.006559896519963306,0.4242416838848653,0.004718152153140888,0.5575255645503998,
0.03584305444288333,0.3799571884739644,0.45570668876227716,0.02431634925747086,0.10417671906340424,
0.0028070232954098247,0.002647673471310163,0.36098918441665123,0.6253975932167436,0.00815852559988514,
0.004334563555734336,0.004088497931240035,0.808596475913297,0.17038218890830045,0.01259827369142822,
0.007455440006098928,0.007032207660467826,0.09478806790473542,0.8690552807379802,0.021669003690717656,
0.004523937348877138,0.004267121303937186,0.14489558157219462,0.7020969531461279,0.1442164066288632,
0.0030555135784208513,0.03239021803933675,0.8945842959278596,0.06108921760239864,0.008880754851984089,
0.004957079427433762,0.14829241108556884,0.8289799719186591,0.003362940924763625,0.014407596643574605,
0.6287215374262622,0.007577808225116575,0.10214229091232889,0.238208149346244,0.023350214090048334,
0.01312574487893462,0.012380619200406933,0.04012012496924607,0.13566455719556725,0.7987089537558452,
0.011649105462718731,0.010987806032308547,0.8231029614017857,0.007902890012344432,0.14635723709084245,
0.01503108348285082,0.014177795049891837,0.19110439634531007,0.7359993501046533,0.043687375017293875,
0.005788388958861429,0.005459792198042483,0.017692777860769622,0.00392691107801805,0.9671321299043084,
0.017583513663772754,0.016585328214454242,0.5631761100819296,0.01192886225985975,0.39072618577998375,
0.0065169954593846564,0.006147036976386167,0.9010364185462445,0.00442120628843933,0.08187834272954539,
