0.6533974517049104,0.34280932912784506,0.0015913135870979113,0.001101690346294384,0.0011002152338523347,
0.0026701893396319587,0.9892946852085152,0.00337085829787624,0.002333695932471214,0.0023305712215054447,
0.0030747074904510898,0.002960706798297685,0.9885937092183603,0.0026872372896947815,0.0026836392031960653,
0.20112145461945377,0.19366448997981786,0.25389657359592704,0.17577641915191156,0.17554106265288985,
0.9900483244217809,0.002412489591120996,0.003162804090131815,0.0021896568731454066,0.0021867250238210845,
0.004949111485522488,0.004765613661210375,0.9816402032095937,0.004325431598308431,0.004319640045364939,
0.0078033652348587414,0.007514040464726151,0.9710517331419132,0.006819996409201141,0.006810864749300714,
0.0026701893396319587,0.9892946852085152,0.00337085829787624,0.002333695932471214,0.0023305712215054447,
0.0019145404998092595,0.0018435552295642643,0.002416924011572788,0.9921539478251227,0.0016710324339311157,
0.8879067190382229,0.001385964784493921,0.001817017203021035,0.10763403495242278,0.0012562640218395248,
0.0044112713978316275,0.004247715028911621,0.005568807640290562,0.003855369342297356,0.9819168365906688,
0.7881521310630117,0.0038313469612966788,0.20106625883502222,0.00347745964918747,0.0034728034914817273,
0.9893936876124328,0.0025711869357141707,0.00337085829787624,0.002333695932471214,0.0023305712215054447,
0.0016106672141996815,0.0015509486302960718,0.31947061529633053,0.0014076932562619802,0.6759600756029118,
0.0021139528256760324,0.0020355739600261625,0.9921578359231852,0.0018475555412846352,0.0018450817498281765,
0.0030747074904510898,0.002960706798297685,0.9885937092183603,0.0026872372896947815,0.0026836392031960653,
0.0028582066506389627,0.0027522331434021805,0.9893968657921273,0.0024980195732777865,0.002494674840553733,
0.0078033652348587414,0.39199433323185295,0.00985100122409602,0.5835404355598914,0.006810864749300714,
0.0016772186860633787,0.2495301994495141,0.7458628285651606,0.001465858007683574,0.001463895291578559,
0.993050748704866,0.0016846405697034602,0.002208584900788849,0.0015290365669585052,0.001526989257683394,
0.0026701893396319587,0.7919499855539549,0.00337085829787624,0.002333695932471214,0.19967527087606562,
0.0039788712638445705,0.0038313469612966788,0.005022943885230418,0.9836940343981465,0.0034728034914817273,
8.980114132634777E-4,8.647159134503638E-4,0.0011336534001757323,0.9963198248337904,7.837944393200831E-4,
0.0018283070338604398,0.001760519035172327,0.0023080625200171843,0.9925073445138437,0.0015957668971064165,
0.0016772186860633783,0.41480697736360506,0.0021173279517508253,0.0014658580076835736,0.5799326179908971,
0.0014393307391448163,0.001385964784493921,0.001817017203021035,0.0012579483565334061,0.9940997389168069,
0.16695399660015442,0.7453605331917872,0.0021173279517508257,0.08410424696472911,0.0014638952915785588,
0.820650532739148,0.00168464056970346,0.1746088008665067,0.0015290365669585048,0.0015269892576833938,
0.5770112712156136,0.0032033513447274386,0.0041996337611245075,0.002907469659101308,0.4126782740194331,
0.0039788712638445705,0.0038313469612966788,0.9852395186341895,0.00347745964918747,0.0034728034914817273,
0.0015491956531110255,0.9937889696082604,0.001955711134343336,0.001353968252590508,0.001352155351694849,
0.9803415354569638,0.004765613661210375,0.006247779238152274,0.004325431598308431,0.004319640045364939,
0.0015491956531110255,0.0014917562455302436,0.001955711134343336,0.9936511816153206,0.001352155351694849,
0.0023597351853533854,0.0022722434661363606,0.991246053234203,0.0020623647626903632,0.0020596033516171687,
0.003623672845392432,0.9854719821042246,0.004574539901864602,0.0031670228228325953,0.003162782325685708,
0.0078033652348587414,0.007514040464726151,0.9710517331419132,0.006819996409201141,0.006810864749300714,
0.8059135441791807,8.280768269200855E-4,0.1917562044568698,7.515904409417471E-4,7.505840960876893E-4,
0.0019145404998092595,0.5206667659208947,0.002416924011572788,0.4733307371337923,0.0016710324339311157,
0.10200052873874048,0.8860262642353599,0.005022943885230418,0.00347745964918747,0.0034728034914817273,
0.0018283070338604398,0.9926699571290853,0.0023080625200171843,0.0015979064199307732,0.0015957668971064165,
0.1436851571716228,0.0027522331434021805,0.003608212145240373,0.8474597226991809,0.002494674840553733,
0.0039788712638445705,0.0038313469612966788,0.005022943885230418,0.00347745964918747,0.9836893782404408,
0.0033266949567053077,0.0032033513447274386,0.0041996337611245075,0.002907469659101308,0.9863628502783414,
0.0016106672141996815,0.0015509486302960718,0.0020333130926402944,0.041087356031723254,0.9537177150311408,
0.0021139528256760324,0.0020355739600261625,0.9400794583995341,0.0018475555412846352,0.05392345927347929,
0.0044112713978316275,0.004247715028911621,0.9836354370499758,0.003855369342297356,0.003850207180983474,
0.9963522927094166,8.842788132331319E-4,0.0011593006069763334,8.026012581770676E-4,8.015266121969846E-4,
0.0017495069019881448,0.0016846405697034607,0.9935098267036667,0.0015290365669585054,0.0015269892576833942,
0.001492243756153745,0.9940173009763213,0.0018838148191312088,0.0013041933514990206,0.001302447096894807,
0.9900483244217809,0.002412489591120996,0.003162804090131815,0.0021896568731454066,0.0021867250238210845,
0.0015491956531110255,0.0014917562455302436,0.001955711134343336,0.9936511816153206,0.001352155351694849,
0.0023597351853533854,0.0022722434661363606,0.991246053234203,0.0020623647626903632,0.0020596033516171687,
0.0028582066506389627,0.0027522331434021805,0.9893968657921273,0.0024980195732777865,0.002494674840553733,
0.0020093111604971747,0.8929433295616105,0.1015375092800202,0.001756100667740509,0.001753749330131726,
0.44656766576006,0.0013385032068149146,0.5496657164311408,0.0012148706287961975,0.0012132439731882534,
0.7069929592555582,0.0027522331434021805,0.28526211318720807,0.0024980195732777865,0.002494674840553733,
0.003623672845392432,0.003489318207172316,0.18311684242860135,0.7173362329297798,0.0924339335890541,
0.00182830703386044,0.0017605190351723272,0.9932175006139302,0.0015979064199307734,0.0015957668971064167,
0.24765220841665217,0.009302319781163798,0.012195457820776709,0.008443098996152396,0.7224069149852549,
0.6632125004405961,0.0014369159496578606,0.0018838148191312088,0.3321643216937202,0.001302447096894807,
0.0028582066506389627,0.0027522331434021805,0.7781564400106515,0.0024980195732777865,0.2137351006220295,
0.0016772186860633785,0.0016150325783774737,0.0021173279517508257,0.0014658580076835738,0.9931245627761248,
0.4957525334740824,0.0027522331434021805,0.003608212145240373,0.21373844535475356,0.28414857588252146,
0.0028582066506389627,0.0027522331434021805,0.21484863792671613,0.7770462474386889,0.002494674840553733,
0.0012605420343410531,0.001213805014689711,0.0015913135870979113,0.9948341241300191,0.0011002152338523347,
0.06422681536202293,0.928233998650879,0.003162804090131815,0.0021896568731454066,0.0021867250238210845,
0.0028582066506389627,0.0027522331434021805,0.9893968657921273,0.0024980195732777865,0.002494674840553733,
0.1444899668586832,0.005427336527635235,0.840237225190424,0.004926033577242318,0.0049194378460151325,
0.4926453234712431,0.004765613661210375,0.493943991223873,0.004325431598308431,0.004319640045364939,
0.5873657022711727,0.001760519035172327,0.27255609109108436,0.0015979064199307732,0.13671978118264,
0.9499506947134365,0.044784694561132925,0.002208584900788849,0.0015290365669585052,0.001526989257683394,
0.002009311160497175,0.0019348120857853124,0.9430455535627441,0.0017561006677405092,0.05125422252323313,
0.0020093111604971747,0.7939423831754078,0.00253656289381741,0.001756100667740509,0.19975564210253735,
0.0022300924206724447,0.0021474074562287462,0.0028152780889653165,0.9908607723424301,0.0019464496917035057,
0.002505381424705737,0.002412489591120996,0.06488423802744901,0.9280111659329033,0.0021867250238210845,
0.0033266949567053077,0.9866626249314274,0.0041996337611245075,0.002907469659101308,0.002903576691641398,
8.980114132634777E-4,8.647159134503638E-4,0.9966686329230585,7.848453109076377E-4,7.837944393200831E-4,
0.20112145461945377,0.19366448997981786,0.25389657359592704,0.17577641915191156,0.17554106265288985,
0.0033266949567053077,0.0032033513447274386,0.9876589073478245,0.002907469659101308,0.002903576691641398,
0.0014922437561537452,0.0014369159496578608,0.9944641998457947,0.0013041933514990208,0.0013024470968948073,
0.0016772186860633785,0.951956505584401,0.0021173279517508257,0.0014658580076835738,0.04278308977010132,
0.9886468602975258,0.0027522331434021805,0.003608212145240373,0.0024980195732777865,0.002494674840553733,
0.001390041674627461,0.0013385032068149146,0.0017547944798392457,0.9943034166655301,0.0012132439731882532,
0.8362927106047472,0.002960706798297685,0.15537570610406418,0.0026872372896947815,0.0026836392031960653,
0.12233903478120668,9.486651918837953E-4,0.0012437119563535836,0.8746087004582092,8.598876123467108E-4,
0.002505381424705737,0.002412489591120996,0.003162804090131815,0.9897325998702204,0.0021867250238210845,
0.0044112713978316275,0.9823143444385969,0.005568807640290562,0.003855369342297356,0.003850207180983474,
0.0014393307391448163,0.001385964784493921,0.07273440826694727,0.9231840321875745,0.0012562640218395248,
0.002359735185353385,0.00227224346613636,0.002978939662546686,0.002062364762690363,0.9903267169232732,
0.0011212626514046599,0.7745213155816573,0.0014154867059378905,9.799627501979357E-4,0.22196197231080236,
0.04484956089341762,0.0016846405697034607,0.8642096647293783,0.0015290365669585054,0.08772709724054234,
0.9803415354569638,0.004765613661210375,0.006247779238152274,0.004325431598308431,0.004319640045364939,
0.0039788712638445705,0.0038313469612966788,0.9852395186341895,0.00347745964918747,0.0034728034914817273,
0.991141805370979,0.0021474074562287462,0.0028152780889653165,0.0019490593921236694,0.0019464496917035057,
0.9893936876124328,0.0025711869357141707,0.00337085829787624,0.002333695932471214,0.0023305712215054447,
0.004949111485522488,0.9801580376326519,0.006247779238152274,0.004325431598308431,0.004319640045364939,
0.2720763356049276,0.001760519035172327,0.0023080625200171843,0.7222593159427765,0.0015957668971064165,
0.0020093111604971747,0.001934812085785312,0.00253656289381741,0.9917655645297684,0.001753749330131726,
0.0030747074904510898,0.002960706798297685,0.0038815237196467307,0.9873994227884084,0.0026836392031960653,
0.002113952825676032,0.9915247469093972,0.0026686629738141175,0.001847555541284635,0.0018450817498281763,
0.0019145404998092595,0.0018435552295642643,0.002416924011572788,0.09600476572191566,0.8978202145371381,
0.0018283070338604398,0.9926699571290853,0.0023080625200171843,0.0015979064199307732,0.0015957668971064165,
0.8037322297500471,0.0018435552295642638,0.1910799097175111,0.0016732728689464796,0.0016710324339311155,
0.006545128729751958,0.9737592902634972,0.008262598146839108,0.005720321052674094,0.005712661807237571,
0.0019145404998092595,0.0018435552295642643,0.002416924011572788,0.9921539478251227,0.0016710324339311157,
0.006545128729751958,0.006302455497341355,0.9757194329129949,0.005720321052674094,0.005712661807237571,
0.0026701893396319587,0.0025711869357141707,0.9900943565706771,0.002333695932471214,0.0023305712215054447,
0.0033266949567053077,0.3310231092069608,0.4959292705544745,0.166817348590218,0.002903576691641398,
0.11308534133224112,0.004247715028911621,0.8749613671155664,0.003855369342297356,0.003850207180983474,
0.002230092420672445,0.0021474074562287467,0.9917269910392719,0.0019490593921236696,0.0019464496917035062,
0.20112145461945377,0.19366448997981786,0.25389657359592704,0.17577641915191156,0.17554106265288985,
0.0030747074904510898,0.002960706798297685,0.9885937092183603,0.0026872372896947815,0.0026836392031960653,
0.006545128729751958,0.006302455497341355,0.9757194329129949,0.005720321052674094,0.005712661807237571,
0.0056363136952006345,0.005427336527635235,0.9790908783539066,0.004926033577242318,0.0049194378460151325,
0.9900483244217809,0.002412489591120996,0.003162804090131815,0.0021896568731454066,0.0021867250238210845,
0.0026701893396319587,0.0025711869357141707,0.00337085829787624,0.002333695932471214,0.9890540694943064,
0.07327168191113088,0.49564655996684565,0.003608212145240373,0.0024980195732777865,0.4249755264035053,
0.004949111485522488,0.004765613661210375,0.006247779238152274,0.9797178555697499,0.004319640045364939,
0.9776118858395785,0.005427336527635235,0.0071153062095286775,0.004926033577242318,0.0049194378460151325,
0.0022300924206724447,0.0021474074562287462,0.0028152780889653165,0.0019490593921236694,0.9908581626420099,
0.007803365234858742,0.007514040464726152,0.009851001224096021,0.006819996409201143,0.968011596667118,
0.0039788712638445705,0.0038313469612966788,0.20106625883502222,0.3955640895487711,0.39555943339106536,
0.0020093111604971747,0.001934812085785312,0.00253656289381741,0.001756100667740509,0.9917632131921597,
0.0018283070338604398,0.9926699571290853,0.0023080625200171843,0.0015979064199307732,0.0015957668971064165,
0.0039788712638445705,0.9840479217102558,0.005022943885230418,0.00347745964918747,0.0034728034914817273,
0.018435487929540716,0.017751956767412164,0.02327303781059025,0.016112274345392044,0.9244272431470648,
0.2657964555457122,0.7261684190024349,0.00337085829787624,0.002333695932471214,0.0023305712215054447,
0.0033266949567053077,0.9866626249314274,0.0041996337611245075,0.002907469659101308,0.002903576691641398,
0.005636313695200635,0.0054273365276352355,0.007115306209528678,0.004926033577242318,0.9768950099903931,
0.05150978435359857,0.24943717805129229,0.0025365628938174094,0.0512565738608419,0.6452599008404498,
0.005636313695200635,0.0054273365276352355,0.007115306209528678,0.004926033577242318,0.9768950099903931,
0.9958870456071819,9.97064221340376E-4,0.0013071636905650271,9.049690963478356E-4,9.037573845649531E-4,
0.0017495069019881448,0.04478469456113293,0.9504097727122373,0.0015290365669585054,0.0015269892576833942,
0.001492243756153745,0.9940173009763213,0.0018838148191312088,0.0013041933514990206,0.001302447096894807,
0.9900483244217809,0.002412489591120996,0.003162804090131815,0.0021896568731454066,0.0021867250238210845,
0.0015491956531110255,0.0014917562455302436,0.001955711134343336,0.9936511816153206,0.001352155351694849,
0.0023597351853533854,0.0022722434661363606,0.991246053234203,0.0020623647626903632,0.0020596033516171687,
0.0028582066506389627,0.0027522331434021805,0.9893968657921273,0.0024980195732777865,0.002494674840553733,
0.004949111485522488,0.004765613661210375,0.9816402032095937,0.004325431598308431,0.004319640045364939,
0.5465145162846127,0.447439070823698,0.0025365628938174103,0.0017561006677405092,0.0017537493301317262,
0.0019145404998092595,0.0018435552295642643,0.002416924011572788,0.0016732728689464798,0.9921517073901073,
0.1444899668586832,0.005427336527635235,0.0071153062095286775,0.004926033577242318,0.8380413568269105,
0.0019145404998092595,0.0018435552295642643,0.002416924011572788,0.0016732728689464798,0.9921517073901073,
0.003623672845392432,0.6283873770507511,0.09384569116523299,0.2709804766129378,0.003162782325685708,
0.0039788712638445705,0.9840479217102558,0.005022943885230418,0.00347745964918747,0.0034728034914817273,
0.0039788712638445705,0.0038313469612966788,0.005022943885230418,0.00347745964918747,0.9836893782404408,
0.0056363136952006345,0.2831346428546003,0.7013835720269415,0.004926033577242318,0.0049194378460151325,
0.005636313695200635,0.0054273365276352355,0.007115306209528678,0.004926033577242318,0.9768950099903931,
0.0028582066506389627,0.0027522331434021805,0.003608212145240373,0.07291149483376971,0.9178698532269487,
