0.9881132314987601,0.0016349495560809906,0.0035897361021762033,0.005168551299054127,0.0014935315439285647,
0.003573528020154749,0.0023466000124886957,0.9845179600267722,0.007418285474189925,0.002143626466394427,
0.003222825290466224,0.7872288963479944,0.10278568991558953,0.10482933549529583,0.0019332529506539409,
0.003573528020154749,0.0023466000124886957,0.9845179600267722,0.007418285474189925,0.002143626466394427,
0.0016265470664183724,0.0010680916295727038,0.002345128673143854,0.9939845275795137,9.757050513513666E-4,
0.0013036865033026407,8.560813704767994E-4,0.0018796336502071352,0.9951785654608533,7.820330151601071E-4,
0.9540770399163035,8.560813704767992E-4,0.001879633650207135,0.0027063223223106653,0.04048092274070181,
0.002314323164263746,0.001519728049013313,0.9899733698636154,0.004804302587025902,0.0013882763360816262,
0.001805390488782734,0.0011855313067731525,0.992178282202637,0.0037478094372400176,0.0010829865645670376,
0.0063278931521349915,0.004155286894653782,0.009123451745137151,0.9765975006058255,0.0037958676022484964,
0.0024897886384985836,0.6839896407670313,0.30685848775148744,0.005168551299054127,0.0014935315439285647,
0.0012539077575112023,8.233935603247461E-4,0.0018078634773798,0.002602986642627922,0.9935118485621564,
0.002934806134935969,0.0019271756298120247,0.004231354972292299,0.9891461822847489,0.0017604809782107277,
0.9859886254670037,0.0019271756298120247,0.004231354972292299,0.0060923629526811966,0.0017604809782107277,
0.004567607638181183,0.0029993743103028125,0.006585501189065732,0.9831075790290017,0.0027399378334485593,
6.676076878169683E-4,0.9965834870291937,9.625457285772391E-4,0.0013858865482676902,4.004730061444624E-4,
9.894469427474102E-4,6.497321960574494E-4,0.9957132959269925,0.002053992536638034,5.935323975645087E-4,
0.0012539077575112023,0.07718952248063428,0.0018078634773798,0.002602986642627922,0.9171457196418468,
0.002934806134935969,0.0019271756298120247,0.004231354972292299,0.9891461822847489,0.0017604809782107277,
0.9913806905282361,0.0011855313067731523,0.002602982163183571,0.003747809437240017,0.0010829865645670374,
0.07278836723438548,0.001519728049013313,0.2852329291623982,0.004804302587025902,0.6356546729671771,
0.001479942756129771,9.7182215178665E-4,0.002133757001974613,0.9945267155084541,8.877625816548402E-4,
0.0020284210897238237,0.0013319870244845975,0.9912120189861328,0.004210798577923876,0.0012167743217349444,
0.004567607638181183,0.002999374310302813,0.9802111852383687,0.009481894979698832,0.0027399378334485597,
0.0024897886384985836,0.0016349495560809906,0.0035897361021762033,0.9907919941593156,0.0014935315439285647,
0.0017113088778779426,0.0011237514891590235,0.0024673368517729275,0.8894480473455316,0.10524955543565849,
0.05678179604653016,0.0011855313067731525,0.0026029821631835715,0.11370062055273486,0.8257290699307783,
0.002314323164263746,0.001519728049013313,0.9194993257934937,0.07527834665714762,0.0013882763360816262,
0.9956677641345907,5.958715444193761E-4,0.0013083104535585833,0.0018837233439547118,5.443305234768255E-4,
0.0024897886384985836,0.0016349495560809906,0.9892131789624378,0.005168551299054127,0.0014935315439285647,
0.00400987640180158,0.0026331334080705593,0.9826275136531022,0.008324100915680935,0.0024053756213446706,
0.0015497855688936149,0.0010176852720363086,0.002234455214898861,0.9942684152584188,9.296586857524159E-4,
0.3509582467419909,0.001254499161444584,0.0027544097083838804,0.6438868554722041,0.001145988915976442,
0.0019104184270110896,0.001254499161444584,0.9917232566008267,0.003965836894741187,0.001145988915976442,
0.5749378359825348,0.36590426873757703,0.0024673368517729275,0.05566400792057617,0.001026550507539059,
0.06008505647950773,0.001254499161444584,0.0027544097083838804,0.9347600457346874,0.001145988915976442,
7.431466568665147E-4,0.9735671647820462,0.023701204672946615,0.0015426978657318434,4.4578602240891727E-4,
9.894469427474102E-4,6.497321960574494E-4,0.9655833950881824,0.03218389337544827,5.935323975645087E-4,
0.0012539077575112023,8.233935603247461E-4,0.0018078634773798,0.002602986642627922,0.9935118485621564,
0.002934806134935969,0.0019271756298120247,0.004231354972292299,0.9891461822847489,0.0017604809782107277,
0.00400987640180158,0.0026331334080705593,0.005781373511886452,0.9851702410568967,0.0024053756213446706,
0.00400987640180158,0.0026331334080705593,0.9826275136531022,0.008324100915680935,0.0024053756213446706,
