0.0011558550539591283,0.0021311250398205316,0.03847362257847085,0.6146978304423913,0.3435415668853581,
0.0040046985162576175,0.7115855793597091,0.015932834053520285,0.2518759499088958,0.016600938161617222,
0.08976524760408507,0.0054609257483075515,0.09858717449405571,0.533498527517674,0.27268812463587766,
0.004537218082495874,0.008365563686911362,0.018051481897966647,0.019421432519877962,0.9496243038127481,
0.48194761721997653,0.005024759473523504,0.010842587310626858,0.49088779152254086,0.01129724447333226,
0.0032433695608169275,0.005980011127496518,0.01290385999768748,0.9644278077662582,0.013444951547740872,
0.001947523752681697,0.003590776041311469,0.007748291822916955,0.17956641829295653,0.8071469900901334,
0.002198488711709781,0.004053496437325064,0.00874676474895875,0.9758877113414872,0.009113538760519216,
0.001082514658666992,0.0019959025893047473,0.7657212755537087,0.13153608191525645,0.09966422528306314,
0.0029618340113953955,0.0054609257483075515,0.9666213104209523,0.012678045961536044,0.012277883857808649,
0.002198488711709781,0.004053496437325064,0.20204219337916995,0.6537286636244686,0.1379771578473267,
0.0027252711708038732,0.2446359324981098,0.4101945423516041,0.33114700950615,0.01129724447333226,
0.0035840494680124905,0.006608144800746756,0.7495314293806992,0.015341421466922049,0.22493495488361964,
0.0029618340113953955,0.0054609257483075515,0.9666213104209523,0.012678045961536044,0.012277883857808649,
0.0017479852904372776,0.00322287401774909,0.9803009020175446,0.007482201152053118,0.007246037522216083,
0.022443940576592353,0.04138135105365154,0.7470657293574245,0.09607064713730026,0.0930383318750312,
0.0017479852904372774,0.0032228740177490897,0.05818318318256936,0.9295999199870282,0.0072460375222160815,
0.06558178265105213,0.12091739244033883,0.26091943143068597,0.280720949077693,0.27186044440023005,
0.0032433695608169275,0.005980011127496518,0.01290385999768748,0.9644278077662582,0.013444951547740872,
0.48194761721997653,0.005024759473523504,0.010842587310626858,0.011665445473368287,0.4905195905225048,
0.0035840494680124905,0.006608144800746756,0.014259267003902782,0.960691344522803,0.01485719420453497,
0.00618105302374769,0.011396408940937075,0.024591537091639214,0.026457821074465086,0.9313731798692109,
0.002349896815791511,0.624155233455481,0.35369502281226733,0.010058666259098077,0.009741180657362273,
0.0015855352717769092,0.002923354366647002,0.9821316490223102,0.006786838483144393,0.0065726228561216885,
0.0029618340113953955,0.6130848208971352,0.01178376090136605,0.1862848731469154,0.185884711043188,
0.005233080087305738,0.9298538480846943,0.020819993385604505,0.02240004997309227,0.021693028469303263,
0.0010492272910119658,0.0019345285074280016,0.004174387720886527,0.004491187476532716,0.9883506690041409,
0.001585535271776909,0.0029233543666470014,0.47098598462800967,0.4249969275330265,0.09950819820053994,
0.001082514658666992,0.985489570877847,0.0043068226851598595,0.0046336731038316425,0.004487418674494516,
0.3047236408388284,0.003808131625701643,0.3108755389487298,0.00884093100756538,0.37175175757917456,
0.0017479852904372774,0.0032228740177490897,0.41678451828505964,0.16116848762454897,0.417076134782205,
0.001391548702804532,0.00256568872932521,0.9843178003877552,0.005956484510609043,0.005768477669506206,
0.0040046985162576175,0.007383722773626013,0.015932834053520285,0.01714199771353473,0.9555367469430613,
0.002198488711709781,0.004053496437325064,0.00874676474895875,0.8470240922546798,0.1379771578473267,
0.0075484566332570495,0.8988176796668981,0.030031800498747527,0.03231095320227211,0.03129110999882531,
0.0032433695608169275,0.29114340820344553,0.29806725707363646,0.2990465479223772,0.10849941723972387,
0.0025237020974892073,0.0046531134804356075,0.010040637655139274,0.0108026348073838,0.9719799119595521,
0.004537218082495874,0.008365563686911362,0.9488673594315568,0.019421432519877962,0.018808426279158165,
0.07121907193381079,0.07320183251132674,0.14708749745820945,0.6298812423212715,0.07861035577538154,
0.022443940576592353,0.04138135105365154,0.0892940078415912,0.09607064713730026,0.7508100533908646,
0.0025237020974892073,0.0046531134804356075,0.08400357957229503,0.7504320539789414,0.1583875508708388,
0.0035840494680124905,0.006608144800746756,0.014259267003902782,0.960691344522803,0.01485719420453497,
0.6802156620924258,0.04138135105365154,0.0892940078415912,0.09607064713730026,0.0930383318750312,
0.0017479852904372774,0.0032228740177490897,0.006954421025070747,0.7759136335145324,0.21216108615221052,
0.08976524760408507,0.0054609257483075515,0.01178376090136605,0.8807121818884327,0.012277883857808649,
0.0025237020974892073,0.0046531134804356075,0.010040637655139274,0.08476557672453956,0.8980169700423963,
0.0075484566332570495,0.013917579793445557,0.030031800498747527,0.6959860281073614,0.25251613496718844,
0.0023498968157915105,0.004332657393307472,0.009349147222170909,0.9742271179113678,0.00974118065736227,
0.0023498968157915105,0.004332657393307472,0.009349147222170909,0.2166661916131559,0.7673021069555742,
0.002523702097489207,0.4484307649833701,0.3058924053237623,0.23269146055885104,0.010461667036527277,
0.5668914034997733,0.0023721999489320113,0.3067747009490597,0.005507282348937686,0.11845441325329739,
0.009692731373334642,0.017871118409884923,0.8907667781385191,0.041489460034279495,0.04017991204398182,
0.0029618340113953955,0.0054609257483075515,0.9666213104209523,0.012678045961536044,0.012277883857808649,
0.0035840494680124905,0.11164702514028908,0.1192981473434451,0.015341421466922049,0.7501293565813313,
0.0029618340113953955,0.0054609257483075515,0.01178376090136605,0.012678045961536044,0.9671154333773949,
0.667581323175655,0.002793544532459799,0.27245447714486304,0.0064854729052302865,0.050685182241792005,
0.009692731373334642,0.017871118409884923,0.03856287305267805,0.32555742839622653,0.6083158487678759,
0.2919345269691221,0.0022860017132651377,0.004932807888402082,0.22332816891125143,0.47751849451795936,
0.0025237020974892073,0.0046531134804356075,0.971558882578164,0.0108026348073838,0.010461667036527277,
0.06558178265105213,0.12091739244033883,0.26091943143068597,0.280720949077693,0.27186044440023005,
0.0016628020021539217,0.0030658160561879946,0.15281232142837703,0.5919047969777793,0.2505542635355017,
0.0025237020974892077,0.818245474569149,0.010040637655139274,0.15872851864169535,0.010461667036527279,
0.0032433695608169275,0.005980011127496518,0.6782851198415685,0.013883150846428256,0.29860834862368985,
0.009692731373334642,0.8700750234957261,0.03856287305267805,0.041489460034279495,0.04017991204398182,
0.009692731373334642,0.8700750234957261,0.03856287305267805,0.041489460034279495,0.04017991204398182,
0.005233080087305738,0.009648569663854953,0.02081999338560451,0.9426053283939316,0.021693028469303263,
0.5591989873382864,0.002923354366647002,0.4245181969558006,0.006786838483144393,0.0065726228561216885,
0.0025237020974892073,0.0046531134804356075,0.8975959406610083,0.0108026348073838,0.08442460895368303,
0.0014507124734019728,0.0026747728160699327,0.9836510482586689,0.006209733342247229,0.00601373310961211,
0.06558178265105213,0.12091739244033883,0.26091943143068597,0.280720949077693,0.27186044440023005,
0.0027252711708038732,0.32450632350630526,0.010842587310626858,0.33114700950615,0.33077880850611396,
0.15860062649077897,0.776486301681221,0.020819993385604505,0.02240004997309227,0.021693028469303263,
0.0625970566246936,0.003808131625701644,0.008217308681061254,0.9168156218105712,0.008561881257972307,
0.002198488711709781,0.004053496437325064,0.00874676474895875,0.009410568190431207,0.9755906819115752,
0.0075484566332570495,0.013917579793445557,0.6937068754038369,0.03231095320227211,0.25251613496718844,
0.0023498968157915105,0.14207100762934602,0.009349147222170909,0.010058666259098075,0.8361712820735935,
0.0032433695608169275,0.005980011127496518,0.9634485169175174,0.013883150846428256,0.013444951547740872,
0.5942272374347353,0.004653113480435608,0.010040637655139274,0.010802634807383802,0.38027637662230607,
0.0032433695608169275,0.6713612709713775,0.10795832568967047,0.20399208223039425,0.013444951547740872,
0.001947523752681697,0.003590776041311469,0.007748291822916955,0.6932567136359243,0.29345669474716557,
0.0011179833538196905,0.4280075277930248,0.03721303069666101,0.004785495841234057,0.5288759623152605,
0.0014507124734019726,0.0026747728160699323,0.005771710655434192,0.3888581697956869,0.601244634259407,
0.001239855280316752,0.0022860017132651372,0.004932807888402081,0.0053071651446474355,0.9862341699733685,
0.05039507037384385,0.003065816056187995,0.0553477846849972,0.884298407207919,0.006892921677052114,
0.953788026480647,0.005980011127496519,0.012903859997687481,0.013883150846428258,0.013444951547740874,
0.001842367496734179,0.0033968926219537193,0.9792372521459957,0.00788620149264599,0.007637286242670591,
0.013538619512745736,0.4217426702937081,0.4506445125474348,0.05795167446182228,0.0561225231842891,
0.001337021539697563,0.002465153456974574,0.005319387272600644,0.9853359950696473,0.005542442661079874,
0.002198488711709781,0.004053496437325064,0.00874676474895875,0.8470240922546798,0.1379771578473267,
0.0014507124734019726,0.0026747728160699323,0.005771710655434192,0.9415725780062106,0.04853022604888318,
0.0075484566332570495,0.013917579793445557,0.9149319003722001,0.03231095320227211,0.03129110999882531,
0.002198488711709781,0.004053496437325064,0.9752239079000147,0.009410568190431207,0.009113538760519216,
0.0014507124734019728,0.0026747728160699327,0.9836510482586689,0.006209733342247229,0.00601373310961211,
0.0015855352717769092,0.002923354366647002,0.935663861350101,0.05325462615535352,0.0065726228561216885,
0.0013915487028045318,0.0025656887293252096,0.0055363255109388545,0.005956484510609042,0.9845499525463224,
0.5820847746023434,0.004053496437325065,0.2664740029225737,0.009410568190431208,0.1379771578473267,
0.0075484566332570495,0.013917579793445557,0.9149319003722001,0.03231095320227211,0.03129110999882531,
0.0035840494680124905,0.006608144800746756,0.32937590802252975,0.645574703504176,0.01485719420453497,
0.0032433695608169275,0.005980011127496518,0.01290385999768748,0.8693733420742753,0.10849941723972387,
0.5496313274089146,0.011396408940937075,0.024591537091639214,0.026457821074465086,0.38792290548404396,
0.6338173315052665,0.006608144800746756,0.014259267003902782,0.015341421466922049,0.329973835223162,
0.0027252711708038732,0.005024759473523504,0.010842587310626858,0.9701101375717136,0.01129724447333226,
0.0012866064865933707,0.0023721999489320113,0.9855004573648757,0.005507282348937686,0.0053334538506613904,
0.0023498968157915105,0.004332657393307472,0.009349147222170909,0.76761959255731,0.2163487060114201,
0.0029618340113953955,0.6130848208971352,0.01178376090136605,0.3598917003322947,0.012277883857808649,
0.007548456633257051,0.013917579793445559,0.030031800498747534,0.9172110530757247,0.03129110999882532,
0.0016628020021539217,0.10053035279956783,0.3477413949151367,0.10458211326088014,0.4454833370222614,
0.004537218082495874,0.2743129572679371,0.018051481897966647,0.019421432519877962,0.6836769102317224,
0.009692731373334642,0.8700750234957261,0.03856287305267805,0.041489460034279495,0.04017991204398182,
0.0014507124734019726,0.0026747728160699323,0.3033871612303317,0.006209733342247228,0.6862776201379492,
0.0012866064865933704,0.0023721999489320113,0.08053278214378772,0.005507282348937685,0.9103011290717492,
0.0035840494680124905,0.006608144800746756,0.9596091900597837,0.015341421466922049,0.01485719420453497,
9.606108303635185E-4,0.0017711405829808112,0.06012767970062158,0.8205467747308688,0.11659379415516541,
0.0023498968157915105,0.004332657393307472,0.9735175988744407,0.010058666259098075,0.00974118065736227,
0.005233080087305738,0.9298538480846943,0.020819993385604505,0.02240004997309227,0.021693028469303263,
0.0013370215396975632,0.7077864504747098,0.005319387272600645,0.28001469805191226,0.005542442661079875,
0.0020654105711598756,0.8512511763751739,0.008217308681061256,0.12990422311463284,0.008561881257972309,
0.0075484566332570495,0.8988176796668981,0.030031800498747527,0.03231095320227211,0.03129110999882531,
0.07648664401464497,0.0046531134804356075,0.010040637655139274,0.8983579378132529,0.010461667036527277,
0.001239855280316752,0.0022860017132651372,0.04126964184950274,0.9500648481332646,0.0051396530236507134,
0.0029618340113953955,0.0054609257483075515,0.01178376090136605,0.7939087682957431,0.185884711043188,
0.00618105302374769,0.011396408940937075,0.5680418114768062,0.026457821074465086,0.38792290548404396,
0.005233080087305738,0.009648569663854951,0.6342901789994975,0.3291351427800387,0.021693028469303263,
6.496760297648977E-4,0.32488231270787,0.4405107968832487,0.002780919705080687,0.23117629467403575,
0.0032433695608169275,0.005980011127496518,0.01290385999768748,0.013883150846428256,0.9639896084675708,
0.0029618340113953955,0.0054609257483075515,0.01178376090136605,0.012678045961536044,0.9671154333773949,
3.898658471082254E-4,0.19495950635606574,0.001551095000008954,0.3901501803738299,0.4129493524229871,
0.5942272374347353,0.004653113480435608,0.37985534724091813,0.010802634807383802,0.010461667036527279,
9.343073431474713E-4,0.0017226431350969179,0.4418298652064518,0.250437664350548,0.30507551996475596,
0.0014507124734019726,0.3002902233909674,0.1333211894732474,0.006209733342247228,0.5587281413201359,
0.0017479852904372774,0.0032228740177490897,0.7241570912300513,0.0074822011520531174,0.26338984830970913,
0.0035840494680124914,0.9519580678566278,0.014259267003902785,0.015341421466922052,0.014857194204534973,
0.6686246294046979,0.10103447681947951,0.10795832568967047,0.013883150846428256,0.10849941723972387,
0.0013915487028045318,0.0025656887293252096,0.0055363255109388545,0.9847379593874251,0.005768477669506205,
8.024680538430271E-4,0.0014795624739824846,0.0031926474073460196,0.9441624247059301,0.05036289735889837,
0.005233080087305738,0.009648569663854953,0.17418753978907772,0.7892377819904584,0.021693028469303263,
0.0025237020974892073,0.0046531134804356075,0.3798553472409181,0.6025061701446299,0.010461667036527277,
0.002065410571159875,0.003808131625701644,0.3714071850022636,0.008840931007565382,0.6138783417933095,
9.343073431474713E-4,0.0017226431350969179,0.05848126098000672,0.03138131907829362,0.9074804694634554,
