0.035794373822233765,0.00562939205605223,0.8856417399002446,0.004349444698361607,0.0685850495231077,
0.016756037585695143,0.023880228928403708,0.785057010367709,0.15353652096891118,0.02077020214928093,
0.016756037585695143,0.83439567582865,0.10962747128417046,0.018450613152203466,0.02077020214928093,
0.008053126429625588,0.011477087094446213,0.3123828911027834,0.008867557121360024,0.6592193382517848,
0.19268786205641214,0.19515195470528196,0.5985946123520071,0.006381639409785991,0.007183931476512656,
0.49707194789702,0.006695455899141293,0.06861188988648857,0.04304803811290952,0.38457266820444064,
0.0060795818144801575,0.008664447353752049,0.28484170551373694,0.055707552335525455,0.6447067129825055,
0.006392918765409475,0.11218946150437925,0.8149145031395296,0.007039448941958135,0.05946366764872328,
0.05162526971303111,0.07357486833821901,0.7539607221492128,0.05684624873165004,0.06399289106788682,
0.004079896760088902,0.1044900103969122,0.3227193634514741,0.5636534310880411,0.00505729830348356,
0.013191945671805955,0.018800786345975564,0.9371289137164805,0.014526076649718785,0.01635227761601933,
0.01000103984967384,0.09488082490897588,0.7910810993338073,0.011012467383317097,0.09302456852422578,
0.03645340024739663,0.051952350827246335,0.8262678660677051,0.04014001416548209,0.0451863686921698,
0.22409975763484566,0.33564526992074495,0.3157982235302892,0.11610169589951719,0.008355053014602959,
0.006392918765409477,0.009111006278059315,0.45413990984741004,0.5224317250735578,0.007924440035563318,
0.008053126429625588,0.07640078334095134,0.8966961573213296,0.008867557121360024,0.009982375786733548,
0.005795525001073323,0.008259617649943131,0.9723792864626848,0.006381639409785992,0.007183931476512658,
0.01937306576124581,0.027609943165711557,0.1267495492037124,0.02133230724178491,0.8049351346275453,
0.006740309089770194,0.0639459592394006,0.8591968448929779,0.061761833763248314,0.008355053014602959,
0.009254843759760725,0.08780159098740346,0.20977412126907505,0.6816974611377479,0.01147198284601286,
0.31562828444436936,0.009111006278059317,0.3510614546210901,0.007039448941958138,0.3171598057145232,
0.25530713283616546,0.040152230419760716,0.18432769218984008,0.031022871384284622,0.4891900731699491,
0.0033163347749100226,0.16514258706052576,0.8237785416448516,0.003651723129775142,0.004110813389937478,
