0.2898880952773579,0.03597012472907792,0.321199561432419,0.18738389713134707,0.1655583214297981,
0.617839912956444,0.05175473897447858,0.058721476586504104,0.22047499929983508,0.05120887218273825,
0.35240523696323817,0.015547724537101747,0.02528326690673722,0.08099480436139922,0.5257689672315238,
0.721710670866734,0.2357428986651172,0.01673298062440959,0.016028493643819332,0.009784956199919875,
0.813402756618955,0.05394652217130667,0.06120829708305227,0.060414306256609165,0.011028117870076822,
0.16211911653084746,0.24049257403666477,0.2530887612007949,0.17825272057718153,0.16604682765451134,
0.8789179746197868,0.023580597370903532,0.038346095965757096,0.036731660022113394,0.022423672021439186,
0.28788874409366,0.6346264433336517,0.030473810686314363,0.029190811359454255,0.017820190526919792,
0.7206416072173581,0.03179390095204107,0.16780490227505657,0.049525579957874155,0.030234009597670117,
0.8051510150470482,0.012109951218838722,0.10813726807331804,0.06308596010016328,0.01151580556063166,
0.4426544329548775,0.007479383549635601,0.012162760546216064,0.530590997381693,0.007112425567577978,
0.2542551897815572,0.021711061265907026,0.6695684180704864,0.03381947066882194,0.020645860213227382,
0.27974635043016444,0.22961511932875284,0.45373031991010987,0.022917626984222207,0.013990583346750567,
0.33372369913737154,0.041409368920566784,0.21855434208809751,0.3669348721191574,0.039377717734806805,
