0.9475150296157463,0.0015614264536679362,0.0038972545225417032,0.04610817241835655,9.181169896876307E-4,
0.003497571745349376,0.990258870106701,0.004080726860881684,0.0012014918006218894,9.613394864461424E-4,
0.0331426866960334,0.015492495169247425,0.9308700163285837,0.01138523215965841,0.009109569646476969,
0.007254124935664476,0.0033909289416886547,0.9848691343899733,0.002491949348137541,0.001993862384535942,
0.003064733352577973,0.0014326046374969438,0.9936074896834989,0.0010528024190243008,8.423699074019621E-4,
0.9924757301465189,0.0015614264536679362,0.0038972545225417032,0.0011474718875839499,9.181169896876307E-4,
0.003497571745349376,0.990258870106701,0.004080726860881684,0.0012014918006218894,9.613394864461424E-4,
0.0331426866960334,0.015492495169247425,0.9308700163285837,0.01138523215965841,0.009109569646476969,
0.007254124935664476,0.0033909289416886547,0.9848691343899733,0.002491949348137541,0.001993862384535942,
0.003064733352577973,0.0014326046374969438,0.9936074896834989,0.0010528024190243008,8.423699074019621E-4,
0.9873616811084673,0.002622687095413012,0.006546116289883131,0.0019273784588740217,0.0015421370473625128,
0.007254124935664476,0.0033909289416886547,0.6919474787264858,0.002491949348137541,0.2949155180480235,
0.048301019000294425,0.001561426453667936,0.048857955053314285,0.04610817241835653,0.8551714270743668,
0.8736856933095425,0.0037578472179604573,0.11758525676380016,0.0027615927924852525,0.00220960991621167,
0.014173825805928594,0.006625531896132732,0.016537047957520354,0.9587677890751322,0.003895805265286238,
0.006608834671047936,0.0030892890535582024,0.9862150996662767,0.0022702781378217524,0.0018164984712952736,
0.9882491009051527,0.0024385309217196723,0.006086470253341101,0.0017920444943816578,0.001433853425404819,
0.9938567534815358,0.0012748383314423006,0.0031819426659845953,9.368620232532373E-4,7.496034977841636E-4,
0.9896961092755309,0.0021382496728830362,0.005336980930732296,0.0015713717303208036,0.00125728839053308,
0.0019949220657891724,9.325230857329015E-4,0.0023275382613826175,0.9941966940668279,5.48322520267349E-4,
0.852439475371376,0.001229697962623136,0.0030692742107291913,9.036889563479817E-4,0.14235786349892374,
0.007254124935664476,0.8821558959321514,0.1061041673995106,0.002491949348137541,0.001993862384535942,
0.005610645396717315,0.002622687095413012,0.988297152001633,0.0019273784588740217,0.0015421370473625128,
0.003497571745349376,0.0016349342425340135,0.05115805714012773,0.9427480973855429,9.613394864461424E-4,
0.0331426866960334,0.015492495169247425,0.9308700163285837,0.01138523215965841,0.009109569646476969,
0.3957333347271943,0.006625531896132731,0.01653704795752035,0.5772082801538663,0.0038958052652862374,
