0.03131302955108793,0.14476918180308473,0.04972715289327321,0.02847477562785989,0.7457158601246942,
0.0040692603636774925,0.01881336625164862,0.006462253418724115,0.00370041728597399,0.9669547026799757,
0.004319823298810011,0.9435902600689425,0.006860163859309034,0.00392826886919164,0.041301483903746807,
0.0018838635996540375,0.5726122709895345,0.13725422928907563,0.0017131077408566314,0.2865365283808791,
0.04078264921289968,0.012360727158278219,0.4996637346034048,0.002431242119665463,0.44476164690575176,
0.042398413332139874,0.012850445698282887,0.717554418552596,0.0025275652830194116,0.22466915713396177,
0.013387337665810633,0.061893529568546254,0.021259973770839147,0.012173891883134984,0.8912852671116689,
0.36209831085960315,0.028855666632861272,0.009911709996685494,0.005675646036880069,0.59345866647397,
0.0017434181600142998,0.05776153195229126,0.4997807241739463,0.001585392459421695,0.43912893325432656,
0.005298600322294794,0.024496960030925125,0.008414526225168318,0.004818328264050335,0.9569715851575614,
0.006241372167317686,0.2957483706520754,0.18784017934282823,0.005675646036880069,0.5044944318008987,
0.0030186981354092006,0.5302969427621098,0.004793891420605664,0.0027450793911133883,0.4591453882907618,
0.0022456757244053477,0.20244096475433568,0.0035662809283280267,0.0020421247417483535,0.7897049538511826,
0.0031544280838738275,0.913845317754602,0.00500943951659825,0.0478315808708198,0.03015923377410621,
0.0018345999924089052,0.008481885772300015,0.0029134655965393753,0.0016683094513575108,0.9851017391873943,
0.005298600322294794,0.024496960030925125,0.008414526225168318,0.004818328264050335,0.9569715851575614,
0.005731475808469936,0.5983716348039526,0.009101961002108748,0.005211967350409823,0.3815829610350589,
0.0034661231929929135,0.01602488886805415,0.005504431875033646,0.003151949256713342,0.971852606807206,
0.004926519939310525,0.6547782429078719,0.007823638075458654,0.00447997373327204,0.32799162534408693,
0.003302938346039893,0.01527043817724804,0.4760446114492117,0.0030035556975633784,0.5023784563299369,
0.17148637929422111,0.6929525890913014,0.01785318445367924,0.010223095270553513,0.10748475189024483,
0.0019907783761048525,0.6902390873167656,0.0031614871542108153,0.0018103316222371536,0.30279831553068143,
0.006241372167317686,0.11781990130593264,0.36576864868897097,0.09463988070995144,0.4155301971278273,
0.006241372167317685,0.9184980133635748,0.009911709996685492,0.005675646036880068,0.05967325843554185,
0.004603267490254131,0.6774298874403814,0.007310291900150814,0.00418602130867449,0.3064705318605393,
0.002779503074365022,0.8844664713693297,0.004414033912648679,0.0025275652830194116,0.10581242636063722,
0.006241372167317685,0.7405695440174321,0.09887594466975684,0.09463988070995143,0.05967325843554185,
0.0021105587672253373,0.49109865993671187,0.03343551486693786,0.0019192549621589083,0.47143601146696595,
0.14780195978065225,0.7353596870803476,0.01538743579192349,0.00881115761048111,0.09263975973659563,
0.003846170723469577,0.7304828090438431,0.06093111473717053,0.003497548782322618,0.20124235671319415,
0.002048919466239769,0.6519872516561317,0.003253819033941697,0.0018632027279744587,0.34084680711571236,
0.0027795030743650215,0.36942063801825653,0.08365185442819838,0.08176538579856911,0.46238261868061087,
0.005298600322294795,0.40212699864631996,0.08394053394824728,0.004818328264050336,0.5038155388190876,
0.005731475808469935,0.18989065884343267,0.009101961002108746,0.005211967350409822,0.7900639369955788,
0.0023199363283765173,0.010725735864885422,0.0036842116575024845,0.2666557885615392,0.7166143275876964,
0.003846170723469577,0.456367097255984,0.1705773994523142,0.003497548782322618,0.3657117837859096,
0.2635151537252708,0.016857762862185564,0.005790517987638321,0.0033157679632487558,0.7105207974616566,
0.004603267490254131,0.5462003570463019,0.20415458749126994,0.00418602130867449,0.24085576666349956,
0.006850853067308444,0.031673472909712064,0.010879605800249386,0.006229882791531615,0.9443661854311984,
0.0027795030743650215,0.13170717647160743,0.004414033912648678,0.4383355781185428,0.422763708422836,
0.0026735787959800005,0.050469797575197914,0.04235488960036857,0.002431242119665463,0.9020704919087881,
0.003018698135409201,0.9175524146578204,0.004793891420605665,0.0027450793911133887,0.07188991639505132,
0.003846170723469577,0.01778195839540935,0.006107972379598698,0.003497548782322618,0.9687663497191997,
0.6752775196247678,0.01148533618723551,0.0039451288008946536,0.0022590607121542932,0.30703295467494773,
0.0036462707055073063,0.016857762862185564,0.005790517987638321,0.0033157679632487558,0.97038968048142,
0.005731475808469936,0.43497924441974467,0.009101961002108748,0.005211967350409823,0.5449753514192669,
0.046047083901599256,0.6593821000606801,0.047822277186795714,0.0027450793911133887,0.24400345945981153,
0.6816400338853983,0.01997179108723128,0.006860163859309034,0.00392826886919164,0.2875997422988698,
0.008513586212462503,0.5247698494262834,0.013520135525898888,0.007741903631291677,0.44545452520406364,
0.001883863599654038,0.008709645660620964,0.0029916994488581386,0.0017131077408566319,0.9847016835500103,
0.004319823298810011,0.6357174370750388,0.31473298685321277,0.00392826886919164,0.041301483903746807,
0.004926519939310525,0.30366628847466476,0.007823638075458654,0.28536953727983777,0.3982140162307284,
0.006850853067308446,0.7152357065921883,0.010879605800249388,0.006229882791531616,0.2608039517487223,
0.004319823298810011,0.9435902600689425,0.006860163859309034,0.00392826886919164,0.041301483903746807,
0.0025754314957543455,0.08532713037228644,0.004089954807680946,0.0023419910190063562,0.9056654923052719,
0.001935845913602255,0.0641368939235622,0.08585462929861386,0.0017603783099300427,0.8463122525542918,
0.2779618825113287,0.01778195839540935,0.006107972379598698,0.003497548782322618,0.6946506379313406,
0.28173861239857784,0.1383871363285253,0.032901777703731365,0.5153176451594436,0.0316548284097219,
0.9101712261480951,0.07563632863237801,0.004114833958350297,0.006118725997925349,0.0039588852632513934,
0.09936004116588794,0.8855684040765577,0.004369715321232575,0.006497732596305734,0.004204106840016213,
0.2854847931100489,0.3041321077060527,0.0018992291492912318,0.40665662004912273,0.0018272499854844588,
0.2908524533195436,0.04959884503839682,0.6529402650833563,0.004012380665361862,0.002596055893341491,
0.5410442985012336,0.011800689639412679,0.002805634089753545,0.4416500748172999,0.002699302952300436,
0.5062250846476026,0.44647486028637984,0.013713766007685488,0.020392263077932626,0.01319402598039951,
0.413140031647491,0.11635898663056606,0.006330263752935782,0.45808036580956335,0.006090352159443926,
0.2641502989845823,0.10703232405388056,0.17612905994960623,0.4260873671361871,0.02660094987574369,
0.654595619042492,0.326892909150386,0.005367054910748357,0.007980768786076313,0.005163648110297306,
0.8618073446362445,0.11635898663056603,0.0063302637529357815,0.009413052820809663,0.006090352159443925,
0.5877986725971746,0.3584806764008435,0.003048083120585284,0.04774000450960804,0.0029325633717887027,
0.7900073620726423,0.20218002514038283,0.0022651209077809253,0.0033682171205858267,0.002179274758608165,
0.07243820414701772,0.7810977374748344,0.003185730669890948,0.14021333351180215,0.0030649941964549145,
0.9858422509777115,0.0077788643460019215,0.0018494382663721695,0.0027501002753817626,0.0017793461345325776,
0.8828346497797305,0.09865387841314759,0.005367054910748357,0.007980768786076313,0.005163648110297306,
0.21443143160433942,0.7655327803038262,0.005809001898359111,0.008637940509205294,0.005588845684269892,
0.9235491444886161,0.014729755972845425,0.05314431540366552,0.0052074832720342135,0.003369300862838852,
0.4669136273062074,0.44518289235770403,0.07568838402083351,0.007416522175175236,0.0047985741400797775,
0.40692552144865923,0.014033119760884474,0.5708702092378222,0.004961198036408606,0.0032099515162256503,
0.26107583904471576,0.04829302644316495,0.011481749408423255,0.17983064990401693,0.4993187351996792,
0.1310057157605373,0.6059824830727542,0.2580957085332632,0.0029848565324555707,0.0019312361009897574,
0.05420618125648808,0.744493224814821,0.0063302637529357815,0.1888799780163111,0.006090352159443925,
0.05420618125648808,0.744493224814821,0.0063302637529357815,0.1888799780163111,0.006090352159443925,
0.3040177647562603,0.6799154717828786,0.004658257464934286,0.006926792513190593,0.004481713482736163,
0.10356617968978989,0.8867569272623,0.002805634089753545,0.004171956005856218,0.002699302952300436,
0.5028734942452417,0.4752928370215689,0.0063302637529357815,0.009413052820809663,0.006090352159443925,
0.2897672780611989,0.7028915420355635,0.0021284377633981545,0.0031649703510981115,0.0020477717887413677,
0.08455629936091594,0.6014346174087977,0.00987458744592391,0.014683434504459376,0.28945106127990317,
0.03329343489326806,0.953296326429153,0.003888047806178123,0.005781496758711609,0.0037406941126894256,
0.07626731353726543,0.916606512277666,0.002066100878056903,0.0030722758888602907,0.0019877974181513546,
0.3819613462061631,0.2106543800082507,0.002805634089753545,0.40187933674353227,0.002699302952300436,
0.04595820374318948,0.2508132322379732,0.005367054910748357,0.6926978609977916,0.005163648110297306,
0.7084979112213301,0.10677747414783866,0.005809001898359111,0.1733267670482022,0.005588845684269892,
0.6171712151483935,0.0761912537958203,0.3009060068394805,0.0034799542591162054,0.0022515699571896645,
0.6946649151551725,0.23681055614542312,0.003888047806178123,0.060895786780536976,0.0037406941126894256,
0.9717910798695704,0.015499170291574181,0.0036849541731613714,0.005479498110666303,0.003545297555027947,
0.70021127736292,0.019592950771779218,0.004658257464934286,0.2710558009176304,0.004481713482736163,
0.6510257517915523,0.02925025027153054,0.006954296893085087,0.3060789660676517,0.00669073497618048,
0.10356617968978989,0.8867569272623,0.002805634089753545,0.004171956005856218,0.002699302952300436,
0.7498467675559117,0.12609789741112484,0.002698319915168161,0.11876095922445389,0.002596055893341491,
0.026100799677211153,0.963386078006958,0.003048083120585284,0.004532475823457004,0.0029325633717887027,
0.9702363652642993,0.01635339605812166,0.003888047806178123,0.005781496758711609,0.0037406941126894256,
0.3767778810252031,0.010542804312755873,0.038037976913475574,0.0037272496027916722,0.5709140881457737,
0.9717910798695704,0.015499170291574181,0.0036849541731613714,0.005479498110666303,0.003545297555027947,
0.9555311510298254,0.024433060878340195,0.005809001898359111,0.008637940509205294,0.005588845684269892,
0.06930832836336219,0.5313107911454477,0.003048083120585284,0.3934002339988163,0.0029325633717887027,
0.09936004116588792,0.08032139994275508,0.004369715321232574,0.006497732596305733,0.8094511109738187,
0.8109021227495401,0.15922146739953025,0.008662106064644313,0.01288048414856938,0.008333819637716127,
0.9854610937167292,0.007988288218610985,0.0018992291492912318,0.0028241389298840373,0.0018272499854844588,
0.0374179639248262,0.45197386338912554,0.49990633324972655,0.006497732596305734,0.004204106840016213,
0.5376144114067933,0.37448210825711803,0.07568838402083351,0.007416522175175236,0.0047985741400797775,
0.05954979012101619,0.9164641927773345,0.0069542968930850855,0.010340985232383654,0.006690734976180479,
0.9665491225407523,0.018379322701693353,0.004369715321232575,0.006497732596305734,0.004204106840016213,
0.9064241059126734,0.08461200222979172,0.0025989127344747927,0.0038645629631056987,0.0025004161599545033,
0.8467237377927266,0.06354334343709714,0.02961879670121501,0.0029022744424838515,0.057211847626477366,
0.5844363351115218,0.23681055614542312,0.16923091787165423,0.005781496758711609,0.0037406941126894256,
0.7497792051769979,0.23681055614542312,0.003888047806178123,0.005781496758711609,0.0037406941126894256,
0.38707420428116524,0.5542119506297358,0.017022980878977374,0.02531303977770806,0.016377824432413386,
0.0374179639248262,0.9475104813176194,0.004369715321232575,0.006497732596305734,0.004204106840016213,
0.8282394716935196,0.09437247740373975,0.02243721747025,0.03336396735467891,0.021586866077811646,
0.8221161572493803,0.17007122996364496,0.0022651209077809253,0.0033682171205858267,0.002179274758608165,
0.8067549728673176,0.02257420150073476,0.005367054910748357,0.007980768786076313,0.15732300193512294,
0.5101849176900566,0.4124270314072028,0.022437217470250004,0.03336396735467892,0.02158686607781165,
0.8785334590334097,0.11311779161370823,0.0024205636742376207,0.0035993593017613064,0.002328826376883221,
0.2853459717941173,0.4881032624592965,0.003048083120585283,0.004532475823457003,0.21897020680254384,
0.6283802663386143,0.07159982651483772,0.2583290429364264,0.02531303977770806,0.016377824432413386,
0.25670844401119486,0.029250250271530536,0.0069542968930850855,0.30607896606765167,0.40100804275653784,
0.3449665865265565,0.328911416963081,0.003684954173161371,0.005479498110666301,0.3169575442265348,
