0.00865660161644952,0.43371882796385447,0.008180056102709854,0.5411310947529014,0.008313419564084844,
0.06543321430042015,0.007669002362240031,0.00953809571035183,0.9076660876703466,0.00969359995664142,
0.09046449472624866,0.01060275627862587,0.013186865696769502,0.4897970165800946,0.3959488667182613,
0.025797686097960175,0.019600484213971155,0.16581445704104084,0.7640124092355933,0.024774963411434512,
0.01210309221676256,0.009195649060698093,0.011436817556817974,0.9556411635703241,0.011623277595397198,
0.1761121298310923,0.007669002362240031,0.728951046659721,0.07757422119030542,0.00969359995664142,
0.004441096048854376,0.02772274349439183,0.004196613919268224,0.6915409954756041,0.27209855106188136,
0.02010929274312414,0.015278574732208058,0.019002277119001675,0.9262977748551503,0.019312080550515708,
0.13035936193994668,0.015278574732208058,0.019002277119001675,0.5955475672646827,0.23981221894416077,
0.006497870328820267,0.00493693133255636,0.07738987438892062,0.9049350549954458,0.006240268954256991,
0.05940714152979832,0.0451361697840037,0.3818390098909941,0.45656567218539257,0.05705200660981146,
0.005870466736632886,0.3263111282870187,0.005547297817598382,0.6566333690276693,0.0056377381310808,
0.05940714152979831,0.04513616978400369,0.056136781169639556,0.782267900906747,0.057052006609811454,
0.03597370787153714,0.027331989798489182,0.03399335693726445,0.8681533781067643,0.03454756728594498,
0.01296328010187602,0.009849199886892103,0.01224965213912435,0.9524885036540681,0.012449364218039306,
0.05940714152979831,0.3708383985053582,0.056136781169639556,0.45656567218539246,0.057052006609811454,
0.01296328010187602,0.009849199886892103,0.01224965213912435,0.88141675854069,0.08352110933141747,
0.011349957525303888,0.00862343477082436,0.19740504534548103,0.7094949280553439,0.07312663430304675,
0.05940714152979831,0.04513616978400369,0.056136781169639556,0.782267900906747,0.057052006609811454,
0.0881022362229476,0.06693803792116007,0.083252212243249,0.6770979997748238,0.08460951383781957,
0.006737907304664826,0.18982365028743134,0.0063669858229680985,0.7906006666734364,0.006470789911499376,
0.030047514352934925,0.022829405261673475,0.028393400094435382,0.7251365686952553,0.19359311159570092,
0.6916806092752348,0.06668418496674758,0.005374324702147845,0.2307989361056659,0.005461944950203858,
0.03597370787153714,0.6190142283684197,0.03399335693726445,0.2764711395368337,0.03454756728594498,
0.04481182896335382,0.0340469894416167,0.04234493987672006,0.8357609315454975,0.04303531017281185,
0.008264372879414643,0.006279079043997914,0.007809419539287144,0.7884712579267971,0.18917587061050323,
0.03470463944191075,0.0040675055429608194,0.47467622312572455,0.3933570556706299,0.0931945762187739,
0.0072754286136539285,0.005527702102828261,0.006874916609060608,0.3351293067355353,0.6451926459389218,
0.030047514352934925,0.022829405261673475,0.028393400094435382,0.7251365686952553,0.19359311159570092,
0.00535355300682934,0.0040675055429608194,0.005058840164421975,0.9803787843722582,0.005141316913529678,
0.006737907304664826,0.005119305865603441,0.892947839047742,0.08872415787049039,0.006470789911499376,
0.4250663045823797,0.003640137572819204,0.05706171922245438,0.5096307137626404,0.004601124859706311,
0.13035936193994668,0.015278574732208058,0.1292523463158242,0.7057976364615053,0.019312080550515708,
0.010093756535084064,0.007669002362240031,0.00953809571035183,0.9630055454356827,0.00969359995664142,
0.06200205423852331,0.3743299881500634,0.0614755309282807,0.4930071357463497,0.009185290936782992,
0.025797686097960175,0.019600484213971155,0.024377524685947626,0.9054493415906866,0.024774963411434512,
0.007906147074503857,0.00600690737683641,0.09416250217896734,0.8843317273504158,0.007592716019276661,
0.006497870328820267,0.07618664285007018,0.07738987438892062,0.833685343477932,0.006240268954256991,
0.05940714152979831,0.04513616978400369,0.056136781169639556,0.782267900906747,0.057052006609811454,
0.02010929274312414,0.015278574732208058,0.019002277119001675,0.9262977748551503,0.019312080550515708,
0.011349957525303888,0.00862343477082436,0.5085382160965041,0.46058839145452546,0.010900000152842147,
0.007906147074503855,0.04935270144223663,0.007470914048166889,0.5375653748272139,0.3977048626078787,
0.018112399450397342,0.01376138147260904,0.513625388481756,0.43710647856021684,0.017394352035020776,
0.030047514352934925,0.022829405261673475,0.028393400094435382,0.8898733686872043,0.028856311603751857,
0.00865660161644952,0.006577085351204118,0.008180056102709854,0.9682728373655517,0.008313419564084844,
0.022601061317275378,0.38890565803170724,0.14526817237192485,0.4215200427523295,0.021705065526762882,
0.016476272398945304,0.012518290044863802,0.015569254374695462,0.6686174626185334,0.286818720562962,
