0,strengthen Jul BJP level national Shah Amit will congratulated Raje Rajasthan PTI 9 2014 07.58 IST PM Raje lauded decision the JAIPUR Raje Vasundhara Times Economic today Shah newly-appointed exuded confidence Chief Minister Vasundhara BJP President Amit strengthened that party the will be him helm the 
0,lauded decision the saying displayed Shah qualities strong carved identity his especially crafting victory BJP-s leadership level the unprecedented Pradesh Uttar national span a elections Lok short Sabha 
0,strengthen Jul BJP level national Shah Amit will congratulated Raje Rajasthan PTI 9 2014 07.58 IST PM Raje lauded decision the JAIPUR Raje Vasundhara Times Economic today Shah newly-appointed exuded confidence Chief Minister Vasundhara BJP President Amit strengthened that party the will be him helm the 
0,lauded decision the saying displayed Shah qualities strong carved identity his especially crafting victory BJP-s leadership level the unprecedented Pradesh Uttar national span a elections Lok short Sabha 
0,strengthen Jul BJP level national Shah Amit will congratulated Raje Rajasthan PTI 9 2014 07.58 IST PM Raje lauded decision the JAIPUR Raje Vasundhara Times Economic today Shah newly-appointed exuded confidence Chief Minister Vasundhara BJP President Amit strengthened that party the will be him helm the 
0,lauded decision the saying displayed Shah qualities strong carved identity his especially crafting victory BJP-s leadership level the unprecedented Pradesh Uttar national span a elections Lok short Sabha 
0,strengthen Jul BJP level national Shah Amit will congratulated Raje Rajasthan PTI 9 2014 07.58 IST PM Raje lauded decision the JAIPUR Raje Vasundhara Times Economic today Shah newly-appointed exuded confidence Chief Minister Vasundhara BJP President Amit strengthened that party the will be him helm the 
0,lauded decision the saying displayed Shah qualities strong carved identity his especially crafting victory BJP-s leadership level the unprecedented Pradesh Uttar national span a elections Lok short Sabha 
0,strengthen Jul BJP level national Shah Amit will congratulated Raje Rajasthan PTI 9 2014 07.58 IST PM Raje lauded decision the JAIPUR Raje Vasundhara Times Economic today Shah newly-appointed exuded confidence Chief Minister Vasundhara BJP President Amit strengthened that party the will be him helm the 
0,lauded decision the saying displayed Shah qualities strong carved identity his especially crafting victory BJP-s leadership level the unprecedented Pradesh Uttar national span a elections Lok short Sabha 
0,strengthen Jul BJP level national Shah Amit will congratulated Raje Rajasthan PTI 9 2014 07.58 IST PM Raje lauded decision the JAIPUR Raje Vasundhara Times Economic today Shah newly-appointed exuded confidence Chief Minister Vasundhara BJP President Amit strengthened that party the will be him helm the 
0,lauded decision the saying displayed Shah qualities strong carved identity his especially crafting victory BJP-s leadership level the unprecedented Pradesh Uttar national span a elections Lok short Sabha 
