0.006039268796729314,0.0031093178998346017,0.004450136973676964,0.3234582929270618,0.6629429834026973,
0.004984180480997802,0.0025661056176147726,0.0036726773701444664,0.3543009493216288,0.6344760872096141,
0.4558640808133968,0.007769041750629507,0.01111925543102411,0.014809793314707793,0.5104378286902417,
0.4016567364985831,0.20095331912137673,0.006200120274585461,0.1065686145101046,0.2846212095953501,
0.5821295950397611,0.0036202214653624828,0.005181355498183563,0.006901073951770522,0.4021677540449223,
0.01282817930477503,0.23143016748992912,0.009452660073691983,0.012590046413986838,0.7336989467176169,
0.011156066558720475,0.005743701532470558,0.7251282030939974,0.07612239785544689,0.1818496309593647,
0.6518138983981638,0.0033453758995248433,0.0047879893471540055,0.1202564648049675,0.21979627155018983,
0.01654876496283365,0.008520132627142053,0.012194236307163448,0.20959639663604893,0.7531404694668119,
0.0062601340702902524,0.003223030399087294,0.004612885272048301,0.7741459636858468,0.2117579865727274,
0.07660174272492665,0.0031093178998346017,0.004450136973676964,0.5351457147116538,0.38069308768990795,
0.009869595843283936,0.005081362007976108,0.06493047689425537,0.00968638392105913,0.9104321813334254,
0.7725373026934392,0.004804353102530367,0.006876115619219031,0.06367302970764906,0.15210919887716234,
0.20667633950565517,0.005743701532470557,0.008220535621903417,0.3368160951180265,0.44254332822194425,
0.07660174272492665,0.25007797664852527,0.004450136973676964,0.0059271602501737835,0.6629429834026973,
0.01193383548232301,0.006144135909129227,0.008793647758553975,0.011712304532834455,0.9614160763171593,
0.011156066558720474,0.07091712584811546,0.008220535621903417,0.010948973539801983,0.8987572984314586,
0.004242922252008855,0.002184468774253331,0.003126468754019863,0.004164159762238829,0.9862819804574792,
0.24228135486904667,0.004129068379368992,0.3338756064317137,0.007871067146188954,0.4118429031736816,
0.006754153463211693,0.0034773763129681175,0.004976911785877883,0.08554392012911034,0.899247638308832,
0.00933155782563267,0.004804353102530367,0.006876115619219031,0.009158333645662882,0.9698296398069551,
0.015089911336360914,0.09592387564603669,0.01111925543102411,0.014809793314707793,0.8630571642718704,
0.01654876496283365,0.008520132627142053,0.4955813132601788,0.11291898124544585,0.36643080790439964,
0.015089911336360914,0.36038837733225815,0.01111925543102411,0.10296462721011497,0.5104378286902417,
0.730066892522714,0.02028914552782657,0.029038354901728295,0.038676333767261886,0.18192927328046918,
0.026983573563205184,0.013892494456781855,0.17752057202650032,0.02648267033884738,0.7551206896146653,
