0.0016701771288385489,0.0012705769107851826,5.522182790445742E-4,0.6718928293873765,0.32461419829395516,
0.10480764960091031,0.7193160808960608,7.597799658729336E-4,0.17269862470052916,0.0024178648366268455,
0.029684355170228122,0.9053810242111413,0.00981467369155662,0.023886490574330205,0.03123345635274367,
0.3962049504321091,0.10239717604018672,0.0021660230815339176,0.29751194593370556,0.2017199045124647,
0.0036818304091936257,0.0028009296897756734,0.0012173403749773327,0.0029627056697425305,0.9893371938563108,
0.002222018640180183,0.001690386924116564,7.346761539828747E-4,0.8938922497042969,0.10146066857742353,
0.015766078999907698,0.011993946992214082,0.0052128105829495185,0.012686692881344693,0.9543404705435841,
0.0017574712280972273,0.0013369853563630458,5.810807250875851E-4,0.994475276458203,0.0018491862322490775,
0.0026617520164172945,0.0020249113677227467,8.800672050703617E-4,0.9916326117933394,0.002800657617450213,
0.010733432233020075,0.00816539212115571,0.003548843636771457,0.9662587672594504,0.01129356474960235,
0.001962630366038751,0.0014930589004226293,6.48913426259299E-4,0.9938303455477678,0.0020650517595113913,
0.015766078999907698,0.011993946992214082,0.0052128105829495185,0.9504383193192157,0.016588844105712854,
0.0023792433081957554,0.14332516030683973,0.8498776542022124,0.0019145362103824798,0.0025034059723696026,
0.0030203897399390858,0.13703520943776873,9.9864523075641E-4,0.8557677444617783,0.00317801112975759,
0.9392834428931038,0.01566685066536552,0.006809128388087959,0.016571735971353658,0.02166884208208892,
0.08885468255896499,0.9048221926255424,9.557214038336569E-4,0.0023259897396280724,0.0030414136720308123,
0.7820836992961735,0.21028033839904528,0.001154152863733712,0.0028089228809133333,0.003672886560134198,
0.9945327895288643,0.0014107184940774181,6.131266296460312E-4,0.0014921987139022226,0.001951166633510046,
0.9921524976958812,0.0020249113677227467,8.800672050703617E-4,0.0021418661138754833,0.002800657617450213,
0.982400172480422,0.004541329130371635,0.001973752974465009,0.0048036270284944355,0.0062811183862469845,
0.990676398989231,0.00240579294445169,0.0010456059985394347,0.0025447466327955036,0.003327455434982353,
0.8496029737024899,0.14347921823119272,0.0010456059985394347,0.0025447466327955036,0.003327455434982353,
0.050186897077624144,0.00240579294445169,0.0010456059985394347,0.0025447466327955036,0.9438169573465892,
0.9838350749505378,0.004171077525375475,0.001812834180499109,0.004411990446770298,0.005769022896817325,
0.20882512218709046,0.0021083594544734374,9.163354218653227E-4,0.785234108158871,0.0029160747776999494,
0.003318471355663597,0.0025245065393394894,0.0010972013144244241,0.002670316882535607,0.9903895039080368,
0.9870118268364254,0.003351371999097088,0.0014565736730064549,0.0035449404029618916,0.004635287088509129,
0.25005349383029235,0.12610480427621096,0.001367023906854038,0.0033269983997577155,0.6191476795868849,
0.9806857123806211,0.004983715715434733,0.0021660230815339176,0.005271564959449584,0.006892983862960725,
0.0027714447746858277,0.0021083594544734374,9.163354218653227E-4,0.002230133991733295,0.9919737263572421,
0.1609802713251315,0.8331971377384724,8.800672050703617E-4,0.0021418661138754833,0.002800657617450213,
0.006551109133101214,0.9791183189629546,0.0021660230815339176,0.005271564959449584,0.006892983862960725,
0.972710667435413,0.0070415372415495985,0.0030603937033247593,0.007448242055270233,0.009739159564442457,
0.11677858820505632,0.8776205027646619,8.465606479964076E-4,0.0020603194333766914,0.002694028948908704,
0.002890567173883065,0.002198981082182229,9.557214038336569E-4,0.0023259897396280724,0.9916287406004729,
0.002890567173883065,0.002198981082182229,0.9895430483322758,0.0023259897396280724,0.0030414136720308123,
0.008136274424855035,0.9740655995927113,0.002690133509283706,0.006547120233704243,0.008560872239445766,
0.0017574712280972276,0.9943980549138651,5.810807250875852E-4,0.0014142069007011663,0.0018491862322490777,
0.17481879794404692,0.8188580772404604,9.557214038336569E-4,0.0023259897396280724,0.0030414136720308123,
0.0027714447746858277,0.0021083594544734374,0.042127070904346246,0.08465160495669515,0.8683415199097994,
0.006551109133101214,0.004983715715434733,0.0021660230815339176,0.005271564959449584,0.9810275871104805,
0.00925612165062348,0.0070415372415495985,0.0030603937033247593,0.007448242055270233,0.973193705349232,
0.002890567173883065,0.002198981082182229,9.557214038336569E-4,0.0023259897396280724,0.9916287406004729,
0.002890567173883065,0.002198981082182229,0.9895430483322758,0.0023259897396280724,0.0030414136720308123,
0.253276962877944,0.19267888148504256,0.08374211701686819,0.20380762026950566,0.26649441835063953,
0.9535177054377789,0.011993946992214082,0.0052128105829495185,0.012686692881344693,0.016588844105712854,
