0.06112357844560453,0.002150955989114709,0.0028436457135701193,0.001980781862739507,0.9319010379889712,
0.001938093363374923,0.0017417765426635343,0.3827655667844464,0.0016039748847083751,0.6119505884248068,
0.33597289215127213,0.003045174251318035,0.2118911452000853,0.044377315309697074,0.40471347308762734,
0.0031282925193695877,0.0028114159161762185,0.003716798883638602,0.5015519557768136,0.4887915369040022,
0.0045144832660420605,0.004057194149484317,0.005363765140100026,0.003736206889206974,0.9823283505551665,
0.00477919965261457,0.004295096410182299,0.9438725184134308,0.00395528737503748,0.0430978981487348,
0.2757547032180996,0.0033213299627834728,0.0043909246678303605,0.048401731671739785,0.6681313104795469,
0.0057993761420846975,0.0052119353573224095,0.006890376982726834,0.14710744685043886,0.8349908646674272,
0.0024658001557984702,0.00221602991446549,0.0029296759205224674,0.6373639959005043,0.3550244981087091,
0.6704396300794411,0.0060766970975202,0.008033624928392607,0.005595935694195142,0.3098541122004507,
0.0348265387624185,0.002358750801706438,0.5183492631826302,0.0021721368686234057,0.4422933103846215,
0.0032531543297832925,0.6814569717166699,0.0038651501758151644,0.0026923253232580694,0.30873239845447364,
0.8907428254620063,0.004057194149484317,0.005363765140100027,0.0037362068892069747,0.09610000835920232,
0.011554325871160594,0.010383944421352808,0.013727969885559358,0.009562412656326012,0.9547713471656012,
0.003253154329783292,0.002923630000679546,0.003865150175815164,0.002692325323258069,0.9872657401704639,
0.009002022443412486,0.008090173479136643,0.010695517366421907,0.007450114728049624,0.9647621719829793,
0.11944998177086298,0.008090173479136643,0.1211434766938724,0.007450114728049624,0.7438662533280782,
0.008106658549640286,0.007285504386929132,0.009631714189379673,0.006709107496187243,0.9682670153778636,
0.0057993761420846975,0.0052119353573224095,0.006890376982726834,0.004799590078923008,0.977298721438943,
0.008106658549640284,0.8029857145568425,0.009631714189379671,0.006709107496187241,0.17256680520795,
0.10756918482087947,0.007285504386929132,0.009631714189379673,0.006709107496187243,0.8688044891066244,
0.00477919965261457,0.004295096410182299,0.2402268403433711,0.00395528737503748,0.7467435762187946,
0.8198727510031993,0.0033213299627834728,0.0043909246678303605,0.0030585610229814614,0.16935643334320533,
0.005414138891153047,0.13772044168399997,0.006432667425409826,0.0044807659774501775,0.845951986021987,
0.003253154329783292,0.002923630000679546,0.003865150175815164,0.002692325323258069,0.9872657401704639,
0.010119725470593569,0.38157863277437665,0.01202348696579406,0.008375130838232842,0.5879030239510028,
0.006761605767140364,0.006076697097520201,0.008033624928392609,0.005595935694195143,0.9735321365127517,
0.010119725470593569,0.009094660131429786,0.01202348696579406,0.008375130838232842,0.9603869965939497,
0.005076894208252554,0.004562636356238333,0.006031978981744013,0.004201660743617752,0.9801268297101472,
0.011554325871160594,0.010383944421352808,0.013727969885559358,0.009562412656326012,0.9547713471656012,
0.020104561271425916,0.018068094078880183,0.02388670830077559,0.01663862637210303,0.9213020099768153,
0.009002022443412487,0.44988201078893875,0.010695517366421908,0.007450114728049626,0.5229703346731773,
0.17864187261222778,0.012099154128320555,0.015995542423433626,0.011141922555900845,0.7821215082801172,
0.0038712123685964786,0.0034790825987601804,0.004599479658899324,0.0032038329679786337,0.9848463924057653,
0.0023933917039896968,0.002150955989114708,0.32585967279245165,0.0019807818627395066,0.6676151976517043,
0.0036956793255496245,0.5474393777478833,0.00439092466783036,0.003058561022981461,0.4414154572357552,
0.004277552736639094,0.21377352017414256,0.005082262332503787,0.0035401221051792084,0.7733265426515354,
0.009002022443412487,0.008090173479136644,0.5629353140036745,0.007450114728049626,0.41252237534572683,
0.05675986697737587,0.0038442632111954024,0.05756457657324056,0.003540122105179208,0.8782911711330089,
0.016126640642495502,0.014493112103820382,0.8106068397415241,0.013346481162412513,0.14542692634974758,
0.008106658549640287,0.007285504386929134,0.40748181927433647,0.006709107496187244,0.5704169102929069,
0.0161266406424955,0.01449311210382038,0.01916044601511471,0.01334648116241251,0.9368733200761569,
0.008106658549640286,0.007285504386929132,0.009631714189379673,0.20563416003866564,0.7693419628353853,
