0.9422945276205358,0.0016475051125576232,0.053277376533783956,0.0020136070940772214,7.669836390455389E-4,
0.017599241621178856,0.9182919473710942,0.016770935892557785,0.03428044264658699,0.013057432468582104,
9.823944208313632E-4,0.0015656345371794543,9.361581713352049E-4,0.0019135435676449787,0.994602269303009,
0.001952824665861402,0.0031122018581306358,0.9896823283823055,0.003803782878708956,0.0014488622149934815,
0.0012261150468956905,0.001954050250357462,0.993521869812207,0.0023882714635069372,9.096934270330484E-4,
0.0032284954350113634,0.005145228687172758,0.0030765467703354494,0.9861544065120423,0.0023953225954382196,
0.8197833502120374,0.005145228687172758,0.0030765467703354494,0.1695995517350162,0.0023953225954382196,
0.9926703800168722,0.0022307634834890662,0.0013338665019147489,0.002726474802004531,0.0010385151957193117,
0.004794476737440332,0.007640921211144167,0.0045688253921810406,0.979438603141827,0.003557173517407597,
0.00122611504689569,0.0019540502503574615,0.0011684081218387588,0.994741733153875,9.096934270330483E-4,
0.995523200158512,0.001362510148175495,8.147016295639043E-4,0.0016652816912107909,6.343063725379285E-4,
0.0021668730230280223,0.003453329101425629,0.002064889461644975,0.33304955502408146,0.6592653533898201,
0.0016306637515787284,0.9924293124384572,0.0015539168010020637,0.0031762661377745553,0.0012098408711873666,
0.9872565963983625,0.0038784438313765462,0.002319083284499366,0.004740296071504118,0.0018055804142573563,
0.0011545099267479277,0.0018399337134909868,0.4683001822797986,0.002248796407293525,0.5264565776726691,
0.002433621315173767,0.0038784438313765462,0.9871420583676882,0.004740296071504118,0.0018055804142573563,
0.0015064064896563028,0.002400748596720732,0.9920409610986853,0.0029342333256545334,0.0011176504892830405,
0.9935795767372639,0.0019540502503574615,0.0011684081218387588,0.002388271463506937,9.096934270330483E-4,
9.823944208313632E-4,0.0015656345371794543,9.361581713352049E-4,0.15099455355201702,0.845521259318637,
8.935835306605161E-4,0.0014240972951301144,8.515271526994996E-4,0.9961678142149778,6.629778065320578E-4,
0.004794476737440332,0.007640921211144167,0.0045688253921810406,0.979438603141827,0.003557173517407597,
6.15410403059415E-4,9.807748915694862E-4,0.9967485035600576,0.0011987187561993446,4.5659238911414793E-4,
9.823944208313632E-4,0.0015656345371794543,9.361581713352049E-4,0.0019135435676449787,0.994602269303009,
0.001952824665861402,0.0031122018581306358,0.001860915259050429,0.991625196001964,0.0014488622149934815,
4.8072531374463405E-4,7.66128286292686E-4,4.581000472792503E-4,9.363742427829462E-4,0.9973586721099005,
0.0017772628371344429,0.9917486964178486,0.0016936162220727881,0.0034618171661999577,0.0013186073567441126,
0.002166873023028022,0.9899398520222218,0.0020648894616449747,0.0042207140504826515,0.0016076714426223975,
0.0011545099267479277,0.9946399532499292,0.001100173086180638,0.002248796407293525,8.565673298488965E-4,
0.0017772628371344429,0.002832410303295967,0.0016936162220727881,0.9923781032807527,0.0013186073567441126,
0.0013071896849551382,0.0020832582860950597,0.001245666993935331,0.994394039776774,9.698452582404813E-4,
0.006329550595301533,0.010087356775135791,0.006031651223809524,0.972855348174374,0.004696093231379103,
0.9957087801658905,0.001306029033918758,7.809292162823103E-4,0.0015962495701679652,6.080120137406268E-4,
0.006329550595301533,0.010087356775135791,0.006031651223809524,0.972855348174374,0.004696093231379103,
0.004794476737440332,0.007640921211144167,0.0045688253921810406,0.979438603141827,0.003557173517407597,
0.993155037870758,0.0020832582860950597,0.001245666993935331,0.0025461915909711307,9.698452582404813E-4,
0.002433621315173767,0.0038784438313765462,0.002319083284499366,0.9895632711546929,0.0018055804142573563,
0.0010337660497599529,0.6291546794930749,0.3670309637240426,0.002013607094077222,7.669836390455391E-4,
0.002775264323657037,0.987115271879465,0.002644646914838893,0.005405760743790019,0.0020590561382490763,
0.0010337660497599527,0.9952005312150433,9.851120020741872E-4,0.0020136070940772214,7.669836390455389E-4,
0.0016306637515787284,0.9924293124384572,0.0015539168010020637,0.0031762661377745553,0.0012098408711873666,
0.0015064064896563028,0.9930062020064977,0.0014355076889083932,0.0029342333256545334,0.0011176504892830405,
0.0015064064896563028,0.6882045240342586,0.0014355076889083932,0.3077359112978936,0.0011176504892830405,
0.9897742377891164,0.0031122018581306358,0.001860915259050429,0.003803782878708956,0.0014488622149934815,
0.001952824665861402,0.9909336149813857,0.001860915259050429,0.003803782878708956,0.0014488622149934815,
0.001952824665861402,0.9909336149813857,0.001860915259050429,0.003803782878708956,0.0014488622149934815,
0.001952824665861402,0.9909336149813857,0.001860915259050429,0.003803782878708956,0.0014488622149934815,
0.002433621315173767,0.9887014189145652,0.002319083284499366,0.004740296071504118,0.0018055804142573563,
0.0015064064896563028,0.002400748596720732,0.0014355076889083932,0.0029342333256545334,0.99172310389906,
8.935835306605161E-4,0.0014240972951301144,8.515271526994996E-4,0.9961678142149778,6.629778065320578E-4,
0.004794476737440332,0.007640921211144167,0.0045688253921810406,0.979438603141827,0.003557173517407597,
5.325230232972301E-4,8.48677903129583E-4,5.074599052200908E-4,0.9977162435406925,3.95095627660517E-4,
0.002775264323657037,0.004422917702690519,0.002644646914838893,0.9880981149205645,0.0020590561382490763,
0.0010337660497599527,0.0016475051125576232,0.7853690799777207,0.0020136070940772214,0.2099360417658846,
8.935835306605162E-4,0.0014240972951301146,0.9952787868806091,0.0017405544870683278,6.629778065320579E-4,
9.823944208313632E-4,0.0015656345371794543,9.361581713352049E-4,0.0019135435676449787,0.994602269303009,
0.001952824665861402,0.0031122018581306358,0.001860915259050429,0.991625196001964,0.0014488622149934815,
7.567579437079945E-4,0.001206039395003368,7.211412419520214E-4,0.001474040634535781,0.9958420207848009,
0.0017772628371344429,0.9917486964178486,0.0016936162220727881,0.0034618171661999577,0.0013186073567441126,
0.002166873023028022,0.9899398520222218,0.0020648894616449747,0.0042207140504826515,0.0016076714426223975,
0.0011545099267479277,0.9946399532499292,0.001100173086180638,0.002248796407293525,8.565673298488965E-4,
0.0032284954350113634,0.005145228687172758,0.0030765467703354494,0.9861544065120423,0.0023953225954382196,
9.358867724106963E-4,0.0014915156506442723,8.918393985741104E-4,0.9959863942624686,6.943639159022683E-4,
0.006329550595301533,0.010087356775135791,0.006031651223809524,0.972855348174374,0.004696093231379103,
0.9945867921522455,0.0016475051125576232,9.851120020741872E-4,0.0020136070940772214,7.669836390455389E-4,
0.48984435026264667,0.007640921211144167,0.0045688253921810406,0.00933885609141433,0.4886070470426139,
0.9967774677605205,9.807748915694864E-4,5.864462025967265E-4,0.0011987187561993448,4.5659238911414804E-4,
0.017599241621178856,0.9182919473710942,0.016770935892557785,0.03428044264658699,0.013057432468582104,
0.9935795767372639,0.0019540502503574615,0.0011684081218387588,0.002388271463506937,9.096934270330483E-4,
0.0010908068079122921,0.49833705922488764,0.49763811683400794,0.0021247131565115263,8.093039766806902E-4,
8.194988076061461E-4,0.001306029033918758,7.809292162823103E-4,0.0015962495701679652,0.9954972933720249,
