0.030713066508179974,0.010057665934369837,0.015376599586659406,0.9239139772046205,0.019938690766170344,
0.011880843948491244,0.26206599801898556,0.005948184304516756,0.32512898619008873,0.3949759875379178,
0.09129086803219454,0.008044346412980607,0.012298548642989184,0.8724188255948361,0.01594741131699971,
0.03258527893188505,0.6697493272627022,0.004389832703177171,0.28758330669380266,0.005692254408433013,
0.49403443258177604,0.005744504184862296,0.008782449253227378,0.48005049537544564,0.011388118604688687,
0.00969150065018594,0.0031736940339818403,0.004852082251443977,0.975991074053283,0.006291649011105119,
0.1637850630368505,0.09159504804520151,0.004097090610345275,0.7352101397929381,0.005312658514664618,
0.007364921211045341,0.002411804668020371,0.023692597432305208,0.4016003263879221,0.5649303503007069,
0.030713066508179974,0.010057665934369837,0.015376599586659406,0.9239139772046205,0.019938690766170344,
0.08558043881841533,0.13264521835106413,0.011529249446127097,0.7552952250356196,0.014949868348773876,
0.011509413096139528,0.003769009258349446,0.16207723798407156,0.5025424920642341,0.3201018475972054,
0.0409659168890756,0.013415186225567732,0.020509723460401277,0.8985144096430203,0.026594763781935257,
0.016015704032129794,0.005244692867643158,0.008018315850516482,0.9603240131769932,0.010397274072717358,
0.2730289537013826,0.00446731814714275,0.006829831376690599,0.706817719241029,0.008856177533755121,
0.011160502286852671,0.003654750776222198,0.15716382495426476,0.7298298389373024,0.09819108304535813,
0.021672734202709997,0.007097211228881797,0.010850526947363354,0.9463097522956098,0.014069775325435107,
0.057037797944030307,0.04671582792108047,0.007684033985264125,0.5033904596479174,0.38517188050170775,
0.07606446523290233,0.006702629969908907,0.06584393658426008,0.671311437268964,0.18007753094396467,
0.04609518960635241,0.015094878856158938,0.023077711021113775,0.8858075716336504,0.02992464888272446,
0.03686386583171513,0.012071879813305968,0.0184560178632651,0.8085432271571071,0.12406500933460661,
