0.001356503127292407,4.862935482434582E-4,6.335946074442109E-4,0.9965178125138777,0.0010057962031422055,
0.001940471897470288,6.956408321527827E-4,9.063543646878641E-4,0.9950187457569448,0.0014387871487442987,
0.0031678387924485296,0.001135640261823737,0.0014796321038744752,0.1485220652334542,0.8456948236083991,
0.9917243294347694,7.269350749123287E-4,9.471278101265679E-4,0.005098094954352136,0.0015035127258395634,
0.9920805934982383,6.956408321527827E-4,9.063543646878641E-4,0.004878624156176723,0.0014387871487442987,
0.001356503127292407,4.862935482434582E-4,6.335946074442109E-4,0.9965178125138777,0.0010057962031422055,
0.001940471897470288,6.956408321527827E-4,9.063543646878641E-4,0.9950187457569448,0.0014387871487442987,
0.0031678387924485296,0.001135640261823737,0.0014796321038744752,0.007964400245043865,0.9862524885968095,
0.02022188127225304,0.007249353280644597,0.00944522328676855,0.9480897754709626,0.014993766689371073,
0.0305318358033581,0.9645658610306117,6.150841645165459E-4,0.0033108070970956495,9.764119044180955E-4,
0.7571564477311096,9.378972835595765E-4,0.0012219916619219012,0.006577601733679336,0.23410606158972963,
0.0024727194486899515,8.86446547981191E-4,0.8240180214969812,0.1707893837564321,0.001833428749915542,
0.010658527434465303,0.003820981331242514,0.9508205289230199,0.026797063888863118,0.007902898422409146,
0.001718526424096885,6.160754779771852E-4,0.15330543675707659,0.843085738438167,0.001274222902682337,
0.0024727194486899515,0.05574398423389487,0.0011549562082761482,0.9387949113592235,0.001833428749915542,
0.40563593612104865,5.934497966977763E-4,7.732090880801288E-4,0.5917699785674191,0.0012274264267542992,
0.1999284583106003,0.0015797252454793898,0.0020582329343965104,0.7931662531909328,0.0032673303185910265,
