7.153620966483975E-4,0.9967510675396822,0.0012688907123958025,7.247370270191849E-4,5.399426242544414E-4,
0.0036941608564408927,0.9832223720317889,0.006552606606913764,0.003742573402995821,0.002788287101860666,
0.001660507004105591,0.001549622148660858,0.002945364208209315,0.992591185399906,0.001253321239118326,
0.001495816162554372,0.00139592898439334,0.05224376889008385,0.4478301802468107,0.49703430571615764,
0.0013021005911028336,0.9940862999355805,0.0023096322189789464,0.001319164819742487,9.828024345954116E-4,
0.5336441756392715,9.994306336560737E-4,0.4634630818511603,0.0010849808635624777,8.083310123497614E-4,
0.0029673316015526546,0.10114460043698215,0.8906421597526755,0.003006218938863267,0.002239689269926409,
0.004892563610502544,0.0045658494157636,0.49528519380560376,0.4915635729200859,0.0036928202480441636,
0.0017572441659812227,0.0016398994243787127,0.11963216495423891,0.8756443547220447,0.0013263367333565224,
0.0012482171644791194,0.0011648640804483455,0.0022140551959367307,0.001264575242520211,0.9941082883166157,
0.0018659499414405611,0.001741346077071322,0.0033097735560528923,0.06375191231496574,0.9293310181104696,
0.007241854473130031,0.4869341043473867,0.4930212577603415,0.007336760090521636,0.005466023328619913,
0.9933063965697546,0.0013959289843933403,0.0026532398697238484,0.0015154190635707204,0.0011290155125576642,
0.0013608460149601292,0.001269971834195879,0.0024138333264705483,0.0013786801114203519,0.9935766687129531,
0.0018659499414405611,0.001741346077071322,0.0033097735560528923,0.0018904035025927924,0.9911925269228425,
0.9933063965697546,0.0013959289843933403,0.0026532398697238484,0.0015154190635707204,0.0011290155125576642,
0.0013608460149601292,0.001269971834195879,0.0024138333264705483,0.0013786801114203519,0.9935766687129531,
0.0019889919867570726,0.001856171656347755,0.7288757224176174,0.002015058032849345,0.2652640559064283,
0.003291094396536356,0.003071322648803518,0.9878192985736162,0.0033342246951023166,0.0024840596859415777,
0.002291152368799499,0.0021381544599752404,0.08002215636119536,0.9138192156335622,0.0017293211764676632,
0.001034225884088077,9.651626477567863E-4,0.48185959575259285,0.5153604003593075,7.80615356254823E-4,
0.0036941608564408936,0.61580678498992,0.006552606606913766,0.37115816044486477,0.002788287101860667,
0.0014958161625543726,0.9932065093915936,0.0026532398697238484,0.0015154190635707204,0.0011290155125576642,
0.995371959403381,9.651626477567865E-4,0.0018344830191411546,0.001047779573466391,7.806153562548231E-4,
0.002291152368799499,0.8376780220403065,0.15598032614122548,0.002321178273200913,0.0017293211764676632,
0.00420973493376789,0.0039286184744953025,0.0074671185182064405,0.9812170948013403,0.0031774332721900204,
0.002701564097592652,0.9877304104712553,0.004791964249207531,0.002736968510862256,0.00203909267108222,
0.0018659499414405611,0.001741346077071322,0.0033097735560528923,0.9916745445005601,0.001408385924875231,
0.002291152368799499,0.0021381544599752404,0.9915201937215566,0.002321178273200913,0.0017293211764676632,
0.0058397911500317,0.00544982326919913,0.9783862922723102,0.0059163225117965885,0.004407770796662381,
0.9933063965697546,0.0013959289843933403,0.0026532398697238484,0.0015154190635707204,0.0011290155125576642,
0.0015738649584505415,0.0014687658604185397,0.9941749531206063,0.0015944907009488166,0.0011879253595757258,
0.9036785971733482,0.001269971834195879,0.09264560844230936,0.0013786801114203519,0.0010271424387262675,
0.0036941608564408936,0.61580678498992,0.3739681936487827,0.003742573402995822,0.002788287101860667,
0.0024794898822427616,0.002313915225532862,0.004398054772258319,0.9067349750325455,0.08407356508742046,
0.0019889919867570726,0.0018561716563477552,0.9926385224454044,0.002015058032849345,0.0015012558786414345,
9.37765008271049E-4,8.751432083471916E-4,0.9032605557974966,9.500545630264541E-4,0.09397648142285857,
0.09592014354134998,0.0013299748290376025,0.9002303899773806,0.0014438193006420736,0.0010756723515897536,
0.0029673316015526546,0.0027691799919049836,0.0052633757469811,0.6916341620544033,0.29736595060515786,
0.9910994920909579,0.0018561716563477552,0.003528022341203501,0.002015058032849345,0.0015012558786414345,
0.003291094396536356,0.003071322648803518,0.9878192985736162,0.0033342246951023166,0.0024840596859415777,
9.37765008271049E-4,0.5915767390335029,0.4058276329973655,9.500545630264541E-4,7.078083978339786E-4,
0.9921365366469203,0.0016398994243787132,0.003116954074128435,0.0017802731212162436,0.0013263367333565227,
0.11240016559514887,0.003071322648803518,0.005837657786103511,0.0033342246951023166,0.8753566292748417,
0.00420973493376789,0.0039286184744953025,0.9844193091615937,0.004264904157953027,0.0031774332721900204,
7.153620966483975E-4,0.9967510675396822,0.0012688907123958025,7.247370270191849E-4,5.399426242544414E-4,
0.0036941608564408927,0.9832223720317889,0.006552606606913764,0.003742573402995821,0.002788287101860666,
0.001660507004105591,0.001549622148660858,0.002945364208209315,0.992591185399906,0.001253321239118326,
0.0013021005911028334,0.0012151492952263614,0.002309632218978946,0.9941903154600965,9.828024345954114E-4,
0.0013021005911028334,0.0012151492952263614,0.002309632218978946,0.9941903154600965,9.828024345954114E-4,
0.0016605070041055914,0.9924585393446206,0.002945364208209316,0.0016822682039463847,0.0012533212391183262,
0.0036941608564408927,0.9832223720317889,0.006552606606913764,0.003742573402995821,0.002788287101860666,
0.004892563610502544,0.0045658494157636,0.008678302295101421,0.9781704644305882,0.0036928202480441636,
0.001660507004105591,0.001549622148660858,0.9938542814041689,0.0016822682039463843,0.001253321239118326,
0.9929571372817382,0.00146876586041854,0.0027916807973188715,0.0015944907009488168,0.001187925359575726,
0.007241854473130032,0.006758260014076637,0.9731971020936517,0.007336760090521637,0.005466023328619914,
0.0019889919867570726,0.0018561716563477552,0.9926385224454044,0.002015058032849345,0.0015012558786414345,
0.0679296919937038,0.9250259717536019,0.003528022341203501,0.002015058032849345,0.0015012558786414345,
0.001660507004105591,0.001549622148660858,0.9938542814041689,0.0016822682039463843,0.001253321239118326,
0.9834690596347578,0.0034474732534718953,0.006552606606913764,0.003742573402995821,0.002788287101860666,
0.0018659499414405611,0.001741346077071322,0.9930939145540201,0.0018904035025927924,0.001408385924875231,
0.0029673316015526546,0.0027691799919049836,0.9890175801977527,0.003006218938863267,0.002239689269926409,
0.001034225884088077,9.651626477567863E-4,0.0018344830191411544,0.001047779573466391,0.9951183488755476,
0.0021294065449290692,0.0019872096518513973,0.003777086038573503,0.002157312745415983,0.98994898501923,
0.0011528064671654196,0.0010758246910263637,0.4606702883073148,0.001167914173334511,0.5359331663611588,
0.9933063965697546,0.0013959289843933403,0.0026532398697238484,0.0015154190635707204,0.0011290155125576642,
