0.002569013604185675,0.001835871096759681,0.001089593558472421,0.9928787426520344,0.001626779088547912,
0.009291998309230083,0.0066402572175022255,0.003941007352618899,0.9742427556128631,0.0058839815077855635,
0.20050865645831542,0.06768627131799665,9.455643766406095E-4,0.729447766429494,0.0014117414175532866,
0.13011570581848,0.0015422290265137448,9.153163399894935E-4,0.8660601681577406,0.0013665806572761674,
0.020691980331136388,0.01478692388501168,0.00877607204730658,0.022497141260755586,0.9332478824757897,
0.005087586883897772,0.22987397620056305,0.3038088335351815,0.4580079855810549,0.003221617799302768,
0.002780800575902857,0.0019872185164122444,0.0011794185869485033,0.0030233966190243962,0.9910291657017121,
0.007285164255423099,0.9770910739017857,0.00308985052947537,0.007920719367562811,0.004613191945752912,
0.009291998309230085,0.006640257217502226,0.003941007352618899,0.010102628903183903,0.970024108217465,
0.006575133856549891,0.004698728798048639,0.9774138124970182,0.007148746171800359,0.004163578676582857,
0.0036945179196529966,0.9883822196696727,0.0015669527480726758,0.004016826335551695,0.0023394833270500054,
0.9734321250189093,0.0066402572175022255,0.003941007352618899,0.010102628903183902,0.0058839815077855635,
0.8469541120329782,0.03825161263011703,0.022702416741851254,0.05819681899246928,0.03389503960258447,
0.004148938234947619,0.9869532496347332,0.0017596856505288207,0.004510890115882901,0.0026272363639074977,
0.002387203179971544,0.0017059455477627765,0.0010124824576343038,0.6395301263690055,0.35536424244562576,
0.0033298137629841655,0.002379554874717353,0.001412271083792258,0.5959100135682662,0.3969683467102399,
0.003030643898054331,0.002165761803652524,0.0012853844230188368,0.9915991121678284,0.0019190977074459222,
0.007285164255423099,0.005206131438886448,0.00308985052947537,0.9798056618304621,0.004613191945752912,
0.004420815142086114,0.003159207382261434,0.0018749965722899414,0.13586503189115084,0.8546799490122117,
0.002900351654337444,0.0020726522288405905,0.0012301236843284945,0.9919602798146014,0.0018365926178919858,
0.002670715007863536,0.0019085490565835864,0.001132728088454844,0.992596828275614,0.0016911795714840683,
0.0015242356210294274,0.0010892507991161347,6.464727596467177E-4,0.9957748475529278,9.651932672799112E-4,
0.002900351654337444,0.0020726522288405905,0.0012301236843284945,0.9919602798146014,0.0018365926178919858,
0.9917072541783513,0.0020726522288405905,0.0012301236843284945,0.003153377290587835,0.0018365926178919858,
0.9873599133253407,0.003159207382261434,0.0018749965722899414,0.0048064854667168805,0.0027993972533910637,
0.005991215000702881,0.9811600264760751,0.002541048930824342,0.006513886444766802,0.0037938231476307865,
0.01077625881482786,0.9661129786304614,0.00457052550050235,0.011716375762006662,0.0068238612922016445,
0.004148938234947619,0.9869532496347332,0.0017596856505288207,0.004510890115882901,0.0026272363639074977,
0.05352713129056622,0.8316785933725288,0.022702416741851254,0.05819681899246928,0.03389503960258447,
0.008167107450366145,0.005836386575699186,0.0034639083478469213,0.008879602969957294,0.9736529946561305,
0.00473082250236189,0.9851234564807924,0.0020064797307618072,0.005143537757719859,0.0029957035283640324,
0.9873599133253407,0.003159207382261434,0.0018749965722899414,0.0048064854667168805,0.0027993972533910637,
0.9791701067183224,0.005206131438886448,0.00308985052947537,0.007920719367562811,0.004613191945752912,
0.9842669964638291,0.003932237348993961,0.00233379156816114,0.005982589739357837,0.0034843848796579304,
0.9894365574617855,0.0026401801275402763,0.0015669527480726758,0.004016826335551695,0.0023394833270500054,
0.008167107450366144,0.005836386575699184,0.971945237274947,0.008879602969957292,0.005171665729030233,
0.9904793271779441,0.0023795548747173535,0.0014122710837922582,0.0036203055192904694,0.002108541344256023,
0.0023872031799715442,0.0017059455477627767,0.9917997382552387,0.0025954619276885482,0.0015116510893385324,
0.005502549314209759,0.00393223734899396,0.8179708308595106,0.1691099975976277,0.00348438487965793,
0.9888245513774528,0.0027931422226095183,0.0016577360899816252,0.004249546128192404,0.002475024181763779,
0.012824838795255459,0.009164899254114674,0.005439387988055041,0.20404489615769272,0.7685259778048822,
0.015835113177101096,0.011316104573519083,0.006716133105461003,0.956105364376206,0.010027284767712632,
0.8711828908891114,0.005206131438886448,0.00308985052947537,0.11590793519677385,0.004613191945752912,
0.28476060594056707,0.006640257217502226,0.003941007352618899,0.010102628903183903,0.694555500586128,
0.00473082250236189,0.0033807451551972323,0.0020064797307618072,0.986886249083315,0.0029957035283640324,
0.0026707150078635355,0.0019085490565835862,0.0011327280884548439,0.6758950295396037,0.31839297830749425,
0.0022294255764770655,0.0015931943573838766,0.959295180305526,0.035470458343059875,0.0014117414175532866,
0.9854534656821271,0.003635696477894755,0.002157793904957125,0.005531426135718236,0.003221617799302768,
0.9923638360578954,0.0019085490565835864,0.001132728088454844,0.0029037072255822215,0.0016911795714840683,
0.6616758247323089,0.0022676303641867564,0.0013458436391178671,0.33270133706472876,0.002009364199657744,
0.0020283370239391587,0.9936216917897077,8.602768596064996E-4,0.002205288417141743,0.0012844059096050028,
0.0020283370239391582,0.30210773453674733,8.602768596064995E-4,0.0022052884171417427,0.6927983631625652,
0.0158351131771011,0.011316104573519087,0.0067161331054610045,0.017216562761237217,0.9489160863826817,
0.002474773688231657,0.0017685252728297663,0.0010496236629424088,0.25947382439211736,0.7352332529838789,
0.002387203179971544,0.8509521648028521,0.0010124824576343038,0.002595461927688548,0.14305268763185344,
0.08050034679145388,0.9085888153685678,0.002157793904957125,0.005531426135718235,0.0032216177993027676,
0.0020912110064845984,0.43546360361443853,0.03188474214076793,0.18826043905733655,0.34230000418097256,
0.0023056182796773197,0.0016476432639063764,9.778799231501085E-4,0.993608869533036,0.0014599890002302187,
0.002900351654337444,0.0020726522288405905,0.0012301236843284945,0.9919602798146014,0.0018365926178919858,
0.0017632666918191203,0.0012600674243669048,7.478528047281725E-4,0.9689755430698272,0.027253270009258534,
0.09287646898759933,0.002165761803652524,0.0012853844230188368,0.9017532870782834,0.0019190977074459222,
0.9917072541783513,0.0020726522288405905,0.0012301236843284945,0.003153377290587835,0.0018365926178919858,
0.9766484363774662,0.005836386575699186,0.0034639083478469213,0.008879602969957294,0.0051716657290302335,
0.005991215000702881,0.9811600264760751,0.002541048930824342,0.006513886444766802,0.0037938231476307865,
0.01077625881482786,0.9661129786304614,0.00457052550050235,0.011716375762006662,0.0068238612922016445,
0.008167107450366145,0.005836386575699186,0.0034639083478469213,0.008879602969957294,0.9736529946561305,
0.005087586883897772,0.6823505356458996,0.002157793904957125,0.30718246576594266,0.003221617799302768,
0.9873599133253407,0.003159207382261434,0.0018749965722899414,0.0048064854667168805,0.0027993972533910637,
0.9791701067183224,0.005206131438886448,0.00308985052947537,0.007920719367562811,0.004613191945752912,
0.9842669964638291,0.003932237348993961,0.00233379156816114,0.005982589739357837,0.0034843848796579304,
0.9894365574617855,0.0026401801275402763,0.0015669527480726758,0.004016826335551695,0.0023394833270500054,
0.008167107450366144,0.005836386575699184,0.971945237274947,0.008879602969957292,0.005171665729030233,
0.9904793271779441,0.0023795548747173535,0.0014122710837922582,0.0036203055192904694,0.002108541344256023,
0.0023872031799715442,0.0017059455477627767,0.9917997382552387,0.0025954619276885482,0.0015116510893385324,
0.005502549314209759,0.00393223734899396,0.9810982387177805,0.005982589739357836,0.00348438487965793,
0.003908564376319373,0.0027931422226095183,0.23340267420789537,0.7574205950114121,0.002475024181763779,
0.9408370591283106,0.01478692388501168,0.00877607204730658,0.022497141260755586,0.013102803678615516,
0.0036945179196529957,0.002640180127540276,0.0015669527480726756,0.3325975061829291,0.6595008430218049,
0.00473082250236189,0.0033807451551972323,0.0020064797307618072,0.986886249083315,0.0029957035283640324,
0.0033298137629841655,0.742741689935937,0.001412271083792258,0.052977781190038445,0.19953844402724796,
0.0021581075909287953,0.0015422290265137448,9.153163399894935E-4,0.0023463801217699907,0.9930379669207979,
0.005087586883897771,0.003635696477894754,0.9825236727031864,0.005531426135718235,0.0032216177993027676,
0.0044208151420861135,0.0031592073822614337,0.9848140947555445,0.00480648546671688,0.0027993972533910632,
0.10403764451231955,0.004698728798048639,0.8799513018412485,0.007148746171800359,0.004163578676582857,
0.002091211006484598,0.9314283810917776,0.031884742140767926,0.03327144609566801,0.0013242196653017416,
0.00473082250236189,0.42412762143759514,0.0020064797307618072,0.005143537757719858,0.5639915385715613,
0.4224949097562355,0.006640257217502226,0.14167531116828735,0.42330554035018936,0.005883981507785564,
0.0699500883543031,0.003159207382261434,0.0018749965722899414,0.9222163104377545,0.0027993972533910637,
0.0014274799614092532,0.022179490993599275,6.054358638918159E-4,0.7632898303813043,0.2124977627997954,
0.0019132878703242038,0.001367275710485191,8.114811597774616E-4,0.0020802024167016937,0.9938277528427114,
0.015835113177101096,0.950204906188488,0.006716133105461003,0.017216562761237213,0.010027284767712632,
