0.0014199117212127777,0.3181139440163233,0.0013075932133819231,0.32075750389227853,0.3584010471568035,
7.402421132034134E-4,7.83504913325616E-4,0.3307991540899541,0.0021616711188172048,0.6655154277646996,
0.0014663375891183254,0.001552036401571956,0.0013503466810037056,0.004282030919743296,0.9913492484085628,
0.0019015541649965821,0.0020126888279594587,0.00175113655580216,0.005552959830333418,0.9887816606209084,
0.001824206463893935,0.8154517029103385,0.0016799072480067929,0.005327087391305416,0.17571709598645532,
0.003563686490877745,0.003771963017710083,0.0032817901285528504,0.9639611146878235,0.02542144567503576,
0.004679140102100011,0.004952608335493141,0.004309008616918314,0.9526807439625101,0.033378498982978407,
0.0017529052140765734,0.001855352219667192,0.0016142461023355684,0.005118871930827544,0.9896586245330932,
0.0019015541649965821,0.0020126888279594587,0.00175113655580216,0.005552959830333418,0.9887816606209084,
0.6823022497116523,0.0023060196338266685,0.002006348533908954,0.1035227612327844,0.20986262088782776,
0.008030662606709201,0.008500007629109237,0.007395417452096204,0.02345131560640925,0.9526225967056761,
0.0017529052140765734,0.001855352219667192,0.5097344978237972,0.005118871930827544,0.48153837281163153,
0.0016869680872208257,0.0017855614553475506,0.0015535247643126404,0.00492632089888877,0.9900476247942303,
0.001824206463893935,0.0019308206084034172,0.0016799072480067929,0.005327087391305416,0.9892379782883904,
0.28625092065707747,0.0012302415656506027,0.0010703696210517485,0.05522849935503499,0.6562199688011853,
0.2233765781321425,0.002101806996636639,0.0018286736697309793,0.09435516535873743,0.6783377758427525,
0.003074991269013062,0.00325470643284389,0.002831751900136342,0.14611159072006027,0.8447269596779465,
0.008030662606709201,0.008500007629109237,0.007395417452096204,0.9187874327876994,0.05728647952438602,
0.003074991269013062,0.2775185751068343,0.13996368623713154,0.35180949222555313,0.2276332551614681,
9.424749515973463E-4,9.975570723303692E-4,8.679228659641947E-4,0.3389962167155156,0.6581958283945925,
0.00330135163696486,0.003494296233679353,0.0030402066065032965,0.9666140572903095,0.023550088232543034,
0.004237065148450956,0.004484696699470011,0.0039019028788912316,0.5792400863740554,0.40813624889913236,
