0.3453830802662617,0.45986906767733626,0.12751353711556457,0.0655303013163841,0.0017040136244533925,
0.14852927906854085,0.618186134285431,0.2307577543631152,0.0016323822995194586,8.944499833934757E-4,
0.2598627735776213,0.732409558109408,0.002758726923703517,0.0032100317959524267,0.0017589095933148783,
0.002759597108736794,0.9872626544655689,0.0035619907720031863,0.004144702955836376,0.0022710546978548297,
0.12245397367601613,0.029334673042318335,0.003419743168380184,0.8426112496673658,0.002180360445919715,
0.00254765282444574,0.988240915956899,0.003288420553208049,0.0038263789154202505,0.002096631750027127,
0.0027595971087367934,0.8208786933093515,0.003561990772003186,0.004144702955836376,0.16865501585407217,
0.003153061220457644,0.08243815864580935,0.05159661837120795,0.8602172994637232,0.002594862298802038,
0.010982501787020387,0.9493085712943725,0.014175826570851174,0.01649487436953364,0.00903822597822218,
0.00254765282444574,0.2202147297428133,0.7713146067672937,0.0038263789154202505,0.002096631750027127,
0.00245343760798692,0.9886757808010597,0.0031668108694806233,0.0036848748948132767,0.0020190958266596186,
0.0026493929839063375,0.9877713185791966,0.003419743168380184,0.003979184822597268,0.002180360445919715,
0.001699322238670876,0.7616283281044032,0.20710737050172062,0.028166494665899107,0.0013984844893062138,
0.0028793672405117415,0.9867098369733734,0.0037165858405344963,0.004324588496960084,0.002369621448620378,
0.07089678535365236,0.9131550482495157,0.00569339084453149,0.0066247824243493925,0.003629993127951133,
0.004410866259668002,0.248295857309672,0.0056933908445314894,0.7379698924581773,0.0036299931279511325,
0.0013809697776661274,0.5773129364560625,0.022598156400550053,0.0020741105653765274,0.39663382680034476,
0.005509848230734179,0.9745684467725577,0.007111918073431033,0.00827536895724147,0.004534417966035586,
