0.8926127677538424,0.002949911789381935,0.0024408970976403173,0.004479519662657498,0.0975169036964779,
0.0032169522618888096,0.003094805095516927,0.002560788699716497,0.004699544009200801,0.986427909933677,
0.002803802119290114,0.045507027573735655,0.002231909024072256,0.04690567138340549,0.9025515898994966,
0.006997881733696007,0.7546593514370434,0.005570519860645857,0.010222984521186992,0.22254926244742768,
0.9780147489552359,0.004716431822268524,0.003902599659973471,0.0071620274075591865,0.006204192154962985,
0.0032169522618888096,0.003094805095516927,0.002560788699716497,0.004699544009200801,0.986427909933677,
0.002803802119290114,0.0026973421982039105,0.002231909024072256,0.004095986007873746,0.98817096065056,
0.1028549097032388,0.0060822994134463815,0.8738257454920765,0.009236133742972618,0.008000911648265859,
0.8537526440306904,0.002146099207147846,0.0017757843962761045,0.1395024034938003,0.0028230688720853273,
0.05233479593997019,0.003094805095516926,0.0025607886997164966,0.937938573892747,0.004071036372049228,
0.003216952261888809,0.003094805095516926,0.0025607886997164966,0.9870564175708284,0.004071036372049228,
0.002929200260859432,0.0028179789922573037,0.986266756842546,0.004279176194423481,0.003706887709913741,
0.002803802119290114,0.0026973421982039105,0.9868546726613023,0.004095986007873746,0.0035481970133299083,
0.027761349607813506,0.026707255573088035,0.022098851514454027,0.040555679293831665,0.8828768640108128,
0.00356739806264587,0.0034319445248874665,0.983274634483553,0.0052114992169322435,0.0045145237119814195,
0.002803802119290114,0.0026973421982039105,0.9868546726613023,0.004095986007873746,0.0035481970133299083,
0.004264191790877108,0.004102281105943268,0.9800077913700062,0.006229423178674573,0.005396312554498972,
0.9129827396224656,0.00239035159858672,0.0019778904238193108,0.0036298126015413676,0.07901920575358701,
0.7632426303748712,0.0028179789922573037,0.0023317296361778325,0.13845213444983734,0.09315552654685631,
0.9855738258235165,0.003094805095516927,0.002560788699716497,0.004699544009200801,0.004071036372049229,
0.0026886997297885873,0.002586610228147772,0.00214028413369455,0.044980087969277,0.9476043179390922,
0.003383124018576829,0.8813901302604364,0.002693066309732653,0.0049422990829683655,0.10759138032828576,
0.31331328740331915,0.0032546673369998422,0.002693066309732653,0.21156240800612994,0.4691765709438185,
0.0024846950759264772,0.0023903515985867194,0.0019778904238193103,0.6485659274886733,0.34458113541299423,
0.005765773526875369,0.005546848021951546,0.0045897254577467244,0.9768010965542809,0.007296556439145412,
0.002929200260859432,0.0028179789922573037,0.8968181180056034,0.09372781503136605,0.003706887709913741,
0.010299184633974218,0.9534230428596786,0.008198454151598025,0.015045753715296947,0.013033564639452141,
0.002803802119290114,0.0026973421982039105,0.002231909024072256,0.004095986007873746,0.98817096065056,
0.6417489200769468,0.003094805095516927,0.002560788699716497,0.3485244497557705,0.004071036372049229,
0.005765773526875367,0.4457186934847812,0.3567272018280105,0.18449177472118733,0.00729655643914541,
0.004264191790877108,0.9807156502829727,0.0033944221929766948,0.006229423178674573,0.005396312554498972,
0.002929200260859432,0.9420286867801543,0.0023317296361778325,0.004279176194423481,0.04843120712838502,
0.004264191790877107,0.394747628776755,0.0033944221929766943,0.13644453906894516,0.461149218170446,
0.001801320557203463,0.4967933229048788,0.4964943023931245,0.0026314923393626595,0.0022795618054305923,
0.004003531623701764,0.0038515181639097716,0.9812298687762915,0.005848632968761129,0.00506644846733586,
0.9862492338077989,0.002949911789381935,0.0024408970976403173,0.004479519662657498,0.0038804376425213244,
0.002929200260859432,0.7631314091062692,0.0023317296361778325,0.2279007732867799,0.003706887709913741,
0.1028549097032388,0.0060822994134463815,0.005032783366166777,0.5884314418269124,0.29759856569023574,
0.004264191790877108,0.004102281105943268,0.0033944221929766948,0.9828427923557039,0.005396312554498972,
0.004561157625260662,0.004387971194768225,0.003630815739098136,0.5637973557484641,0.4236226996924089,
0.0030663402412550345,0.002949911789381935,0.9856237906641842,0.004479519662657498,0.0038804376425213244,
0.005765773526875369,0.9739249080401772,0.0045897254577467244,0.008423036536055464,0.007296556439145412,
0.0023938775417334693,0.0023029823917406784,0.00190559699315428,0.0034971401326945504,0.989900402940677,
0.00356739806264587,0.0034319445248874665,0.11177696283007604,0.6043661484786976,0.276857546103693,
0.005299256798003627,0.40965497611671603,0.004218364408446593,0.33138706197951373,0.24944034069732,
0.6117033695919726,0.0029499117893819348,0.2365320622325317,0.14493421874359233,0.0038804376425213235,
0.9848286414035942,0.0032546673369998422,0.002693066309732653,0.0049422990829683655,0.004281325866704971,
0.0026886997297885873,0.002586610228147772,0.00214028413369455,0.003927836560511729,0.9886565693478574,
0.0032169522618888096,0.9854516786571447,0.002560788699716497,0.004699544009200801,0.004071036372049229,
0.003772902813742854,0.0036296462932296747,0.2334287077426877,0.5239687882057905,0.23519995494454926,
0.005765773526875369,0.005546848021951546,0.0045897254577467244,0.9768010965542809,0.007296556439145412,
0.005765773526875368,0.005546848021951545,0.004589725457746724,0.008423036536055464,0.9756746164573709,
0.9600900414642961,0.00856176707193154,0.007084412649819864,0.013001271456271737,0.011262507357680578,
0.0010502792588332644,0.001010400322211954,0.4979559654335156,0.48261810583983233,0.01736524914560682,
0.19033927234916817,0.0965863778433385,0.28335029525951,0.004479519662657498,0.4252445348853259,
0.6820502177871786,0.0060822994134463815,0.19809788606081336,0.009236133742972618,0.10453346299558915,
0.005765773526875369,0.9739249080401772,0.0045897254577467244,0.008423036536055464,0.007296556439145412,
0.0035673980626458692,0.0034319445248874657,0.0028397538733914295,0.8767091708704091,0.11345173266866604,
0.00258267510218647,0.002484611338813722,0.9878914031078836,0.003772948528948984,0.003268361922167215,
0.004561157625260662,0.004387971194768225,0.003630815739098136,0.42451382960928413,0.5629062258315889,
0.00258267510218647,0.002484611338813722,0.0020558854090160124,0.003772948528948984,0.9891038796210349,
0.4393162338893843,0.0034319445248874665,0.00283975387339143,0.0052114992169322435,0.5492005684954046,
0.0026886997297885873,0.0025866102281477715,0.00214028413369455,0.9481296189621129,0.044454786946256125,
0.004561157625260662,0.004387971194768225,0.003630815739098136,0.9816479341660042,0.005772121274868844,
0.7989763016998858,0.002949911789381935,0.0024408970976403173,0.19175245177057063,0.0038804376425213244,
0.004264191790877107,0.004102281105943267,0.26382465397351784,0.006229423178674572,0.7215794499509871,
0.0030663402412550345,0.9861328053559258,0.0024408970976403173,0.004479519662657498,0.0038804376425213244,
0.004264191790877108,0.9807156502829727,0.0033944221929766948,0.006229423178674573,0.005396312554498972,
0.0028038021192901136,0.00269734219820391,0.002231909024072256,0.9887187496451038,0.003548197013329908,
0.9868642274672277,0.0028179789922573037,0.0023317296361778325,0.004279176194423481,0.003706887709913741,
0.9840022786728074,0.0034319445248874665,0.00283975387339143,0.0052114992169322435,0.0045145237119814195,
0.03894465396211368,0.002302982391740678,0.0019055969931542798,0.9172665506421999,0.03958021601079139,
0.5180669035380161,0.002949911789381935,0.0024408970976403173,0.004479519662657498,0.47206276791230417,
0.005299256798003627,0.005098044859169002,0.004218364408446593,0.007741516973476104,0.9776428169609046,
0.0045611576252606615,0.004387971194768224,0.0036308157390981355,0.006663251191744039,0.9807568042491289,
0.004264191790877108,0.19942495494134915,0.0033944221929766948,0.1364445390689452,0.656471892005852,
0.0030663402412550345,0.9861328053559258,0.0024408970976403173,0.004479519662657498,0.0038804376425213244,
0.004264191790877108,0.9807156502829727,0.0033944221929766948,0.006229423178674573,0.005396312554498972,
0.0028038021192901136,0.00269734219820391,0.002231909024072256,0.9887187496451038,0.003548197013329908,
0.9868642274672277,0.0028179789922573037,0.0023317296361778325,0.004279176194423481,0.003706887709913741,
0.004264191790877108,0.004102281105943268,0.068501980138112,0.07133698112380986,0.8517945658412578,
0.004003531623701764,0.6151283555074023,0.06431461276105281,0.005848632968761129,0.31070486713908213,
0.8242057050786358,0.00856176707193154,0.007084412649819864,0.013001271456271737,0.147146843743341,
0.002023986205379644,0.0019471357706710643,0.3106422788010783,0.6828252551966503,0.002561344026220812,
0.015024448342359853,0.9320535448805685,0.011959903163747725,0.02194874230350784,0.01901336130981599,
0.002929200260859432,0.0028179789922573037,0.6731965209132471,0.004279176194423481,0.31677712363921273,
0.005765773526875368,0.005546848021951545,0.004589725457746724,0.008423036536055464,0.9756746164573709,
0.8402623144603407,0.004387971194768225,0.003630815739098136,0.00666325119174404,0.1450556474140489,
0.0045611576252606615,0.35259678654271825,0.0036308157390981355,0.21558854040051406,0.42362269969240884,
0.9295336741944651,0.05790054900322977,0.00283975387339143,0.0052114992169322435,0.0045145237119814195,
0.0023938775417334693,0.002302982391740678,0.0019055969931542798,0.9903681034829603,0.0030294395904111784,
0.0032169522618888096,0.9363338349790633,0.002560788699716497,0.053817387687282184,0.004071036372049229,
0.004264191790877108,0.06920983905107855,0.0033944221929766948,0.7875201185202981,0.1356114284447696,
0.7265535052496422,0.2615298034909518,0.002693066309732653,0.0049422990829683655,0.004281325866704971,
0.2844048700854159,0.6016745110084915,0.0018384019736448032,0.0033738242373147972,0.10870839269513313,
0.031010459387701562,0.20556380149454775,0.0015173697068415234,0.03188895428469697,0.7300194151262123,
0.019497075341800237,0.01875677448817746,0.015520245918566542,0.028482661898655476,0.9177432423528004,
0.6938751553672619,0.06795329784303615,0.10053412525036153,0.1349073415759808,0.0027300799633596263,
0.043740951138553856,0.0025866102281477715,0.00214028413369455,0.7839206133270519,0.16761154117255192,
0.0025826751021864698,0.0024846113388137217,0.15978956824083482,0.6347076798562242,0.20043546546194072,
0.0026886997297885873,0.002586610228147772,0.00214028413369455,0.003927836560511729,0.9886565693478574,
0.0026886997297885873,0.0025866102281477715,0.00214028413369455,0.9891818703708781,0.003402535537490858,
0.0037729028137428538,0.6949057444068181,0.23342870774268767,0.0055117146205991546,0.0623809304161521,
0.12625889909240026,0.0038515181639097716,0.003186929026703559,0.005848632968761129,0.8608540207482254,
0.9762358918161165,0.005098044859169003,0.004218364408446594,0.007741516973476105,0.00670618194279178,
0.345281285123544,0.0026973421982039105,0.002231909024072256,0.6462412666408499,0.0035481970133299083,
0.008899686764673242,0.00856176707193154,0.4147374218068011,0.01300127145627174,0.5547998529003223,
0.002803802119290114,0.6020329374556483,0.002231909024072256,0.004095986007873746,0.3888353653931156,
0.0017531043063158907,0.055220876225824944,0.0013955226349557904,0.9394119524424381,0.002218544390465315,
0.34392146178087857,0.0023903515985867194,0.0019778904238193103,0.6485659274886733,0.003144368708042064,
0.8298635597112229,0.0032546673369998422,0.002693066309732653,0.0049422990829683655,0.15924640755907615,
0.004264191790877108,0.9156080923378375,0.0033944221929766948,0.07133698112380986,0.005396312554498972,
0.005299256798003628,0.005098044859169003,0.004218364408446594,0.978678151991589,0.00670618194279178,
0.14384468376444068,0.07402973426435823,0.003630815739098136,0.00666325119174404,0.771831515040359,
0.004561157625260662,0.07402973426435823,0.003630815739098136,0.9120061710964141,0.005772121274868844,
0.019497075341800237,0.01875677448817746,0.015520245918566542,0.028482661898655476,0.9177432423528004,
0.1873865828267495,0.0038515181639097716,0.003186929026703559,0.005848632968761129,0.7997263370138761,
0.005299256798003628,0.005098044859169003,0.004218364408446594,0.978678151991589,0.00670618194279178,
0.004003531623701763,0.6762560392417514,0.30882534769844977,0.005848632968761128,0.0050664484673358596,
0.006322358355915503,0.0060822994134463815,0.10156533471349007,0.8780290958688822,0.008000911648265859,
0.1668214532915678,0.0017329247017857524,0.0014339041900314927,0.8277321560111844,0.0022795618054305923,
0.01029918463397422,0.009908126229445036,0.008198454151598025,0.9585606703455306,0.013033564639452143,
0.006322358355915503,0.0060822994134463815,0.005032783366166777,0.9745616472162055,0.008000911648265859,
0.16712202930102246,0.005098044859169003,0.1660411369114654,0.6550326069855513,0.00670618194279178,
0.8205964652377805,0.0034319445248874665,0.00283975387339143,0.05968010369527455,0.11345173266866605,
0.5891831259860699,0.0019471357706710647,0.001611152600715034,0.4046972416163233,0.0025613440262208125,
0.0035673980626458692,0.0034319445248874657,0.0028397538733914295,0.9856463798270937,0.004514523711981419,
0.8815185869420133,0.0032546673369998422,0.05434809354052304,0.05659732631375875,0.004281325866704971,
0.003383124018576828,0.003254667336999842,0.0026930663097326528,0.9863878164679856,0.00428132586670497,
