0.9930899098260773,0.001006722577843254,0.0035049008667185195,0.0014219838011694165,9.764829281915314E-4,
0.8425671896145747,0.002621083827567133,0.14856712402917174,0.0037022500799499384,0.002542352448736602,
0.3319537690192594,0.0017614261325413529,0.006132398452641107,0.6584438894857836,0.0017085169097745892,
0.9873153377376898,0.001848012915949383,0.006433850013271969,0.002610296509353776,0.0017925028237352112,
0.0036351760968672264,0.0016105086152037888,0.0056069796838948745,0.002274824477831614,0.9868725111262024,
0.005530607333433355,0.002450250144822351,0.8558280753054122,0.13381441699622515,0.002376650220106997,
0.0036351760968672264,0.0016105086152037888,0.9909173581997202,0.002274824477831614,0.0015621326103771379,
0.01017099125659655,0.9634054749785066,0.015687972142520448,0.006364814044155022,0.004370747578221253,
0.9772507178381689,0.0033143150676196,0.01153877543698721,0.004681431053452131,0.003214760603772215,
0.17717944145736902,0.0010946641284818785,0.26587398262387035,0.0015462002071685223,0.5543057115831103,
0.003485843998201361,0.0015443493357028314,0.9912904707877555,0.0021813752736338224,0.0014979606047064798,
0.008204232825585953,0.0036347586181948036,0.10933909620683063,0.8752963335882884,0.0035255787611002468,
0.1562520745345615,0.002817524193114886,0.009809199876697624,0.828388309201793,0.002732892193833042,
0.008204232825585953,0.0036347586181948036,0.9795013759952065,0.005134053799912577,0.0035255787611002468,
0.9122881048875612,0.002621083827567133,0.07884620875618517,0.0037022500799499384,0.002542352448736602,
0.0048928122861813805,0.002167684901499249,0.9877751007909379,0.003061829429290284,0.002102572592091133,
0.009082357849124634,0.004023798345005797,0.9773073433453061,0.005683567838548492,0.0039029326220150267,
0.9820090201605477,0.002621083827567133,0.009125293483198597,0.0037022500799499384,0.002542352448736602,
0.9908956807526378,0.0013263971252938738,0.004617846600813278,0.001873520339760609,0.0012865551814945525,
0.003797875494295045,0.0016825900699294022,0.9905108468482531,0.002376638684883706,0.0016320489026386703,
0.08130583913312185,0.002817524193114886,0.009809199876697624,0.9033345446032326,0.002732892193833042,
0.9873153377376898,0.001848012915949383,0.006433850013271969,0.002610296509353776,0.0017925028237352112,
0.0036351760968672264,0.0016105086152037888,0.0056069796838948745,0.002274824477831614,0.9868725111262024,
0.005916206338735819,0.002621083827567133,0.9852181073050106,0.0037022500799499384,0.002542352448736602,
0.04647475777146833,0.0016105086152037888,0.948077776525119,0.002274824477831614,0.0015621326103771379,
0.01017099125659655,0.9634054749785066,0.015687972142520448,0.006364814044155022,0.004370747578221253,
0.9772507178381689,0.0033143150676196,0.01153877543698721,0.004681431053452131,0.003214760603772215,
0.1689113438745576,0.8132282760169873,0.010603924065921139,0.004302149710924012,0.0029543063316098362,
0.8850490604137713,0.0013263971252938738,0.11046446693967978,0.001873520339760609,0.0012865551814945525,
0.5822483978082206,0.0012811937813746474,0.10669986040163255,0.3085278383658658,0.0012427096429064952,
0.8541799391837566,0.0016825900699294024,0.14012878315879174,0.002376638684883706,0.0016320489026386707,
0.9750512103682257,0.0036347586181948036,0.012654398452566643,0.005134053799912577,0.0035255787611002468,
0.004171261373793423,0.935834885461651,0.006433850013271969,0.002610296509353776,0.05094970664193003,
0.004171261373793423,0.935834885461651,0.006433850013271969,0.05176750032754859,0.0017925028237352112,
0.0037978754942950455,0.9863355059208849,0.005857930997297791,0.002376638684883706,0.0016320489026386707,
0.003635176096867227,0.9440813054564281,0.04844656135849599,0.002274824477831614,0.0015621326103771383,
0.01953892065124969,0.008656416966358093,0.49065923018679564,0.012227087157119324,0.46891834503847724,
0.036218193763150726,0.016045911264915773,0.9095073053304578,0.02266466094621023,0.015563928695265655,
0.004626070782454441,0.9833557163968721,0.007135358563739231,0.002894907639048931,0.001987946617885376,
0.003635176096867227,0.9869208871310292,0.005606979683894875,0.002274824477831614,0.0015621326103771383,
0.005530607333433355,0.9801012562746901,0.008530536659526635,0.0034609495122427756,0.002376650220106997,
0.003221192481645975,0.0014270995695067688,0.04292933686048265,0.9510381383343538,0.0013842327540108238,
0.3601244958112267,0.0033143150676196,0.01153877543698721,0.6218076530803943,0.003214760603772215,
0.9884507913452505,0.0016825900699294024,0.005857930997297791,0.002376638684883706,0.0016320489026386707,
0.9122881048875612,0.002621083827567133,0.009125293483198597,0.0734231653529365,0.002542352448736602,
0.004171261373793422,0.0018480129159493828,0.1047482576496616,0.8874399652368604,0.001792502823735211,
0.003485843998201361,0.0015443493357028314,0.9912904707877555,0.0021813752736338224,0.0014979606047064798,
0.004386909582260599,0.0019435525234773245,0.9890391201735107,0.0027452450813485216,0.0018851726394028196,
0.10488893057984994,0.0036347586181948036,0.8828166782409425,0.005134053799912577,0.0035255787611002468,
0.10778403056922077,0.0019435525234773245,0.52375207573219,0.0544438055748286,0.31207653560028337,
0.005192196898635026,0.00230032262929229,0.19157453539998945,0.4927584341842265,0.30817451088785675,
0.9180048797213101,0.002450250144822351,0.07370727040151784,0.0034609495122427756,0.002376650220106997,
0.006359603731682204,0.002817524193114886,0.984110260095413,0.003979719785956865,0.002732892193833042,
0.00462607078245444,0.0020495091987719817,0.9884415657618392,0.0028949076390489305,0.001987946617885376,
0.003221192481645975,0.229192470043867,0.7641863433626233,0.0020157613578528836,0.0013842327540108238,
0.00748094036725977,0.0033143150676196,0.9813085529078963,0.004681431053452131,0.003214760603772215,
0.9884507913452505,0.0016825900699294024,0.005857930997297791,0.002376638684883706,0.0016320489026386707,
0.9790938248243388,0.003045795067206271,0.010603924065921139,0.004302149710924012,0.0029543063316098362,
0.013378039741323549,0.005926933849644309,0.9665743997752779,0.008371724356130544,0.005748902277623595,
0.0036351760968672264,0.0016105086152037888,0.948077776525119,0.002274824477831614,0.04440171428497824,
0.45241584555185826,0.0011274946316159368,0.003925368317493382,0.5414376642340522,0.0010936272649802272,
0.004171261373793422,0.0018480129159493828,0.39969148055883047,0.5924967423276916,0.001792502823735211,
0.9772507178381689,0.0033143150676196,0.01153877543698721,0.004681431053452131,0.003214760603772215,
0.9180048797213101,0.002450250144822351,0.008530536659526635,0.0034609495122427756,0.06755338396209819,
0.003797875494295045,0.0016825900699294022,0.9905108468482531,0.002376638684883706,0.0016320489026386703,
0.005530607333433355,0.002450250144822351,0.9861815427893945,0.0034609495122427756,0.002376650220106997,
0.33252316402229304,0.001034423246303928,0.6639779505300558,0.0014611106695833838,0.001003351531763819,
0.8898617194015153,0.016045911264915773,0.05586377969209325,0.02266466094621023,0.015563928695265655,
0.984210707947389,0.0023003226292922906,0.008008564578348101,0.0032491786598495996,0.0022312261851211946,
0.003975821124434892,0.0017614261325413529,0.006132398452641107,0.9864218373806081,0.0017085169097745892,
0.003797875494295045,0.0016825900699294022,0.9905108468482531,0.002376638684883706,0.0016320489026386703,
0.008204232825585953,0.0036347586181948036,0.9795013759952065,0.005134053799912577,0.0035255787611002468,
0.3314142760433893,0.002450250144822351,0.6602978740794386,0.0034609495122427756,0.002376650220106997,
0.9122881048875612,0.002621083827567133,0.07884620875618517,0.0037022500799499384,0.002542352448736602,
0.07563712161172238,0.002621083827567133,0.7063344462130643,0.0037022500799499384,0.2117050982676963,
0.005916206338735819,0.002621083827567133,0.9852181073050106,0.0037022500799499384,0.002542352448736602,
0.8890898289771771,0.0033143150676196,0.01153877543698721,0.09284231991444386,0.003214760603772215,
0.753639702026891,0.001761426132541353,0.24040236123465863,0.002487993696134508,0.0017085169097745894,
0.09564182922825151,0.0033143150676196,0.8931476640469046,0.004681431053452131,0.003214760603772215,
0.12756951077972925,0.00230032262929229,0.8646497617460077,0.0032491786598495987,0.002231226185121194,
0.005192196898635026,0.1246776365103865,0.8646497617460077,0.0032491786598495987,0.002231226185121194,
0.18380271808924326,0.0033143150676196,0.8049867751859129,0.004681431053452131,0.003214760603772215,
0.01017099125659655,0.6038182095713727,0.015687972142520448,0.006364814044155022,0.3639580129853553,
0.003103385201617467,0.001374906873922325,0.7728106542786324,0.22137744583789065,0.001333607807937108,
0.05914308229346,0.0020495091987719817,0.49778846216278927,0.27547996519407675,0.16553898115090204,
0.00462607078245444,0.0020495091987719817,0.9884415657618392,0.0028949076390489305,0.001987946617885376,
0.006874847684601381,0.003045795067206271,0.9828229012056585,0.004302149710924012,0.0029543063316098362,
0.8942016796961015,0.001761426132541353,0.09984038356544814,0.002487993696134508,0.0017085169097745894,
0.9831816134633012,0.002450250144822351,0.008530536659526635,0.0034609495122427756,0.002376650220106997,
0.004386909582260599,0.0019435525234773245,0.05846503129086918,0.9333193339639901,0.0018851726394028196,
0.003485843998201361,0.0015443493357028314,0.9912904707877555,0.0021813752736338224,0.0014979606047064798,
0.004171261373793422,0.0018480129159493828,0.9895779263771681,0.0026102965093537755,0.001792502823735211,
0.0048928122861813805,0.002167684901499249,0.9301146117343014,0.003061829429290284,0.05976306164872754,
0.20304626381554014,0.007036244465605897,0.02449665863139631,0.7585959413541601,0.00682489173329743,
0.6246071623942019,0.09147520392861133,0.2760214420199624,0.004681431053452131,0.003214760603772215,
0.00748094036725977,0.9730840925385286,0.01153877543698721,0.004681431053452131,0.003214760603772215,
0.21118115155618092,0.0019435525234773245,0.006766470797389086,0.7782236524835499,0.0018851726394028196,
0.01953892065124969,0.9297003111470189,0.030137283096465205,0.012227087157119324,0.008396397948146849,
0.12021379039945422,0.002167684901499249,0.007546786828118893,0.8679691652788365,0.002102572592091133,
0.011556137936327045,0.005119768398834134,0.01782445441614577,0.960533657013084,0.0049659822356089255,
0.008204232825585953,0.8737970384065705,0.10933909620683063,0.005134053799912577,0.0035255787611002468,
0.00748094036725977,0.0033143150676196,0.9813085529078963,0.004681431053452131,0.003214760603772215,
0.006359603731682204,0.002817524193114886,0.984110260095413,0.003979719785956865,0.002732892193833042,
0.025383824880543665,0.011245911495778912,0.9365774359295288,0.015884717724958385,0.010908109969190338,
0.006359603731682204,0.002817524193114886,0.984110260095413,0.003979719785956865,0.002732892193833042,
0.00136111005966716,0.41765132247259934,0.4512283500665083,0.12917431192378478,5.849054774405067E-4,
0.4696739540235814,0.0019435525234773245,0.05846503129086918,0.0027452450813485216,0.4671722170807236,
0.006359603731682204,0.002817524193114886,0.3095941414824562,0.6784958383989137,0.002732892193833042,
0.005916206338735819,0.002621083827567133,0.7760553614860508,0.21286499589890961,0.002542352448736602,
0.0036351760968672264,0.0016105086152037888,0.9909173581997202,0.002274824477831614,0.0015621326103771379,
0.8004936945832944,0.1891773963581554,0.006132398452641108,0.002487993696134508,0.0017085169097745894,
0.008204232825585953,0.6804276428980427,0.3027084917153586,0.005134053799912577,0.0035255787611002468,
0.004386909582260599,0.0019435525234773245,0.16186215227782935,0.0027452450813485216,0.8290621405350842,
0.8898617194015153,0.016045911264915773,0.05586377969209325,0.02266466094621023,0.015563928695265655,
0.8004936945832944,0.001761426132541353,0.006132398452641108,0.002487993696134508,0.18912448713538865,
0.6588302089145212,0.0020495091987719817,0.00713535856373923,0.22096295368307117,0.11102196963989648,
0.4119660881594919,0.003045795067206271,0.010603924065921139,0.004302149710924012,0.5700820429964566,
0.27196360695023497,0.0033143150676196,0.7168258863249212,0.004681431053452131,0.003214760603772215,
0.008204232825585953,0.0036347586181948036,0.2060237939610946,0.005134053799912577,0.777003160795212,
0.00462607078245444,0.0020495091987719817,0.9884415657618392,0.0028949076390489305,0.001987946617885376,
0.003485843998201361,0.0015443493357028314,0.9912904707877555,0.0021813752736338224,0.0014979606047064798,
0.003348296826157281,0.3960712702956295,0.0840820622839341,0.5150595176963768,0.0014388528979022944,
0.09564182922825151,0.53227964823357,0.3641823308809541,0.004681431053452131,0.003214760603772215,
0.005916206338735819,0.002621083827567133,0.9852181073050106,0.0037022500799499384,0.002542352448736602,
0.015881931615651938,0.007036244465605898,0.9603183196308374,0.009938612554607255,0.006824891733297432,
0.003348296826157281,0.001483411185893579,0.873257780503406,0.002095300853720014,0.11981521063082308,
0.00462607078245444,0.0020495091987719817,0.00713535856373923,0.0028949076390489305,0.9832941538159854,
0.006359603731682204,0.002817524193114886,0.9091640246939734,0.07892595518739651,0.002732892193833042,
0.003485843998201361,0.0015443493357028314,0.7037322720083589,0.2897395740530304,0.0014979606047064798,
0.005916206338735819,0.002621083827567133,0.07884620875618517,0.0037022500799499384,0.9089142509975618,
0.003975821124434892,0.0017614261325413529,0.09984038356544811,0.8458598597113975,0.048562509466178086,
0.005530607333433355,0.39351065259676954,0.5951211403374473,0.0034609495122427756,0.002376650220106997,
0.003975821124434892,0.0017614261325413529,0.006132398452641107,0.0024879936961345077,0.9856423605942481,
0.003975821124434893,0.985695269817015,0.006132398452641108,0.002487993696134508,0.0017085169097745894,
0.07070734107542455,0.002450250144822351,0.008530536659526635,0.0034609495122427756,0.9148509226079836,
0.008204232825585953,0.9704817361608346,0.012654398452566643,0.005134053799912577,0.0035255787611002468,
0.01017099125659655,0.004506100559482592,0.015687972142520448,0.9652641884631792,0.004370747578221253,
0.0036351760968672264,0.0016105086152037888,0.9909173581997202,0.002274824477831614,0.0015621326103771379,
0.01017099125659655,0.9634054749785066,0.015687972142520448,0.006364814044155022,0.004370747578221253,
0.003485843998201361,0.0015443493357028314,0.005376646401252948,0.9880951996601364,0.0014979606047064798,
0.009082357849124634,0.004023798345005797,0.01400883879760089,0.9689820723862537,0.0039029326220150267,
0.015881931615651934,0.007036244465605897,0.02449665863139631,0.9457602735540482,0.00682489173329743,
0.011556137936327045,0.005119768398834135,0.9711264987793199,0.00723161264990994,0.004965982235608926,
0.00748094036725977,0.9730840925385286,0.01153877543698721,0.004681431053452131,0.003214760603772215,
0.0028918597302372857,0.0012811937813746474,0.004460471329047255,0.9901237655164343,0.001242709642906495,
0.003797875494295045,0.0016825900699294022,0.00585793099729779,0.002376638684883706,0.9862849647535941,
0.06318836168883563,0.027994627541753383,0.8421211958174976,0.03954208215874798,0.027153732793165658,
0.4952791743815045,0.0020495091987719817,0.00713535856373923,0.49354801123809894,0.001987946617885376,
0.003103385201617467,0.001374906873922325,0.9922460603273464,0.001942039789176591,0.001333607807937108,
0.734554738697331,0.0013749068739223253,0.260794706831633,0.0019420397891765913,0.0013336078079371082,
0.847347687139698,0.09546941124534836,0.006132398452641108,0.049341986252538016,0.0017085169097745894,
0.006874847684601381,0.003045795067206271,0.9828229012056585,0.004302149710924012,0.0029543063316098362,
0.005916206338735819,0.35122566019249996,0.5668926156670911,0.0734231653529365,0.002542352448736602,
0.005530607333433355,0.002450250144822351,0.9861815427893945,0.0034609495122427756,0.002376650220106997,
0.003975821124434892,0.0017614261325413529,0.006132398452641107,0.0024879936961345077,0.9856423605942481,
0.003975821124434893,0.985695269817015,0.006132398452641108,0.002487993696134508,0.0017085169097745894,
0.07070734107542455,0.002450250144822351,0.008530536659526635,0.0034609495122427756,0.9148509226079836,
0.008204232825585953,0.9704817361608346,0.012654398452566643,0.005134053799912577,0.0035255787611002468,
0.13003341305897456,0.1243685223618606,0.015687972142520448,0.7255393448584232,0.004370747578221253,
0.0036351760968672264,0.0016105086152037888,0.948077776525119,0.045114406152432715,0.0015621326103771379,
0.01017099125659655,0.9634054749785066,0.015687972142520448,0.006364814044155022,0.004370747578221253,
0.003485843998201361,0.0015443493357028314,0.005376646401252948,0.9880951996601364,0.0014979606047064798,
0.009082357849124634,0.004023798345005797,0.01400883879760089,0.9689820723862537,0.0039029326220150267,
0.015881931615651934,0.007036244465605897,0.02449665863139631,0.9457602735540482,0.00682489173329743,
0.011556137936327045,0.005119768398834135,0.9711264987793199,0.00723161264990994,0.004965982235608926,
0.00748094036725977,0.9730840925385286,0.01153877543698721,0.004681431053452131,0.003214760603772215,
0.0028918597302372857,0.0012811937813746474,0.004460471329047255,0.9901237655164343,0.001242709642906495,
0.003797875494295045,0.0016825900699294022,0.05061488171779577,0.002376638684883706,0.941528014033096,
0.01953892065124969,0.008656416966358093,0.030137283096465205,0.012227087157119324,0.9294402921288077,
0.015881931615651934,0.007036244465605897,0.02449665863139631,0.9457602735540482,0.00682489173329743,
0.013378039741323549,0.005926933849644309,0.49360449883562985,0.4813416252957787,0.005748902277623595,
0.005530607333433355,0.002450250144822351,0.9861815427893945,0.0034609495122427756,0.002376650220106997,
0.005192196898635026,0.00230032262929229,0.5587064770432721,0.0032491786598495987,0.430551824768951,
0.011556137936327045,0.27749178107402667,0.01782445441614577,0.6881616443378914,0.0049659822356089255,
0.42011415694911597,0.005119768398834135,0.5625684797665309,0.00723161264990994,0.004965982235608926,
0.9723808623968299,0.004023798345005797,0.01400883879760089,0.005683567838548492,0.0039029326220150267,
0.0026236221994121183,0.8978043226910408,0.0040467355578721045,0.0016418131723930874,0.09388350637928183,
0.006874847684601381,0.08406404316218438,0.010603924065921139,0.004302149710924012,0.894155035376369,
0.10488893057984994,0.0036347586181948036,0.012654398452566643,0.005134053799912577,0.873687858549476,
0.7127680512551937,0.0033143150676196,0.18786055315897068,0.004681431053452131,0.09137564946476394,
0.005916206338735819,0.002621083827567133,0.6366135309400777,0.28258591117189624,0.07226326772172316,
0.005530607333433355,0.002450250144822351,0.6602978740794386,0.32934461822219874,0.002376650220106997,
0.004386909582260599,0.0019435525234773245,0.006766470797389086,0.0027452450813485216,0.9841578220155244,
0.2497998941964149,0.6994393376018536,0.030137283096465205,0.012227087157119324,0.008396397948146849,
0.015881931615651938,0.9428579054650471,0.024496658631396315,0.009938612554607255,0.006824891733297432,
0.025383824880543665,0.011245911495778912,0.9365774359295288,0.015884717724958385,0.010908109969190338,
0.13588407481741574,0.8497477887907078,0.008530536659526635,0.0034609495122427756,0.002376650220106997,
0.01953892065124969,0.008656416966358093,0.9511811772771259,0.012227087157119324,0.008396397948146849,
0.09331177693529101,0.807307703038893,0.09537183243829375,0.002376638684883706,0.0016320489026386707,
0.006874847684601381,0.16508229125716248,0.010603924065921139,0.8144846306607052,0.0029543063316098362,
0.00748094036725977,0.0033143150676196,0.09969966429797895,0.8862903196633695,0.003214760603772215,
0.8425671896145747,0.002621083827567133,0.14856712402917174,0.0037022500799499384,0.002542352448736602,
0.7031253590686015,0.002621083827567133,0.009125293483198597,0.28258591117189624,0.002542352448736602,
0.006874847684601381,0.003045795067206271,0.9828229012056585,0.004302149710924012,0.0029543063316098362,
0.005916206338735819,0.002621083827567133,0.7063344462130643,0.0037022500799499384,0.28142601354068286,
0.9228086622530425,0.011245911495778912,0.03915259855702996,0.015884717724958385,0.010908109969190338,
0.5583753551986145,9.09320352238229E-4,0.22085735454381505,0.21897596346208745,8.820064432447759E-4,
0.4952791743815045,0.0020495091987719817,0.00713535856373923,0.49354801123809894,0.001987946617885376,
0.003103385201617467,0.001374906873922325,0.9922460603273464,0.001942039789176591,0.001333607807937108,
0.036218193763150726,0.016045911264915773,0.05586377969209325,0.8763081865845747,0.015563928695265655,
0.003348296826157281,0.001483411185893579,0.1235408481949077,0.041554086764693604,0.8300733570283478,
0.463039956582333,0.442867674084098,0.05586377969209325,0.02266466094621023,0.015563928695265655,
0.003485843998201361,0.0015443493357028314,0.3750943305461914,0.0021813752736338224,0.6176941008462705,
0.005530607333433355,0.06762698388681354,0.7254746078214298,0.19899115073821635,0.002376650220106997,
0.004386909582260599,0.0019435525234773245,0.006766470797389086,0.9850178944574701,0.0018851726394028196,
0.038276097702839344,0.21301963780302685,0.49856874151552355,0.0018735203397606088,0.24826200263884968,
0.004171261373793422,0.051005216734144196,0.9404207225589734,0.0026102965093537755,0.001792502823735211,
0.9831816134633012,0.002450250144822351,0.008530536659526635,0.0034609495122427756,0.002376650220106997,
0.831563877477942,0.1570392340039176,0.006766470797389087,0.002745245081348522,0.00188517263940282,
0.004171261373793422,0.0018480129159493828,0.006433850013271967,0.0026102965093537755,0.9849365791876314,
0.002470832404365494,0.0010946641284818785,0.17851967809736857,0.0015462002071685223,0.8163686251626155,
0.24995728046476745,0.0018480129159493828,0.20306266528605119,0.5433395385094967,0.001792502823735211,
0.0036351760968672264,0.0016105086152037888,0.9909173581997202,0.002274824477831614,0.0015621326103771379,
0.025383824880543665,0.011245911495778912,0.9365774359295288,0.015884717724958385,0.010908109969190338,
0.00462607078245444,0.0020495091987719817,0.9884415657618392,0.0028949076390489305,0.001987946617885376,
0.013378039741323549,0.005926933849644309,0.49360449883562985,0.008371724356130544,0.4787188032172717,
0.9174175770712594,0.0013749068739223253,0.07793186845770467,0.0019420397891765913,0.0013336078079371082,
0.00748094036725977,0.0033143150676196,0.01153877543698721,0.18100320877543558,0.7966627603526978,
0.9174175770712594,0.0013749068739223253,0.0047867331081333005,0.0019420397891765913,0.07447874315750846,
0.859669213301814,0.1330655329464668,0.004313469177870939,0.0017500304662022373,0.001201754107646093,
0.3321237854603689,0.0015443493357028314,0.6626525293255879,0.0021813752736338224,0.0014979606047064798,
0.37232413854191765,0.00230032262929229,0.5587064770432721,0.0032491786598495987,0.0634198831256683,
0.08226586864810448,0.001483411185893579,0.9127165664143796,0.002095300853720014,0.0014388528979022944,
0.006359603731682204,0.002817524193114886,0.9091640246939734,0.003979719785956865,0.07767912759527268,
0.003485843998201361,0.0015443493357028314,0.21077535981510764,0.7826964862462817,0.0014979606047064798,
0.003485843998201361,0.0015443493357028314,0.8680512427394427,0.12542060332194663,0.0014979606047064798,
0.003485843998201361,0.0015443493357028314,0.9502107281049845,0.043261117956404756,0.0014979606047064798,
0.009082357849124634,0.004023798345005797,0.9773073433453061,0.005683567838548492,0.0039029326220150267,
0.003348296826157281,0.001483411185893579,0.0446232763729605,0.002095300853720014,0.9484497147612686,
0.9851211262490006,0.0021676849014992494,0.007546786828118894,0.003061829429290285,0.0021025725920911335,
0.8121396590790912,0.002167684901499249,0.18052825399802813,0.003061829429290284,0.002102572592091133,
0.005916206338735819,0.002621083827567133,0.2182880393021583,0.7706323180828022,0.002542352448736602,
0.8618333940662947,0.00230032262929229,0.13038587845944233,0.0032491786598495987,0.002231226185121194,
0.9274606371923642,0.0021676849014992494,0.007546786828118894,0.003061829429290285,0.05976306164872756,
0.9180048797213101,0.002450250144822351,0.008530536659526635,0.0034609495122427756,0.06755338396209819,
0.00462607078245444,0.0020495091987719817,0.9884415657618392,0.0028949076390489305,0.001987946617885376,
0.01017099125659655,0.004506100559482592,0.015687972142520448,0.006364814044155022,0.9632701219972453,
0.004171261373793422,0.051005216734144196,0.9404207225589734,0.0026102965093537755,0.001792502823735211,
0.9790938248243388,0.003045795067206271,0.010603924065921139,0.004302149710924012,0.0029543063316098362,
0.003797875494295045,0.0016825900699294022,0.05061488171779577,0.002376638684883706,0.941528014033096,
0.0036351760968672264,0.0016105086152037888,0.4340027964299059,0.34499147787464046,0.21576004098338267,
0.11710387771882609,0.1532706798857469,0.11885112701860272,0.0020157613578528836,0.6087585540189714,
0.0036351760968672264,0.0016105086152037888,0.0056069796838948745,0.17363315117623604,0.8155141844277981,
0.011556137936327045,0.005119768398834135,0.5625684797665309,0.00723161264990994,0.41352400124839783,
0.01953892065124969,0.46917836405668845,0.030137283096465205,0.4727490342474497,0.008396397948146849,
0.6033893195412827,0.0016105086152037888,0.3911632147553048,0.002274824477831614,0.0015621326103771379,
0.003975821124434892,0.0017614261325413529,0.006132398452641107,0.9864218373806081,0.0017085169097745892,
0.0021033577053269116,0.3231694914106088,0.6725070402095229,0.001316241487678377,9.038691868630005E-4,
0.6485564088256666,0.0014270995695067688,0.34661649749296297,0.0020157613578528836,0.0013842327540108238,
0.8898617194015153,0.016045911264915773,0.05586377969209325,0.02266466094621023,0.015563928695265655,
0.24996430009482698,0.0015443493357028314,0.005376646401252948,0.7416167435635107,0.0014979606047064798,
0.005530607333433355,0.002450250144822351,0.8558280753054122,0.0034609495122427756,0.13273011770408938,
0.006874847684601381,0.003045795067206271,0.09162217216089925,0.8955028787556832,0.0029543063316098362,
0.9820090201605477,0.002621083827567133,0.009125293483198597,0.0037022500799499384,0.002542352448736602,
0.005916206338735819,0.002621083827567133,0.9852181073050106,0.0037022500799499384,0.002542352448736602,
0.025383824880543665,0.011245911495778912,0.9365774359295288,0.015884717724958385,0.010908109969190338,
0.9122881048875612,0.002621083827567133,0.07884620875618517,0.0037022500799499384,0.002542352448736602,
0.984210707947389,0.0023003226292922906,0.008008564578348101,0.0032491786598495996,0.0022312261851211946,
0.006359603731682204,0.002817524193114886,0.009809199876697624,0.9782807800046722,0.002732892193833042,
0.24992959196953574,0.08406404316218438,0.6587499088257461,0.004302149710924012,0.0029543063316098362,
0.9851211262490006,0.0021676849014992494,0.007546786828118894,0.003061829429290285,0.0021025725920911335,
0.8078463670564309,0.027994627541753376,0.09746319044990218,0.03954208215874797,0.027153732793165655,
0.07070734107542455,0.914924522532699,0.008530536659526635,0.0034609495122427756,0.002376650220106997,
0.004386909582260599,0.0019435525234773245,0.3686563942517497,0.0544438055748286,0.5705693380676837,
0.10488893057984994,0.10031945637245879,0.7861319804866785,0.005134053799912577,0.0035255787611002468,
0.002334859077131991,0.001034423246303928,0.8290721030026363,0.16655526314216393,0.001003351531763819,
0.008204232825585953,0.0036347586181948036,0.10933909620683063,0.005134053799912577,0.873687858549476,
0.9790938248243388,0.003045795067206271,0.010603924065921139,0.004302149710924012,0.0029543063316098362,
0.013378039741323547,0.005926933849644308,0.020634597895981682,0.9543115262354267,0.005748902277623594,
0.28392815061151966,0.6860498000868157,0.01782445441614577,0.00723161264990994,0.004965982235608926,
0.013378039741323549,0.005926933849644309,0.9665743997752779,0.008371724356130544,0.005748902277623595,
0.0031033852016174673,0.9156890987435643,0.07793186845770467,0.0019420397891765913,0.0013336078079371082,
0.10488893057984994,0.3903735496352507,0.49607788722388646,0.005134053799912577,0.0035255787611002468,
0.6550208324444263,0.003045795067206271,0.010603924065921139,0.004302149710924012,0.3270272987115223,
0.8006447371257475,0.00230032262929229,0.19157453539998945,0.0032491786598495987,0.002231226185121194,
0.011556137936327045,0.005119768398834135,0.9711264987793199,0.00723161264990994,0.004965982235608926,
0.24997313044881617,0.34126792912988196,0.004046735557872105,0.40358476407767463,0.0011274407857553524,
0.00462607078245444,0.0020495091987719817,0.9884415657618392,0.0028949076390489305,0.001987946617885376,
0.005192196898635026,0.00230032262929229,0.0080085645783481,0.9822676897086033,0.002231226185121194,
0.006874847684601381,0.8132282760169873,0.17264042025587736,0.004302149710924012,0.0029543063316098362,
0.9866595589583823,0.0019435525234773247,0.006766470797389087,0.002745245081348522,0.00188517263940282,
0.46617672473927274,0.002167684901499249,0.5264911883378467,0.003061829429290284,0.002102572592091133,
0.011556137936327045,0.005119768398834135,0.9711264987793199,0.00723161264990994,0.004965982235608926,
0.9820090201605477,0.002621083827567133,0.009125293483198597,0.0037022500799499384,0.002542352448736602,
0.00462607078245444,0.0020495091987719817,0.9339245542508336,0.05741191915005448,0.001987946617885376,
