0.29626285106185435,8.920503782357858E-4,6.161339234197034E-4,0.7000288186047853,0.0022001460317048337,
0.0020508837485340298,0.002334109467019175,0.3530397362800314,0.6368184412863357,0.005756829218079814,
0.001442544035887474,0.0016417584337307127,0.0011339528458946756,0.9917325246055335,0.004049220078953682,
0.034047576304059156,0.0010986276661526162,7.588156351245059E-4,0.9613853337659753,0.0027096466286884134,
0.0019162024689849918,0.002180828789920646,0.0015062855545197593,0.003969778176128792,0.9904269050104458,
0.0012043794417167563,0.0013707034632283572,9.467367799497033E-4,0.0024951012749910013,0.9939830790401142,
0.0028529750418702445,0.003246969048908172,0.002242662329545414,0.005910480881624065,0.9857469126980521,
0.0022059285771315177,0.0025105658861118915,0.0017340330178133993,0.9873574325776713,0.006192039941271805,
0.00403716171009524,0.004594691129692896,0.0031735260044821376,0.9768623111174829,0.011332310038246769,
0.0022059285771315177,0.0025105658861118915,0.9845214646350777,0.004570000960406928,0.006192039941271805,
0.004685422404652526,0.005332476206659914,0.003683109796163513,0.8125736359415089,0.17372535565101513,
0.0013127469647641738,0.09147192823328769,0.04602086804056676,0.002719605227447886,0.8584748515339335,
0.001442544035887474,0.0016417584337307127,0.0011339528458946756,0.9917325246055335,0.004049220078953682,
0.0011125391163752981,0.0012661800483898286,8.74543075149025E-4,0.9936238412546238,0.0031228965054621396,
0.0020508837485340298,0.002334109467019175,0.0016121556121637265,0.004248796084173801,0.9897540550881093,
0.002852975041870244,0.980985582841071,0.0022426623295454134,0.005910480881624064,0.008008298905889244,
0.17206904248810642,0.0011362162662879839,7.847778590552454E-4,0.8232076085303416,0.0028023548562088434,
0.0013127469647641735,0.0014940364710808,0.0010319221594633178,0.632564847562896,0.3635964468417957,
0.002598873176198453,0.002957775880023923,0.00204291831719129,0.7179086692091602,0.274491763417426,
0.00403716171009524,0.5580224409211112,0.0031735260044821376,0.4234345613260646,0.011332310038246769,
0.001442544035887474,0.9903857784712662,0.0011339528458946756,0.002988504567998078,0.004049220078953682,
0.0013127469647641738,0.9912508458553565,0.001031922159463318,0.002719605227447886,0.0036848797929682326,
0.0012562304796988114,0.9485754368622181,9.874957658937073E-4,0.0026025205703537817,0.046578316321835685,
0.0017981201437822134,0.9880159461565654,0.0014134635779406014,0.0037251481617311833,0.00504732195998069,
0.0012562304796988114,0.9916275151243189,9.874957658937073E-4,0.0026025205703537817,0.0035262380597349307,
0.0019162024689849916,0.9872289548378363,0.001506285554519759,0.0039697781761287914,0.005378778962529987,
0.0013127469647641738,0.0014940364710808005,0.001031922159463318,0.9474874687306201,0.04867382567407167,
0.001442544035887474,0.0016417584337307127,0.0011339528458946756,0.9917325246055335,0.004049220078953682,
0.0017981201437822134,0.0020464393720219217,0.0014134635779406014,0.0037251481617311833,0.9910168287445241,
0.004685422404652526,0.005332476206659914,0.003683109796163513,0.009706744411923708,0.9765922471806004,
0.0020508837485340298,0.002334109467019175,0.0016121556121637265,0.004248796084173801,0.9897540550881093,
0.001600824612124139,0.0018218974551176288,0.0012583738031814284,0.0033164129114114085,0.9920024912181654,
0.0011125391163752981,0.0012661800483898286,8.74543075149025E-4,0.0023048365586417897,0.994441901201444,
0.12815801384667824,0.14585655262407124,0.10074225875277625,0.2655037213964364,0.3597394533800378,
0.0055816938414422375,0.006352522148866585,0.004387649499047899,0.9680103238822937,0.015667810628349547,
0.0025988731761984536,0.0029577758800239233,0.0020429183171912905,0.005384060496939034,0.9870163721296473,
0.0013127469647641738,0.0014940364710808005,0.001031922159463318,0.002719605227447886,0.9934416891772438,
0.9484019522459155,0.001429715096001397,0.044039574027994466,0.0026025205703537817,0.0035262380597349307,
0.0010716785282232843,0.0012196766394561142,0.7721162946851041,0.22258414928352807,0.003008200863688402,
0.0012562304796988114,0.001429715096001397,9.874957658937073E-4,0.0026025205703537817,0.9937240380880523,
0.009040332685717915,0.010288796779349458,0.007106411119365053,0.6383684246951262,0.3351960347204413,
0.048482886817039036,0.0015644179872443614,0.33083862429078414,0.19128091550772663,0.42783315539720573,
0.0013127469647641738,0.0014940364710808005,0.001031922159463318,0.002719605227447886,0.9934416891772438,
0.0015175683683475627,0.0017271435779530797,0.001192927860305329,0.003143931754059711,0.9924184284393344,
8.054427074825239E-4,9.166738241601123E-4,0.02823634222757385,0.0016686278898178652,0.9683729133509655,
0.0017981201437822134,0.0020464393720219217,0.0014134635779406014,0.0037251481617311833,0.9910168287445241,
0.0013127469647641738,0.0014940364710808005,0.001031922159463318,0.002719605227447886,0.9934416891772438,
0.0019162024689849918,0.002180828789920646,0.0015062855545197593,0.003969778176128792,0.9904269050104458,
0.009040332685717915,0.010288796779349458,0.936565893095004,0.01872877004470025,0.025376207395228334,
0.001374588240735421,0.0015644179872443618,0.00108053425665882,0.0028477212025121773,0.9931327383128492,
0.9505316667984063,0.0013707034632283572,9.467367799497033E-4,0.0024951012749910013,0.04465579168342482,
0.0055816938414422375,0.19764187866445693,0.004387649499047899,0.011563541304341897,0.7808252366907111,
0.001798120143782213,0.12529262772008984,0.001413463577940601,0.0037251481617311824,0.8677706403964561,
0.0010716785282232843,0.0012196766394561142,8.424234454758822E-4,0.002220186072205681,0.994646035314639,
0.001600824612124139,0.0018218974551176288,0.0012583738031814284,0.0033164129114114085,0.9920024912181654,
0.0023863330484940456,0.0027158840982245266,0.0018758450933025253,0.004943743164001085,0.9880781945959779,
0.001374588240735421,0.0015644179872443618,0.00108053425665882,0.9921219913048883,0.003858468210473168,
0.0015175683683475627,0.0017271435779530797,0.001192927860305329,0.9913025468667822,0.004259813326611866,
0.0016937462585826567,0.0019276515208197277,0.0013314175112593108,0.0035089177902911297,0.9915382669190472,
0.0055816938414422375,0.9627993047268184,0.004387649499047899,0.011563541304341897,0.015667810628349547,
0.006901966588930941,0.007855123708396018,0.7150341394721197,0.014298737623285429,0.2559100326072679,
0.11132404435375819,0.0018218974551176283,0.6047360823821687,0.0033164129114114076,0.2788015628975441,
0.0028529750418702445,0.003246969048908172,0.002242662329545414,0.005910480881624065,0.9857469126980521,
0.002205928577131518,0.002510565886111892,0.0017340330178133995,0.004570000960406928,0.9889794715585363,
4.689122504410396E-4,0.45049418349737164,3.6860183650155897E-4,9.714409872910237E-4,0.5476968614283947,
0.002598873176198453,0.002957775880023923,0.00204291831719129,0.9851053974762431,0.00729503515034309,
0.0020508837485340298,0.002334109467019175,0.0016121556121637265,0.004248796084173801,0.9897540550881093,
0.001600824612124139,0.0018218974551176288,0.0012583738031814284,0.0033164129114114085,0.9920024912181654,
0.0012562304796988114,0.001429715096001397,9.874957658937073E-4,0.0026025205703537817,0.9937240380880523,
0.001442544035887474,0.9903857784712662,0.0011339528458946756,0.002988504567998078,0.004049220078953682,
0.002852975041870244,0.10102083042812443,0.0022426623295454134,0.7881013719153543,0.10578216028510551,
0.0013127469647641738,0.631339278806529,0.001031922159463318,0.2276643346329651,0.13865171743627855,
0.0016008246121241387,0.0018218974551176283,0.0012583738031814282,0.7713789511028497,0.22393995302672706,
0.002598873176198453,0.002957775880023923,0.00204291831719129,0.9851053974762431,0.00729503515034309,
0.0025988731761984536,0.0029577758800239233,0.09110849440621895,0.005384060496939034,0.8979507960406197,
0.0022059285771315177,0.0025105658861118915,0.0017340330178133993,0.9873574325776713,0.006192039941271805,
0.002598873176198453,0.002957775880023923,0.00204291831719129,0.9851053974762431,0.00729503515034309,
0.0012043794417167563,0.0013707034632283572,9.467367799497033E-4,0.0024951012749910013,0.9939830790401142,
0.0023863330484940456,0.0027158840982245266,0.0018758450933025253,0.004943743164001085,0.9880781945959779,
0.04079563500023512,0.437345325607844,9.092090845632473E-4,0.0023961979656559663,0.5185536323417016,
0.9823202101555024,0.002957775880023923,0.00204291831719129,0.005384060496939033,0.00729503515034309,
0.004685422404652526,0.005332476206659914,0.003683109796163513,0.009706744411923708,0.9765922471806004,
0.0011566390499038836,0.0013163701542003433,9.092090845632474E-4,0.0023961979656559667,0.9942215837456766,
0.0019162024689849916,0.1991904539995038,0.6582050362531303,0.0039697781761287914,0.13671852910225207,
0.0011566390499038836,0.0013163701542003433,0.9918841078428444,0.0023961979656559667,0.003246684987395457,
0.001374588240735421,0.0015644179872443618,0.9903548043590349,0.0028477212025121773,0.003858468210473168,
0.6286799873361439,0.3201086241045624,0.007106411119365053,0.01872877004470025,0.025376207395228334,
0.9860481096185633,0.0023341094670191746,0.0016121556121637263,0.0042487960841738,0.005756829218079814,
0.9869643285169006,0.0021808287899206455,0.001506285554519759,0.0039697781761287914,0.005378778962529987,
0.9758737569461327,0.00403624819118157,0.002787812767757221,0.007347211324816993,0.009954970770111262,
0.9823202101555024,0.002957775880023923,0.00204291831719129,0.005384060496939033,0.00729503515034309,
0.9784883076036387,0.0035988416982373757,0.002485698688550222,0.0065509971709080675,0.008876154838665372,
0.9934330703059315,0.0010986276661526162,7.588156351245059E-4,0.0019998397641030133,0.0027096466286884134,
0.003162150728897673,0.9789249985729785,0.002485698688550222,0.0065509971709080675,0.008876154838665372,
0.8454770773514163,0.0023341094670191746,0.0016121556121637263,0.0042487960841738,0.14632786148522686,
0.0012562304796988114,0.001429715096001397,0.9911852957942111,0.0026025205703537817,0.0035262380597349307,
0.13882144788548823,9.166738241601123E-4,6.331411919727112E-4,0.5813358496374418,0.2782928874609371,
0.001600824612124139,0.0018218974551176288,0.0012583738031814284,0.9908253905861178,0.004493513543458953,
0.0010716785282232843,0.0012196766394561142,8.424234454758822E-4,0.002220186072205681,0.994646035314639,
0.04848288681703904,0.0015644179872443618,0.00108053425665882,0.8507970955759774,0.09807506536308042,
0.00403716171009524,0.004594691129692896,0.0031735260044821376,0.008363748982500868,0.979830872173229,
0.0019162024689849918,0.002180828789920646,0.0015062855545197593,0.003969778176128792,0.9904269050104458,
0.0011566390499038836,0.0013163701542003433,0.9522451118925132,0.0023961979656559667,0.042885680937726704,
0.001374588240735421,0.0015644179872443618,0.9903548043590349,0.0028477212025121773,0.003858468210473168,
0.009040332685717915,0.9397482787549883,0.0071064111193650525,0.018728770044700246,0.02537620739522833,
0.9860481096185633,0.0023341094670191746,0.0016121556121637263,0.0042487960841738,0.005756829218079814,
0.9869643285169006,0.0021808287899206455,0.001506285554519759,0.0039697781761287914,0.005378778962529987,
0.9758737569461327,0.00403624819118157,0.002787812767757221,0.007347211324816993,0.009954970770111262,
0.9823202101555024,0.002957775880023923,0.00204291831719129,0.005384060496939033,0.00729503515034309,
0.9784883076036387,0.0035988416982373757,0.002485698688550222,0.0065509971709080675,0.008876154838665372,
0.9934330703059315,0.0010986276661526162,7.588156351245059E-4,0.0019998397641030133,0.0027096466286884134,
0.003162150728897673,0.9789249985729785,0.002485698688550222,0.0065509971709080675,0.008876154838665372,
0.7751915612178428,0.002334109467019175,0.0016121556121637265,0.2151053444848944,0.005756829218079814,
0.0012562304796988114,0.001429715096001397,0.9911852957942111,0.0026025205703537817,0.0035262380597349307,
0.003162150728897673,0.9789249985729785,0.002485698688550222,0.0065509971709080675,0.008876154838665372,
0.8341787863972228,0.14295162857754748,0.0031735260044821376,0.008363748982500868,0.011332310038246769,
0.00403716171009524,0.004594691129692896,0.0031735260044821376,0.9768623111174829,0.011332310038246769,
0.9725357238450774,0.004594691129692896,0.0031735260044821376,0.008363748982500868,0.011332310038246769,
9.054117586596409E-4,0.9939656405586821,7.117247133512745E-4,0.0018757328090915756,0.00254149016021537,
0.0013745882407354207,0.0015644179872443614,0.0010805342566588198,0.5681473041181556,0.42783315539720573,
0.002852975041870244,0.980985582841071,0.0022426623295454134,0.005910480881624064,0.008008298905889244,
0.0020508837485340298,0.4240472062684604,0.0016121556121637265,0.425961892885615,0.14632786148522686,
0.0020508837485340298,0.0023341094670191746,0.14218318787931078,0.8476749896870561,0.005756829218079814,
0.06758607753884605,0.002180828789920646,0.0015062855545197593,0.20097940338571196,0.7277474047310016,
0.8028983444062235,0.0020464393720219212,0.001413463577940601,0.0037251481617311824,0.18991660448208256,
0.0015175683683475627,0.0017271435779530797,0.8853348466453728,0.10716062808171471,0.004259813326611866,
0.0055816938414422375,0.19764187866445693,0.7695450755614093,0.011563541304341897,0.015667810628349547,
0.0019162024689849918,0.26486032906936485,0.6582050362531303,0.06963965324598985,0.005378778962529987,
0.0013127469647641735,0.3614056035199083,0.0010319221594633178,0.0027196052274478856,0.6335301221284163,
0.0017981201437822134,0.0020464393720219217,0.987382970362484,0.0037251481617311833,0.00504732195998069,
0.0035464814042828917,0.9763635237330315,0.002787812767757221,0.007347211324816993,0.009954970770111262,
0.003546481404282892,0.004036248191181571,0.853574178866876,0.12888812076754824,0.009954970770111263,
0.0023863330484940456,0.002715884098224526,0.9832556045256784,0.004943743164001084,0.006698435163601887,
0.0023863330484940456,0.002715884098224526,0.9832556045256784,0.004943743164001084,0.006698435163601887,
0.003162150728897673,0.7621858526008137,0.21922484466071493,0.0065509971709080675,0.008876154838665372,
0.0022059285771315177,0.0025105658861118915,0.9845214646350777,0.004570000960406928,0.006192039941271805,
0.0020508837485340298,0.002334109467019175,0.21246870401288434,0.004248796084173801,0.7788975066873887,
0.9837660924808698,0.002715884098224526,0.0018758450933025251,0.004943743164001084,0.006698435163601887,
0.0016937462585826563,0.8145732346575478,0.0013314175112593106,0.003508917790291129,0.17889268378231904,
0.0019162024689849918,0.002180828789920646,0.0015062855545197593,0.003969778176128792,0.9904269050104458,
0.009040332685717915,0.010288796779349458,0.007106411119365053,0.01872877004470025,0.9548356893708673,
0.00403716171009524,0.004594691129692896,0.0031735260044821376,0.008363748982500868,0.979830872173229,
0.001600824612124139,0.0018218974551176288,0.0012583738031814284,0.9908253905861178,0.004493513543458953,
0.0010716785282232843,0.0012196766394561142,8.424234454758822E-4,0.002220186072205681,0.994646035314639,
0.013098511147722758,0.014907407060790112,0.010296457940575461,0.027136059229457533,0.9345615646214541,
0.0012562304796988112,0.0014297150960013967,9.87495765893707E-4,0.5622795379776636,0.43404702068074247,
0.19892582767856817,0.002180828789920646,0.19851591076410294,0.46365890366515616,0.1367185291022521,
0.0010337130121916723,0.0011764681102291426,0.284222315095965,0.2855512688049874,0.4280162349766268,
0.001442544035887474,0.0016417584337307127,0.0011339528458946756,0.002988504567998078,0.9927932401164891,
0.0035464814042828917,0.00403624819118157,0.002787812767757221,0.9796744868666669,0.009954970770111262,
0.0015175683683475627,0.0017271435779530797,0.001192927860305329,0.8872858505391272,0.10827650965426687,
8.525065254974604E-4,0.9358860061094888,6.701370472457694E-4,0.06019836510927163,0.0023929852084963515,
0.0011566390499038834,0.0013163701542003431,9.092090845632473E-4,0.3195081655683059,0.6771096161430264,
0.001442544035887474,0.0016417584337307127,0.0011339528458946756,0.9917325246055335,0.004049220078953682,
9.653178902014882E-4,0.0010986276661526162,7.588156351245059E-4,0.994467592179833,0.0027096466286884134,
0.0013127469647641738,0.0014940364710808005,0.001031922159463318,0.002719605227447886,0.9934416891772438,
0.002205928577131518,0.002510565886111892,0.0017340330178133995,0.3825651669670471,0.6109843055518961,
0.493076212764682,0.0027158840982245266,0.0018758450933025253,0.004943743164001085,0.4973883148797899,
0.0016937462585826567,0.0019276515208197277,0.0013314175112593108,0.9902928401706039,0.004754344538734453,
0.0020508837485340298,0.002334109467019175,0.0016121556121637265,0.07453431221774733,0.9194685389545357,
0.07233639988210755,0.0023341094670191746,0.0016121556121637263,0.9179605058206297,0.005756829218079814,
0.00403716171009524,0.004594691129692896,0.0031735260044821376,0.9768623111174829,0.011332310038246769,
0.0022059285771315177,0.0025105658861118915,0.9845214646350777,0.004570000960406928,0.006192039941271805,
0.0011566390499038836,0.0013163701542003433,9.092090845632474E-4,0.9140931048232747,0.08252467688805795,
9.344056413122306E-4,0.25724640299703083,7.345161810150075E-4,0.7384617992125185,0.002622875968123456,
0.05087974503776425,0.10051616043748426,0.0011339528458946756,0.002988504567998078,0.8444816371108588,
0.0012043794417167563,0.0013707034632283572,9.467367799497033E-4,0.9930974880819713,0.0033806922331339707,
0.7242848282374565,0.19919045399950383,0.0015062855545197593,0.06963965324598985,0.005378778962529987,
0.21359101465686012,0.0011764681102291428,8.125795697404559E-4,0.7815183059758803,0.0029016316872899407,
0.001374588240735421,0.9908386880896205,0.00108053425665882,0.0028477212025121773,0.003858468210473168,
0.00403716171009524,0.004594691129692896,0.0031735260044821376,0.5617914987739192,0.4264031223818105,
0.07452633293199741,0.0012196766394561142,0.03756975064736295,0.002220186072205681,0.8844640537089778,
0.9694475178724339,8.465697215188954E-4,5.847207026573267E-4,0.027033218805441055,0.002087972897948763,
0.009040332685717915,0.010288796779349458,0.007106411119365053,0.01872877004470025,0.9548356893708673,
0.0013127469647641738,0.0014940364710808005,0.001031922159463318,0.9924764146117235,0.0036848797929682326,
0.0019162024689849918,0.002180828789920646,0.0015062855545197593,0.1353095283158509,0.8590871548707237,
0.0023863330484940456,0.002715884098224526,0.0018758450933025251,0.8227602093576476,0.17026172840233117,
0.0023863330484940456,0.0027158840982245266,0.0018758450933025253,0.004943743164001085,0.9880781945959779,
0.0028529750418702445,0.003246969048908172,0.002242662329545414,0.005910480881624065,0.9857469126980521,
0.0016937462585826567,0.0019276515208197277,0.0013314175112593108,0.9902928401706039,0.004754344538734453,
0.0017981201437822134,0.0020464393720219217,0.0014134635779406014,0.0037251481617311833,0.9910168287445241,
0.004685422404652526,0.9687727460421621,0.003683109796163513,0.009706744411923708,0.013151977345098109,
0.004685422404652526,0.005332476206659914,0.003683109796163513,0.9731470142474259,0.013151977345098109,
0.0016937462585826563,0.0019276515208197272,0.17546975675484391,0.1776472570338757,0.643261588431878,
0.1661856542245752,0.0018218974551176283,0.0012583738031814282,0.058178022782228424,0.7725560517348973,
8.054427074825239E-4,0.2493454831445704,6.331411919727112E-4,0.13968463306782358,0.6095312998881507,
0.001071678528223284,0.001219676639456114,0.735388967483217,0.002220186072205681,0.2600994912768978,
0.0023863330484940456,0.7387507036725064,0.0018758450933025251,0.004943743164001084,0.2520433750216958,
9.054117586596409E-4,0.5905857187997161,7.117247133512745E-4,0.09496340706116066,0.3128337376671123,
0.001798120143782213,0.0020464393720219212,0.001413463577940601,0.250217524857867,0.7445244520483881,
0.0023863330484940456,0.9840956435306003,0.0018758450933025251,0.004943743164001084,0.006698435163601887,
0.002598873176198453,0.002957775880023923,0.00204291831719129,0.9851053974762431,0.00729503515034309,
0.0020508837485340298,0.002334109467019175,0.0016121556121637265,0.2151053444848944,0.7788975066873887,
