6.695306780994311E-4,0.0011422283982125115,0.9955313258461378,0.001877711493118119,7.792035844320528E-4,
0.0017523051455121577,0.21393042866587175,0.7773635505279745,0.004914373035927646,0.002039342624713948,
0.0012323844127773043,0.002102464487190588,0.9917746496865038,0.0034562454738898615,0.0014342559396384469,
8.246069996955993E-4,0.001406790701646162,0.9944962940352581,0.0023126259800811235,9.596822833189869E-4,
0.0016371884384573246,0.002793065633586151,0.0036562352258016884,0.9900081415512476,0.0019053691509072416,
0.0010288694234347605,0.9925905300305317,0.0022977126764082635,0.002885483823960574,0.0011974040456647242,
0.980721280405316,0.00415927033115021,0.005444652111113447,0.00683743261505999,0.0028373645373603843,
0.0018848347720368732,0.003215553630298619,0.8361567928403959,0.005286054888670402,0.15345676386859816,
0.0034507482666730855,0.0058870232450965385,0.9769685391645693,0.00967768900236595,0.00401600032129528,
0.9850955211264059,0.003215553630298619,0.004209289002083766,0.005286054888670402,0.002193581352541388,
0.0040053536770760945,0.0068331875812295325,0.9732669151103956,0.011233090401171706,0.0046614532301271225,
0.0011214686471008458,0.0019132406898214093,0.002504508995938134,0.9931556101220064,0.0013051715451332453,
0.0012323844127773043,0.002102464487190588,0.9917746496865038,0.0034562454738898615,0.0014342559396384469,
9.503956311881644E-4,0.0016213878093857999,0.9936567381720434,0.002665402584325257,0.0011060758030573808,
0.0017523051455121575,0.0029894562938020423,0.003913318497052229,0.9893055774389196,0.0020393426247139477,
0.0024380054720857516,0.9824425452643805,0.005444652111113447,0.00683743261505999,0.0028373645373603843,
8.528257162566913E-4,0.0014549322140092477,0.9943079527784995,0.0023917659062129867,9.925233850215881E-4,
0.0011214686471008458,0.04691371478154511,0.9475144649221358,0.0031451801040850253,0.0013051715451332453,
0.0022207529274203205,0.0037886345496723458,0.9851779439934745,0.0062281437305156204,0.0025845247989172886,
0.0034507482666730855,0.9751492122598487,0.007706350149816995,0.00967768900236595,0.00401600032129528,
0.0012323844127773043,0.9911249036181574,0.002752210555536952,0.0034562454738898615,0.0014342559396384469,
0.0011214686471008458,0.0019132406898214093,0.002504508995938134,0.0031451801040850253,0.9913156015630546,
0.0010731752519783167,0.0018308515041434103,0.0023966582389495675,0.0030097403609493107,0.9916895746439794,
0.0015362644069620416,0.0026208878699573927,0.0034308476098039403,0.004308482684631397,0.9881035174286452,
0.0010731752519783167,0.0018308515041434103,0.0023966582389495675,0.0030097403609493107,0.9916895746439794,
0.0016371884384573248,0.0027930656335861514,0.003656235225801689,0.004591526046301473,0.9873219846558534,
0.0011214686471008458,0.9919236707077428,0.002504508995938134,0.0031451801040850253,0.0013051715451332453,
0.0012323844127773043,0.002102464487190588,0.9917746496865038,0.0034562454738898615,0.0014342559396384469,
0.0015362644069620416,0.0026208878699573927,0.0034308476098039403,0.990624086920205,0.0017879131930716857,
0.0040053536770760945,0.0068331875812295325,0.008944917311851434,0.9755550881997159,0.0046614532301271225,
0.0017523051455121575,0.0029894562938020423,0.003913318497052229,0.9893055774389196,0.0020393426247139477,
0.0013676478544670254,0.3864845027418337,0.16769054789501564,0.4428656252116892,0.0015916762969944906,
9.503956311881644E-4,0.03975732151447184,0.0021224618398065806,0.9560637452114761,0.0011060758030573808,
0.11226395621761161,0.19152382867868917,0.25071239306909465,0.3148463957635308,0.1306534262710737,
0.004772370682150528,0.008141728972633584,0.7766496375176343,0.20488215087512257,0.005554111952459154,
0.0022207529274203205,0.0037886345496723458,0.00495947496959315,0.09533891364177756,0.8936922239115367,
0.0011214686471008458,0.9919236707077428,0.002504508995938134,0.0031451801040850253,0.0013051715451332453,
0.0010731752519783167,0.0018308515041434103,0.0023966582389495675,0.9934503475857822,0.0012489674191465347,
9.154828383564585E-4,0.148501865338114,0.8469497187316922,0.0025674889942519275,0.0010654440975853892,
0.0010731752519783167,0.0018308515041434103,0.0023966582389495675,0.9934503475857822,0.0012489674191465347,
0.0077347470324989846,0.01319558311889368,0.9483756827261366,0.021692244843077566,0.009001742279393118,
0.0011743133024429986,0.002003394387030479,0.4267109718550697,0.5687446480019894,0.0013666724534673765,
0.04612194273882454,0.0019132406898214093,0.002504508995938134,0.8581541878468353,0.09130611972858065,
0.0012964976775460138,0.002211842584589826,0.002895390883214679,0.9920873975353854,0.0015088713192641147,
6.88014773344361E-4,0.001173762514862635,0.277611906333788,0.6092954392975802,0.11123087708042492,
0.0015362644069620416,0.988936492105531,0.0034308476098039403,0.004308482684631397,0.0017879131930716857,
0.0011214686471008458,0.0019132406898214093,0.002504508995938134,0.9931556101220064,0.0013051715451332453,
0.0016371884384573248,0.0027930656335861514,0.39782288142778016,0.5958414953492692,0.0019053691509072419,
0.0077347470324989846,0.01319558311889368,0.017273548907745368,0.021692244843077566,0.9401038760977843,
0.0011743133024429986,0.9915431064904707,0.002622523810738186,0.0032933839428807283,0.0013666724534673765,
0.0010288694234347605,0.0017552651610165484,0.0022977126764082635,0.9937207486934757,0.0011974040456647242,
0.004772370682150528,0.008141728972633584,0.01065785061071137,0.9708739377820454,0.005554111952459154,
0.0015362644069620416,0.988936492105531,0.0034308476098039403,0.004308482684631397,0.0017879131930716857,
9.154828383564585E-4,0.0015618261123079517,0.002044493183307467,0.9944127537684427,0.0010654440975853892,
0.0013676478544670254,0.4413632565979017,0.003054286326811721,0.5526231329238251,0.0015916762969944906,
0.0020390514801366453,0.0034786494214734775,0.004553691972027082,0.9875555474979764,0.0023730596283864395,
0.0011743133024429986,0.9915431064904707,0.002622523810738186,0.0032933839428807283,0.0013666724534673765,
0.0012964976775460138,0.002211842584589826,0.9913467360769215,0.0036360523416786032,0.0015088713192641147,
0.0014470607449012388,0.002468705215206404,0.003231634395346759,0.9911685021771695,0.0016840974673762597,
0.004772370682150528,0.008141728972633584,0.01065785061071137,0.20488215087512257,0.7715458988593821,
0.2427579702664564,0.010070140130963556,0.013182218359944072,0.7271200387785342,0.0068696324641019735,
0.38551892484694283,0.0023332257493579004,0.003054286326811721,0.6075018867798931,0.0015916762969944906,
0.002438005472085751,0.004159270331150209,0.005444652111113445,0.9851207075482902,0.002837364537360384,
0.001884834772036873,0.0032155536302986188,0.004209289002083765,0.9884967412430393,0.0021935813525413876,
4.0052180419212314E-4,0.22568414220521202,8.944614405955313E-4,0.4993394312999471,0.2736814432500533,
0.0022207529274203205,0.18201017437219622,0.8069564041709505,0.0062281437305156204,0.0025845247989172886,
0.0017523051455121577,0.07330311375115862,0.00391331849705223,0.9189919199815632,0.002039342624713948,
0.0013676478544670254,0.0023332257493579004,0.003054286326811721,0.9916531637723689,0.0015916762969944906,
0.0010731752519783167,0.0018308515041434103,0.0023966582389495675,0.9934503475857822,0.0012489674191465347,
0.0012323844127773043,0.9911249036181574,0.002752210555536952,0.0034562454738898615,0.0014342559396384469,
0.0024380054720857516,0.00415927033115021,0.9837279270443436,0.00683743261505999,0.0028373645373603843,
0.0011214686471008458,0.9919236707077428,0.002504508995938134,0.0031451801040850253,0.0013051715451332453,
0.0013676478544670254,0.0023332257493579004,0.9908718557360352,0.003835594363145363,0.0015916762969944906,
0.09133152283868225,0.0037886345496723458,0.8960671740822125,0.0062281437305156204,0.0025845247989172886,
0.0022207529274203205,0.0037886345496723458,0.18318101479211704,0.8082250729318732,0.0025845247989172886,
0.0018848347720368732,0.003215553630298619,0.9874199753564528,0.005286054888670402,0.002193581352541388,
0.0022207529274203205,0.0037886345496723458,0.9851779439934745,0.0062281437305156204,0.0025845247989172886,
0.0010288694234347605,0.0017552651610165484,0.0022977126764082635,0.9937207486934757,0.0011974040456647242,
0.0020390514801366458,0.5762168929608862,0.4136524373573219,0.005718558573268975,0.00237305962838644,
0.43711547309037646,0.0016856725042566165,0.0022066130903322673,0.5578423118792487,0.0011499294357860445,
0.0022207529274203205,0.2711209442834582,0.00495947496959315,0.0062281437305156204,0.7154706840890128,
0.0040053536770760945,0.0068331875812295325,0.008944917311851434,0.9755550881997159,0.0046614532301271225,
9.880768650076244E-4,0.0016856725042566165,0.0022066130903322673,0.9939697081046175,0.0011499294357860445,
0.9870538039434035,0.0027930656335861514,0.003656235225801689,0.004591526046301473,0.0019053691509072419,
0.9921867046499367,0.0016856725042566165,0.0022066130903322673,0.002771080319688361,0.0011499294357860445,
0.0011743133024429986,0.002003394387030479,0.04974346248233058,0.0032933839428807283,0.9437854458853152,
0.9388368808508902,0.01319558311889368,0.017273548907745368,0.021692244843077566,0.009001742279393118,
0.0017523051455121577,0.0029894562938020427,0.00391331849705223,0.004914373035927646,0.9864305470277059,
0.0016371884384573248,0.0027930656335861514,0.003656235225801689,0.004591526046301473,0.9873219846558534,
0.003031050716339643,0.00517101354407446,0.0067690646598475325,0.9815013171378165,0.0035275539419217508,
0.0022207529274203205,0.0037886345496723458,0.00495947496959315,0.0062281437305156204,0.9828029938227986,
0.002702374222537682,0.004610286997366821,0.006035051062937415,0.007578859792906417,0.9790734279242517,
8.246069996955993E-4,0.001406790701646162,0.001841545596651415,0.0023126259800811235,0.9936144307219257,
0.0027023742225376814,0.004610286997366819,0.0060350510629374144,0.9835072493349655,0.003145038382192591,
0.0017523051455121575,0.0029894562938020423,0.003913318497052229,0.9893055774389196,0.0020393426247139477,
0.9915137824768112,0.0018308515041434103,0.0023966582389495675,0.0030097403609493107,0.0012489674191465347,
6.880147733443609E-4,0.0011737625148626348,0.3328269871345657,0.6645105200983579,8.007154788693885E-4,
0.0013676478544670254,0.0023332257493579004,0.9908718557360352,0.003835594363145363,0.0015916762969944906,
9.154828383564585E-4,0.9934070908864988,0.002044493183307467,0.0025674889942519275,0.0010654440975853892,
0.0011743133024429986,0.04912433305862288,0.709436603884624,0.23889807730084267,0.0013666724534673765,
0.0034507482666730855,0.0058870232450965385,0.9769685391645693,0.00967768900236595,0.00401600032129528,
0.0016371884384573246,0.002793065633586151,0.0036562352258016884,0.9900081415512476,0.0019053691509072416,
0.9921867046499367,0.0016856725042566165,0.0022066130903322673,0.002771080319688361,0.0011499294357860445,
0.048295251974035384,0.002003394387030479,0.002622523810738186,0.0032933839428807283,0.9437854458853152,
0.9388368808508902,0.01319558311889368,0.017273548907745368,0.021692244843077566,0.009001742279393118,
0.0017523051455121577,0.0029894562938020427,0.00391331849705223,0.004914373035927646,0.9864305470277059,
0.0016371884384573248,0.06848750666724923,0.003656235225801689,0.004591526046301473,0.9216275436221903,
0.0030310507163396434,0.24842118301417518,0.006769064659847534,0.7382511476677159,0.0035275539419217516,
0.0022207529274203205,0.0037886345496723458,0.00495947496959315,0.0062281437305156204,0.9828029938227986,
0.002702374222537682,0.004610286997366821,0.006035051062937415,0.007578859792906417,0.9790734279242517,
8.246069996955993E-4,0.001406790701646162,0.001841545596651415,0.0023126259800811235,0.9936144307219257,
0.0027023742225376814,0.004610286997366819,0.0060350510629374144,0.9835072493349655,0.003145038382192591,
0.0017523051455121575,0.0029894562938020423,0.003913318497052229,0.9893055774389196,0.0020393426247139477,
0.9915137824768112,0.0018308515041434103,0.0023966582389495675,0.0030097403609493107,0.0012489674191465347,
0.0027023742225376814,0.004610286997366819,0.0060350510629374144,0.9835072493349655,0.003145038382192591,
0.0034507482666730855,0.0058870232450965385,0.007706350149816995,0.7020078240129032,0.28094805432551023,
0.0034507482666730855,0.0058870232450965385,0.8385025121624617,0.00967768900236595,0.14248202732340276,
0.9727129372814254,0.0058870232450965385,0.007706350149816995,0.00967768900236595,0.00401600032129528,
7.734241243869537E-4,0.901326011198473,0.0017272419360186667,0.0952732073771483,9.001153639729662E-4,
0.0011743133024429986,0.09624527173021526,0.8979203585709936,0.0032933839428807283,0.0013666724534673765,
0.0024380054720857516,0.9824425452643805,0.005444652111113447,0.00683743261505999,0.0028373645373603843,
0.0017523051455121577,0.7061260308673678,0.00391331849705223,0.1455416879506408,0.1426666575394271,
0.0017523051455121577,0.0029894562938020427,0.9883045229000442,0.004914373035927646,0.002039342624713948,
0.0016371884384573248,0.2655708297682385,0.13504511729312785,0.5958414953492692,0.0019053691509072419,
0.864562418113089,0.0026208878699573927,0.12672029813925065,0.004308482684631397,0.0017879131930716857,
0.2614152727285215,0.6264969027069309,0.002895390883214679,0.1076835623620688,0.0015088713192641147,
0.38776826413561205,0.19963967569936433,0.01065785061071137,0.39638009760185333,0.005554111952459154,
0.9213593629097404,0.06848750666724923,0.003656235225801689,0.004591526046301473,0.0019053691509072419,
0.22612383910571934,0.0019132406898214093,0.002504508995938134,0.4081494469295983,0.36130896427892284,
0.9878518686425356,0.0026208878699573927,0.0034308476098039403,0.004308482684631397,0.0017879131930716857,
0.0030310507163396434,0.9781716914244775,0.006769064659847534,0.008500639257413727,0.0035275539419217516,
0.9760317285967426,0.005171013544074461,0.006769064659847534,0.008500639257413727,0.0035275539419217516,
0.9838760404048441,0.003478649421473478,0.004553691972027083,0.005718558573268975,0.00237305962838644,
0.9838760404048441,0.003478649421473478,0.004553691972027083,0.005718558573268975,0.00237305962838644,
0.002702374222537682,0.43835623790494865,0.006035051062937415,0.5497612984273836,0.003145038382192592,
0.9850955211264059,0.003215553630298619,0.004209289002083766,0.005286054888670402,0.002193581352541388,
0.9861435095485042,0.0029894562938020427,0.00391331849705223,0.004914373035927646,0.002039342624713948,
0.2474982987113135,0.003478649421473478,0.004553691972027083,0.7420963002667996,0.00237305962838644,
0.0014470607449012388,0.9895788980709057,0.003231634395346759,0.004058309321470107,0.0016840974673762597,
0.0016371884384573248,0.1341819477009123,0.003656235225801689,0.8586192594839215,0.0019053691509072419,
0.0077347470324989846,0.01319558311889368,0.017273548907745368,0.9527943786614689,0.009001742279393118,
0.0034507482666730855,0.0058870232450965385,0.007706350149816995,0.9789398780171181,0.00401600032129528,
0.0013676478544670254,0.0023332257493579004,0.9908718557360352,0.003835594363145363,0.0015916762969944906,
9.154828383564585E-4,0.9934070908864988,0.002044493183307467,0.0025674889942519275,0.0010654440975853892,
0.011215749929851818,0.019134221173393633,0.025047464918544832,0.9315496108674693,0.013052953110740374,
0.0010731752519783167,0.0018308515041434103,0.6052735495931957,0.3905734562315361,0.0012489674191465347,
0.0016371884384573248,0.6597374759702169,0.3321284403941171,0.004591526046301473,0.0019053691509072419,
8.830442009741432E-4,0.0015064853579117865,0.39173906274284553,0.60484371587007,0.001027691828198507,
0.0012323844127773043,0.002102464487190588,0.002752210555536952,0.9924786846048568,0.0014342559396384469,
0.0030310507163396434,0.005171013544074461,0.9797697425402504,0.008500639257413727,0.0035275539419217516,
0.0012964976775460138,0.002211842584589826,0.6792042060157508,0.1597073173722639,0.1575801363498494,
7.282237040018657E-4,0.9947556497034934,0.0016262985349104065,0.0020423171981408155,8.475108594536591E-4,
9.880768650076244E-4,0.556756904063817,0.43833400931570105,0.002771080319688361,0.0011499294357860445,
0.0012323844127773043,0.002102464487190588,0.9917746496865038,0.0034562454738898615,0.0014342559396384469,
8.246069996955993E-4,0.001406790701646162,0.9944962940352581,0.0023126259800811235,9.596822833189869E-4,
0.0011214686471008458,0.0019132406898214093,0.002504508995938134,0.9931556101220064,0.0013051715451332453,
0.0018848347720368732,0.9864262399846676,0.004209289002083766,0.005286054888670402,0.002193581352541388,
0.0020390514801366458,0.08529839849853244,0.004553691972027083,0.9057357984209176,0.00237305962838644,
0.0014470607449012388,0.002468705215206404,0.990341827251046,0.004058309321470107,0.0016840974673762597,
0.9158298520911476,0.0029894562938020427,0.0742269759544088,0.004914373035927646,0.002039342624713948,
0.0017523051455121577,0.0029894562938020427,0.9883045229000442,0.004914373035927646,0.002039342624713948,
0.0034507482666730855,0.0058870232450965385,0.8385025121624617,0.14814371600447343,0.00401600032129528,
0.9850955211264059,0.003215553630298619,0.004209289002083766,0.005286054888670402,0.002193581352541388,
9.880768650076244E-4,0.0016856725042566165,0.8744614055410699,0.12171491565387986,0.0011499294357860445,
0.481228844628786,0.03339044292551697,0.48221321199441836,0.0022385555534228307,9.289448978558397E-4,
0.0012323844127773043,0.5955159279657707,0.002752210555536952,0.3990652211262766,0.0014342559396384469,
0.0010288694234347605,0.0017552651610165484,0.9931329775459233,0.002885483823960574,0.0011974040456647242,
0.0016371884384573248,0.9225152401048692,0.06935067625946477,0.004591526046301473,0.0019053691509072419,
0.17804986821567384,0.0015064853579117865,0.8169394403781248,0.0024765142200910656,0.001027691828198507,
0.0011743133024429986,0.9915431064904707,0.002622523810738186,0.0032933839428807283,0.0013666724534673765,
0.0034507482666730855,0.0058870232450965385,0.14617237715192447,0.8404738510150107,0.00401600032129528,
9.154828383564585E-4,0.0015618261123079517,0.002044493183307467,0.9944127537684427,0.0010654440975853892,
6.353900997941394E-4,0.0010839841095678156,0.001418978787305636,0.05277376937915494,0.9440878776241775,
0.9388368808508902,0.01319558311889368,0.017273548907745368,0.021692244843077566,0.009001742279393118,
0.0011214686471008458,0.0019132406898214093,0.9925149390138595,0.0031451801040850253,0.0013051715451332453,
0.0016371884384573246,0.002793065633586151,0.0036562352258016884,0.8586192594839214,0.13329425121823338,
0.0020390514801366458,0.3307576457297093,0.5772919355114398,0.08753830765032793,0.00237305962838644,
0.0020390514801366458,0.9853156383461809,0.004553691972027083,0.005718558573268975,0.00237305962838644,
0.0024380054720857516,0.2976442528111193,0.005444652111113447,0.6916357250683212,0.0028373645373603843,
0.0014470607449012388,0.002468705215206404,0.990341827251046,0.004058309321470107,0.0016840974673762597,
0.0015362644069620416,0.0026208878699573927,0.0034308476098039403,0.990624086920205,0.0017879131930716857,
0.0040053536770760945,0.0068331875812295325,0.008944917311851434,0.011233090401171706,0.9689834510286713,
0.0040053536770760945,0.0068331875812295325,0.9732669151103956,0.011233090401171706,0.0046614532301271225,
0.0014470607449012388,0.6411870652983059,0.003231634395346759,0.35245014209406983,0.0016840974673762597,
0.0013676478544670254,0.0023332257493579004,0.003054286326811721,0.936774409916301,0.05647043015306247,
6.88014773344361E-4,0.9122225957276959,0.001536502329899142,0.08475217169019132,8.007154788693887E-4,
9.154828383564585E-4,0.9566720810800473,0.03877950298975898,0.0025674889942519275,0.0010654440975853892,
0.16567854963425457,0.003478649421473478,0.004553691972027083,0.8239160493438585,0.00237305962838644,
7.73424124386954E-4,0.7461524699614372,0.001727241936018667,0.0021690826349267402,0.2491777813432305,
0.49469406652474884,0.0026208878699573927,0.4965886497275907,0.004308482684631397,0.0017879131930716857,
0.0020390514801366458,0.9853156383461809,0.004553691972027083,0.005718558573268975,0.00237305962838644,
0.0022207529274203205,0.0037886345496723458,0.9851779439934745,0.0062281437305156204,0.0025845247989172886,
0.0017523051455121577,0.0029894562938020427,0.6367362356132613,0.3564826603227105,0.002039342624713948,
