9.676952303713529E-4,0.9904848059887588,0.0031876551496449225,0.003601603941870963,0.0017582396893540736,
0.002507388150404204,0.5602775605636118,0.4233271990085725,0.009332090066033315,0.004555762211378243,
0.001689335032050752,0.8435645762801331,0.005564786665658825,0.006287429677874761,0.14289387234428255,
0.001771920997463002,0.98257698133225,0.005836830558893405,0.006594801182080517,0.003219465929313045,
0.9394926700256027,0.004224065808491559,0.04772426061833833,0.0057513134778450934,0.0028076900697224273,
0.0023451551304706397,0.0064105097458587385,0.9782550546190388,0.00872828520500271,0.004260995299629075,
0.0015452889075832131,0.004224065808491559,0.005090288749337446,0.9863326664648654,0.0028076900697224273,
0.0042866295841094545,0.9578502498855186,0.014120454911370293,0.015954136718793876,0.007788528900207864,
0.003164031842238795,0.9688885757708096,0.010422540154179085,0.011776010873629533,0.005748841359143092,
0.0010519513845038042,0.1479903462878004,0.0034652007602670987,0.2941448406767749,0.5533476608906539,
0.0014821010529833063,0.16761390670133694,0.8226949718430309,0.005516138580767156,0.002692881821881776,
0.003466651501079956,0.009476133559108747,0.9678562212936922,0.012902311925823121,0.0062986817202959865,
0.29997052609364555,0.007363357628395721,0.6777461299612794,0.010025643512762621,0.004894342803916774,
0.003466651501079956,0.009476133559108747,0.9678562212936922,0.012902311925823121,0.0062986817202959865,
0.002507388150404204,0.8369893530171986,0.008259510328192303,0.14768798629282673,0.004555762211378243,
0.0020764537260438186,0.005676011226155957,0.9807465304651917,0.007728222368071575,0.003772782214537069,
0.003833280573488651,0.01047831853666263,0.012627091853522761,0.9660964859874913,0.006964823048834583,
0.002507388150404204,0.9753452492439919,0.008259510328192303,0.009332090066033315,0.004555762211378243,
0.0012737613745345776,0.5657638214677362,0.42590734281538734,0.004740732250758564,0.002314342091583376,
0.001614104597590512,0.0044121743245244625,0.00531697240111483,0.985724024946011,0.002932723730759165,
0.0026937352261070676,0.9735129279478957,0.008873350509317876,0.010025643512762621,0.004894342803916774,
0.001771920997463002,0.98257698133225,0.005836830558893405,0.006594801182080517,0.003219465929313045,
0.8968586981566017,0.004224065808491559,0.005090288749337446,0.0057513134778450934,0.0880756338077242,
0.002507388150404204,0.006853975656438178,0.9767507839157461,0.009332090066033315,0.004555762211378243,
0.0015452889075832131,0.04685803767749244,0.005090288749337446,0.9436986945958644,0.0028076900697224273,
0.0042866295841094545,0.7213170757911357,0.13238704195856174,0.13422072376598532,0.007788528900207864,
0.003164031842238795,0.9688885757708096,0.010422540154179085,0.011776010873629533,0.005748841359143092,
0.002910004419950367,0.4896704596354696,0.00958575622118606,0.49254648977220855,0.00528728995118542,
0.0012737613745345776,0.6009064451824558,0.0744811056681906,0.32102434568323557,0.002314342091583376,
0.0012305177521949094,0.7502536809556466,0.2417002435316018,0.004579786535835942,0.002235771224720814,
0.001614104597590512,0.9841287650093962,0.00531697240111483,0.006007434261139382,0.002932723730759165,
0.003466651501079956,0.9659129645710062,0.011419390281794815,0.012902311925823121,0.0062986817202959865,
0.001771920997463002,0.004843567351064206,0.0547235012579527,0.935441544464207,0.003219465929313045,
0.001771920997463002,0.10261690874918279,0.0547235012579527,0.8376682030660885,0.003219465929313045,
0.001614104597590512,0.0044121743245244625,0.00531697240111483,0.985724024946011,0.002932723730759165,
0.0015452889075832131,0.004224065808491559,0.005090288749337446,0.9863326664648654,0.0028076900697224273,
0.232578079251624,0.022237246506671523,0.7001265050824738,0.0302773160604842,0.014780853098746447,
0.014761096874947425,0.040349635786109075,0.048624076042802285,0.8694452323159019,0.026819958980239342,
0.0019639421874419294,0.005368459582617465,0.006469361665657651,0.982629880543522,0.0035683560207609355,
0.0015452889075832131,0.004224065808491559,0.005090288749337446,0.9863326664648654,0.0028076900697224273,
0.0023451551304706397,0.0064105097458587385,0.00772510351786296,0.9792582363061786,0.004260995299629075,
0.001370056107007838,0.4951367600124641,0.004513059760695598,0.005099125551843673,0.4938809985679888,
0.003164031842238795,0.008648919083151931,0.35960059713150916,0.011776010873629533,0.6168104410694707,
0.001614104597590512,0.0044121743245244625,0.9850335630859866,0.006007434261139382,0.002932723730759165,
0.002507388150404204,0.9061673011305953,0.008259510328192303,0.07851003817943002,0.004555762211378243,
0.001771920997463002,0.9336903106331907,0.005836830558893405,0.05548147188113981,0.003219465929313045,
0.0014821010529833063,0.004051341048210427,0.9453668960828757,0.005516138580767156,0.0435835232351634,
0.0018629967038369098,0.005092523889476118,0.0061368402471905425,0.9835226945581214,0.003384944601375024,
0.003466651501079956,0.009476133559108747,0.10706307338298457,0.8736954598365307,0.0062986817202959865,
0.0018629967038369098,0.9816814483290275,0.0061368402471905425,0.006933770118570027,0.003384944601375024,
0.0022026399289670475,0.7352615783793912,0.007255648567877027,0.008197866850749894,0.24708226627301488,
0.0023451551304706397,0.9122384641069562,0.07242710025794136,0.00872828520500271,0.004260995299629075,
0.0026937352261070676,0.007363357628395721,0.008873350509317876,0.9761752138322626,0.004894342803916774,
0.0019639421874419294,0.005368459582617465,0.9276053023525193,0.06149393985666044,0.0035683560207609355,
0.001370056107007838,0.07934378717526287,0.6093028384329883,0.30749401488799,0.002489303396750961,
0.003164031842238795,0.008648919083151931,0.010422540154179085,0.9720156675612871,0.005748841359143092,
0.001614104597590512,0.0044121743245244625,0.9850335630859866,0.006007434261139382,0.002932723730759165,
0.002910004419950367,0.9713863872008838,0.00958575622118606,0.01083056220679439,0.00528728995118542,
0.005614690041082918,0.015347822734914234,0.018495178090574847,0.9503407802183121,0.010201528915115839,
0.0015452889075832131,0.004224065808491559,0.005090288749337446,0.9863326664648654,0.0028076900697224273,
0.0010833947111859514,0.6605519250293529,0.332364003537489,0.00403221855388509,0.001968458168087116,
0.001771920997463002,0.004843567351064206,0.005836830558893405,0.251028154677377,0.7365195264152025,
0.003164031842238795,0.09594343332748445,0.7087786541088392,0.011776010873629533,0.1803378698478081,
0.0023451551304706397,0.07111250648593714,0.9135530578789605,0.00872828520500271,0.004260995299629075,
0.001614104597590512,0.0044121743245244625,0.00531697240111483,0.985724024946011,0.002932723730759165,
0.0023451551304706397,0.0064105097458587385,0.3959370839583333,0.5910462558657082,0.004260995299629075,
9.942398102610038E-4,0.002717766475482506,0.14042871023273137,0.854052814006145,0.0018064694753800973,
0.014761096874947425,0.040349635786109075,0.048624076042802285,0.8694452323159019,0.026819958980239342,
0.0022026399289670475,0.006020942729032668,0.9795764961016884,0.008197866850749894,0.004002054389562017,
0.001689335032050752,0.28426673717447537,0.052172939924463646,0.006287429677874761,0.6555835581911356,
0.001614104597590512,0.0044121743245244625,0.04984954470497264,0.9411914526421532,0.002932723730759165,
0.003466651501079956,0.009476133559108747,0.9678562212936922,0.012902311925823121,0.0062986817202959865,
0.0023451551304706397,0.0064105097458587385,0.9782550546190388,0.00872828520500271,0.004260995299629075,
0.002507388150404204,0.5602775605636118,0.4233271990085725,0.009332090066033315,0.004555762211378243,
0.002507388150404204,0.006853975656438178,0.008259510328192303,0.977823363653587,0.004555762211378243,
0.002507388150404204,0.006853975656438178,0.9767507839157461,0.009332090066033315,0.004555762211378243,
0.003164031842238795,0.881594061526477,0.09771705439851161,0.011776010873629533,0.005748841359143092,
0.001689335032050752,0.004617817621646462,0.98433600510056,0.006287429677874761,0.003069412567868122,
0.003164031842238795,0.008648919083151931,0.010422540154179085,0.9720156675612871,0.005748841359143092,
0.0022026399289670475,0.006020942729032668,0.7972663371890988,0.19050802576333953,0.004002054389562017,
0.0022026399289670475,0.006020942729032668,0.06802570153874024,0.919748661413698,0.004002054389562017,
0.0904585460865713,0.008648919083151931,0.010422540154179085,0.7101321248282896,0.1803378698478081,
0.004286629584109454,0.12998414055517846,0.01412045491137029,0.8438202460491337,0.0077885289002078625,
0.21985581379867286,0.0036086598058943783,0.0043486823460949205,0.7697882075788435,0.0023986364704943627,
0.0019639421874419294,0.005368459582617465,0.7108674339556107,0.007309472757433289,0.2744906915168967,
0.0019639421874419294,0.005368459582617465,0.9817897694517465,0.007309472757433289,0.0035683560207609355,
0.4846259319853645,0.007954532070055474,0.0898717441487551,0.3319745139170705,0.08557327787875445,
0.001689335032050752,0.004617817621646462,0.98433600510056,0.006287429677874761,0.003069412567868122,
0.0023451551304706397,0.9769404608470347,0.00772510351786296,0.00872828520500271,0.004260995299629075,
0.0018629967038369098,0.9302820312532617,0.05753625732295641,0.006933770118570027,0.003384944601375024,
0.0014821010529833063,0.004051341048210427,0.9862575374961574,0.005516138580767156,0.002692881821881776,
0.001771920997463002,0.004843567351064206,0.005836830558893405,0.9843282151632663,0.003219465929313045,
0.0020764537260438186,0.005676011226155957,0.7515920485841598,0.2368827042491034,0.003772782214537069,
0.006643874763118395,0.018161111546888604,0.021885383886952808,0.5746338509055041,0.3786757788975362,
0.003164031842238795,0.532416004549147,0.44689511137584165,0.011776010873629533,0.005748841359143092,
0.9634036885298964,0.008648919083151931,0.010422540154179085,0.011776010873629533,0.005748841359143092,
0.0018629967038369098,0.05649194096524199,0.0061368402471905425,0.3153302725731652,0.6201779495105654,
0.00813504616639112,0.022237246506671523,0.026797405826775176,0.0302773160604842,0.912552985439678,
0.0020764537260438186,0.005676011226155957,0.006839982470806348,0.2368827042491034,0.7485248483278906,
0.0048615936757507,0.9521967189909163,0.016014426473964227,0.018094059365818496,0.0088332014935502,
0.29039770080464916,0.1051198166602985,0.011419390281794815,0.4911207274317718,0.10194236482148572,
0.003164031842238795,0.09594343332748445,0.010422540154179085,0.8847211533169546,0.005748841359143092,
0.0026937352261070676,0.007363357628395721,0.008873350509317876,0.9761752138322626,0.004894342803916774,
0.010489295452728687,0.028672615236935102,0.03455246612428431,0.9072272512942411,0.019058371891810814,
0.0026937352261070676,0.08168255534528034,0.008873350509317876,0.9018560161153779,0.004894342803916774,
0.032603154967803145,0.09765481095706637,0.514276704690963,0.30637666628765003,0.049088663096517424,
0.0018629967038369098,0.005092523889476118,0.5201310110048492,0.006933770118570027,0.4659796982832678,
0.0026937352261070676,0.007363357628395721,0.6777461299612794,0.010025643512762621,0.30217113367145526,
0.002507388150404204,0.006853975656438178,0.2157933546683824,0.770289519313397,0.004555762211378243,
0.0015452889075832131,0.004224065808491559,0.4314300074393463,0.5599929477748565,0.0028076900697224273,
0.09490564154966039,0.33087489043328017,0.28521370621848774,0.006287429677874761,0.282718332120697,
0.6729724332094081,0.009476133559108747,0.2027067564841743,0.10854599502701287,0.0062986817202959865,
0.9270525040676224,0.005092523889476118,0.0061368402471905425,0.05833318719433589,0.003384944601375024,
0.014761096874947425,0.44760305346989365,0.048624076042802285,0.4621918146321174,0.026819958980239342,
0.001689335032050752,0.6571319632449139,0.33182185947729254,0.006287429677874761,0.003069412567868122,
0.0019639421874419294,0.547213130574889,0.006469361665657651,0.007309472757433289,0.4370440928145782,
0.16348198027508842,0.007954532070055474,0.00958575622118606,0.01083056220679439,0.8081471692268757,
0.003164031842238795,0.008648919083151931,0.9706621968418367,0.011776010873629533,0.005748841359143092,
0.003466651501079956,0.009476133559108747,0.011419390281794815,0.3954770443305821,0.5801607803274345,
0.0019639421874419294,0.005368459582617465,0.006469361665657651,0.982629880543522,0.0035683560207609355,
0.0014821010529833063,0.004051341048210427,0.577351123363341,0.2508599870604569,0.1662554474750083,
0.43355097898310585,0.003892187024286884,0.554670299061807,0.005299441037607518,0.0025870938931927406,
0.43963660306390134,0.2705324618161494,0.2723060828871766,0.011776010873629533,0.005748841359143092,
0.002507388150404204,0.006853975656438178,0.4925051471219692,0.4935777268598102,0.004555762211378243,
0.18994601869357391,0.0181611115468886,0.021885383886952804,0.7579359948359595,0.012071491036625106,
0.0014238777773724297,0.003892187024286884,0.8296602725563647,0.044583722965401466,0.12043993967657458,
0.0019639421874419294,0.7639509989717976,0.006469361665657651,0.007309472757433289,0.22030622441766956,
0.0026937352261070676,0.007363357628395721,0.9750229208288178,0.010025643512762621,0.004894342803916774,
0.0014821010529833063,0.20850454811461858,0.7818043304297492,0.005516138580767156,0.002692881821881776,
0.4867530249441811,0.006853975656438178,0.4925051471219692,0.009332090066033315,0.004555762211378243,
0.001689335032050752,0.5639156567273043,0.09878109318326846,0.09950373619548439,0.2361101788618922,
0.13174914861062742,0.13581450322601551,0.00772510351786296,0.720450249345865,0.004260995299629075,
0.001689335032050752,0.004617817621646462,0.005564786665658825,0.006287429677874761,0.9818406310027692,
0.001689335032050752,0.004617817621646462,0.005564786665658825,0.006287429677874761,0.9818406310027692,
0.06704715187054903,0.0064105097458587385,0.07242710025794136,0.8498542428260217,0.004260995299629075,
0.003466651501079956,0.009476133559108747,0.011419390281794815,0.012902311925823121,0.9627355127321935,
0.0042866295841094545,0.01171755350798704,0.014120454911370293,0.015954136718793876,0.9539212252777395,
0.0015452889075832131,0.004224065808491559,0.005090288749337446,0.9863326664648654,0.0028076900697224273,
0.0042866295841094545,0.01171755350798704,0.014120454911370293,0.015954136718793876,0.9539212252777395,
0.9828574949717425,0.004051341048210427,0.004882143577398228,0.005516138580767156,0.002692881821881776,
0.9556629209772977,0.01047831853666263,0.012627091853522761,0.014266845583682455,0.006964823048834583,
0.923154594415396,0.0181611115468886,0.021885383886952804,0.024727419114137433,0.012071491036625106,
0.0048615936757507,0.013289224765506506,0.016014426473964227,0.9570015535912283,0.0088332014935502,
0.9634036885298964,0.008648919083151931,0.010422540154179085,0.011776010873629533,0.005748841359143092,
0.9857673964188196,0.003363635070620933,0.0040534107500027165,0.004579786535835942,0.002235771224720814,
0.001614104597590512,0.0044121743245244625,0.00531697240111483,0.006007434261139382,0.9826493144156309,
0.024902879772443376,0.06807232127503614,0.08203181172770145,0.7797460642051406,0.04524692301967853,
0.0019639421874419294,0.9806888673687062,0.006469361665657651,0.007309472757433289,0.0035683560207609355,
0.0013201550880385905,0.0036086598058943783,0.987759146543949,0.004913402091623609,0.0023986364704943627,
0.0013201550880385905,0.0036086598058943783,0.2228843410567292,0.6240977684384207,0.14808907561091722,
0.001689335032050752,0.9833890360565476,0.005564786665658825,0.006287429677874761,0.003069412567868122,
0.002910004419950367,0.007954532070055474,0.4913016837866002,0.49254648977220855,0.00528728995118542,
0.002507388150404204,0.006853975656438178,0.008259510328192303,0.977823363653587,0.004555762211378243,
0.0023451551304706397,0.0064105097458587385,0.00772510351786296,0.9792582363061786,0.004260995299629075,
0.001689335032050752,0.004617817621646462,0.005564786665658825,0.006287429677874761,0.9818406310027692,
0.001689335032050752,0.004617817621646462,0.005564786665658825,0.006287429677874761,0.9818406310027692,
0.0023451551304706397,0.0064105097458587385,0.07242710025794136,0.9145562395661002,0.004260995299629075,
0.003466651501079956,0.009476133559108747,0.011419390281794815,0.012902311925823121,0.9627355127321935,
0.0042866295841094545,0.01171755350798704,0.014120454911370293,0.015954136718793876,0.9539212252777395,
0.0015452889075832131,0.004224065808491559,0.005090288749337446,0.9863326664648654,0.0028076900697224273,
0.0042866295841094545,0.01171755350798704,0.014120454911370293,0.015954136718793876,0.9539212252777395,
0.9828574949717425,0.004051341048210427,0.004882143577398228,0.005516138580767156,0.002692881821881776,
0.9556629209772977,0.01047831853666263,0.012627091853522761,0.014266845583682455,0.006964823048834583,
0.923154594415396,0.0181611115468886,0.021885383886952804,0.024727419114137433,0.012071491036625106,
0.0048615936757507,0.013289224765506506,0.15014406850616566,0.822871911559027,0.0088332014935502,
0.8761091742855639,0.008648919083151931,0.09771705439851161,0.011776010873629533,0.005748841359143092,
0.9857673964188196,0.003363635070620933,0.0040534107500027165,0.004579786535835942,0.002235771224720814,
0.001614104597590512,0.0044121743245244625,0.00531697240111483,0.006007434261139382,0.9826493144156309,
0.00813504616639112,0.022237246506671523,0.026797405826775176,0.0302773160604842,0.912552985439678,
0.006643874763118394,0.0181611115468886,0.021885383886952804,0.024727419114137433,0.9285822106889028,
0.005614690041082918,0.015347822734914234,0.9479389970036342,0.02089696130525282,0.010201528915115839,
0.0023451551304706397,0.0064105097458587385,0.7194470676587253,0.2675362721653163,0.004260995299629075,
0.0022026399289670475,0.006020942729032668,0.06802570153874024,0.8589786084428348,0.06477210736042523,
0.9437690879011605,0.013289224765506506,0.016014426473964227,0.018094059365818496,0.0088332014935502,
0.0048615936757507,0.14741886679770794,0.01601442647396423,0.42048298546242274,0.4112221275901544,
0.003833280573488651,0.01047831853666263,0.9644567322573318,0.014266845583682455,0.006964823048834583,
0.43247698901911513,0.5576587083079622,0.0036787364373040443,0.004156457029291407,0.002029109206327248,
0.9663418595507787,0.007954532070055474,0.00958575622118606,0.01083056220679439,0.00528728995118542,
0.003466651501079956,0.009476133559108747,0.2027067564841743,0.012902311925823121,0.771448146529814,
0.003164031842238795,0.44512149030481446,0.5341896256201741,0.011776010873629533,0.005748841359143092,
0.002507388150404204,0.07603192376983488,0.9075728358023494,0.009332090066033315,0.004555762211378243,
0.0023451551304706397,0.0064105097458587385,0.9782550546190388,0.00872828520500271,0.004260995299629075,
0.0018629967038369098,0.005092523889476118,0.0061368402471905425,0.006933770118570027,0.9799738690409264,
0.00813504616639112,0.9200093788476029,0.026797405826775176,0.0302773160604842,0.014780853098746447,
0.006643874763118394,0.0181611115468886,0.021885383886952804,0.941238138766415,0.012071491036625106,
0.010489295452728687,0.028672615236935102,0.03455246612428431,0.9072272512942411,0.019058371891810814,
0.0023451551304706397,0.0064105097458587385,0.2665330904781765,0.5910462558657082,0.13366498877978586,
0.00813504616639112,0.022237246506671523,0.026797405826775176,0.9280494484014157,0.014780853098746447,
0.26880953842073735,0.0044121743245244625,0.00531697240111483,0.7185285911228642,0.002932723730759165,
0.002910004419950367,0.007954532070055474,0.00958575622118606,0.6531184656273465,0.32643124166146154,
0.9634036885298964,0.008648919083151931,0.010422540154179085,0.011776010873629533,0.005748841359143092,
0.002507388150404204,0.006853975656438178,0.9075728358023494,0.07851003817943002,0.004555762211378243,
0.07168533626380091,0.006853975656438178,0.9075728358023494,0.009332090066033315,0.004555762211378243,
0.4043399440577955,0.007954532070055474,0.00958575622118606,0.5728324776997776,0.00528728995118542,
0.002507388150404204,0.006853975656438178,0.3541492508951758,0.5627556749732069,0.07373371032477494,
0.010489295452728687,0.028672615236935102,0.902740269186979,0.03903944823154641,0.019058371891810814,
8.743232196588888E-4,0.7019357147288072,0.002880081275723824,0.292721291995086,0.0015885887807240418,
0.0019639421874419294,0.9265044002694791,0.006469361665657651,0.06149393985666044,0.0035683560207609355,
0.0013201550880385905,0.0036086598058943783,0.987759146543949,0.004913402091623609,0.0023986364704943627,
0.014761096874947425,0.040349635786109075,0.048624076042802285,0.8694452323159019,0.026819958980239342,
0.0014238777773724297,0.12174503280766873,0.20111176171166148,0.005299441037607518,0.6704198866656899,
0.014761096874947425,0.040349635786109075,0.8631309114103713,0.054938396948332864,0.026819958980239342,
0.0014821010529833063,0.004051341048210427,0.004882143577398228,0.8233289668463998,0.1662554474750083,
0.0023451551304706397,0.0064105097458587385,0.33123508721825495,0.3322382689053947,0.32777097900002106,
0.0018629967038369098,0.5190866946471347,0.05753625732295641,0.26393085549739936,0.1575831958286726,
0.0012737613745345776,0.5657638214677362,0.004195858238751262,0.18045385082435692,0.2483127080946211,
0.001771920997463002,0.004843567351064206,0.005836830558893405,0.9843282151632663,0.003219465929313045,
0.0023451551304706397,0.9769404608470347,0.00772510351786296,0.00872828520500271,0.004260995299629075,
0.0018629967038369098,0.5704861117229006,0.41733217685331747,0.006933770118570027,0.003384944601375024,
0.001771920997463002,0.004843567351064206,0.005836830558893405,0.05548147188113981,0.9320662092114396,
0.5234653196933546,0.322128135724084,0.0034652007602670987,0.14903001614653852,0.0019113276757557016,
0.001771920997463002,0.5914836157397757,0.34804352545230843,0.05548147188113981,0.003219465929313045,
0.0015452889075832131,0.004224065808491559,0.005090288749337446,0.9863326664648654,0.0028076900697224273,
0.010489295452728687,0.028672615236935102,0.03455246612428431,0.9072272512942411,0.019058371891810814,
0.0019639421874419294,0.005368459582617465,0.819236368154065,0.16986287405511474,0.0035683560207609355,
0.31542929634543604,0.015347822734914234,0.018495178090574847,0.640526173913959,0.010201528915115839,
0.0013201550880385905,0.4771025870122686,0.47784260955246916,0.04133601187672932,0.0023986364704943627,
0.003164031842238795,0.9688885757708096,0.010422540154179085,0.011776010873629533,0.005748841359143092,
0.0013201550880385905,0.6227930261526914,0.368574780197152,0.004913402091623609,0.0023986364704943627,
0.0011901139229881358,0.8569585171969778,0.03675513798583345,0.10293387081576182,0.0021623600784387654,
0.0014821010529833063,0.7400828864872798,0.004882143577398228,0.2508599870604569,0.002692881821881776,
0.0022026399289670475,0.006020942729032668,0.9795764961016884,0.008197866850749894,0.004002054389562017,
0.0014238777773724297,0.003892187024286884,0.16182747978386755,0.8302693615212804,0.0025870938931927406,
0.0026937352261070676,0.15600175306216493,0.8263845253950486,0.010025643512762621,0.004894342803916774,
0.0014821010529833063,0.9036454521404063,0.004882143577398228,0.08729742140733042,0.002692881821881776,
0.0014821010529833063,0.004051341048210427,0.9862575374961574,0.005516138580767156,0.002692881821881776,
0.0014821010529833063,0.004051341048210427,0.7818043304297492,0.20996934564717532,0.002692881821881776,
0.003833280573488651,0.01047831853666263,0.9644567322573318,0.014266845583682455,0.006964823048834583,
0.0014238777773724297,0.04317646895208083,0.0439746340004857,0.005299441037607518,0.9061255782324535,
0.0020764537260438186,0.9795825592205412,0.006839982470806348,0.007728222368071575,0.003772782214537069,
0.0020764537260438186,0.06296463169641392,0.23599446435183818,0.5806144270706511,0.11835002315505298,
0.002507388150404204,0.006853975656438178,0.9767507839157461,0.009332090066033315,0.004555762211378243,
0.0022026399289670475,0.7960316313502545,0.007255648567877027,0.008197866850749894,0.18631221330215164,
0.0020764537260438186,0.9795825592205412,0.006839982470806348,0.007728222368071575,0.003772782214537069,
0.0023451551304706397,0.9769404608470347,0.00772510351786296,0.00872828520500271,0.004260995299629075,
0.0019639421874419294,0.005368459582617465,0.9817897694517465,0.007309472757433289,0.0035683560207609355,
0.0042866295841094545,0.7213170757911357,0.25065362900575316,0.015954136718793876,0.007788528900207864,
0.001771920997463002,0.15150357944824208,0.103610171957012,0.7398948616679698,0.003219465929313045,
0.002910004419950367,0.8911003992733147,0.00958575622118606,0.09111655013436341,0.00528728995118542,
0.001614104597590512,0.0044121743245244625,0.00531697240111483,0.006007434261139382,0.9826493144156309,
0.0015452889075832131,0.004224065808491559,0.47406397930834715,0.0057513134778450934,0.5144153524977331,
0.001370056107007838,0.003745064841226282,0.004513059760695598,0.4964908207230815,0.4938809985679888,
0.0015452889075832131,0.34529584076049863,0.005090288749337446,0.0057513134778450934,0.6423172681047357,
0.40725051977235494,0.013289224765506506,0.016014426473964227,0.5546126274946241,0.0088332014935502,
0.00813504616639112,0.6955663457623701,0.25124043891200804,0.0302773160604842,0.014780853098746447,
0.0015452889075832131,0.3026618688914977,0.005090288749337446,0.6878948633818591,0.0028076900697224273,
0.001689335032050752,0.004617817621646462,0.052172939924463646,0.006287429677874761,0.9352324777439645,
8.959352079187039E-4,0.15076025385302833,0.32429221507442535,0.5224237394980649,0.0016278563665626936,
0.001370056107007838,0.5329361211794824,0.23130922676280538,0.23189529255395344,0.002489303396750961,
0.014761096874947425,0.040349635786109075,0.8631309114103713,0.054938396948332864,0.026819958980239342,
0.0014821010529833063,0.821864169313843,0.004882143577398228,0.16907870423389368,0.002692881821881776,
0.0023451551304706397,0.0064105097458587385,0.00772510351786296,0.9792582363061786,0.004260995299629075,
0.002910004419950367,0.007954532070055474,0.33072970793146217,0.6531184656273465,0.00528728995118542,
0.002507388150404204,0.6294555086770085,0.008259510328192303,0.3552218306330168,0.004555762211378243,
0.002507388150404204,0.006853975656438178,0.8383948876889527,0.14768798629282673,0.004555762211378243,
0.010489295452728687,0.028672615236935102,0.03455246612428431,0.9072272512942411,0.019058371891810814,
0.002507388150404204,0.7678114049038018,0.008259510328192303,0.21686593440622343,0.004555762211378243,
0.0022026399289670475,0.9175717372919808,0.06802570153874024,0.008197866850749894,0.004002054389562017,
0.0026937352261070676,0.08168255534528034,0.9007037231119333,0.010025643512762621,0.004894342803916774,
0.002910004419950367,0.08824051999762451,0.00958575622118606,0.8939764294100536,0.00528728995118542,
0.0020764537260438186,0.4639849749882196,0.5224375667031279,0.007728222368071575,0.003772782214537069,
0.024902879772443376,0.06807232127503614,0.08203181172770145,0.7797460642051406,0.04524692301967853,
0.0023451551304706397,0.07111250648593714,0.07242710025794136,0.8498542428260217,0.004260995299629075,
0.0018629967038369098,0.3134890263440713,0.31453334270178573,0.10973260427010176,0.2603820299802044,
0.29039770080464916,0.009476133559108747,0.29835043958536406,0.3954770443305821,0.0062986817202959865,
9.942398102610038E-4,0.7433472896214622,0.0032750948353277133,0.25057690625756895,0.0018064694753800973,
0.6729724332094081,0.296407182862678,0.011419390281794815,0.012902311925823121,0.0062986817202959865,
0.002910004419950367,0.7305284234181767,0.25044372000389314,0.01083056220679439,0.00528728995118542,
0.005614690041082918,0.015347822734914234,0.018495178090574847,0.02089696130525282,0.9396453478281752,
0.0048615936757507,0.013289224765506506,0.016014426473964227,0.018094059365818496,0.94774069571896,
0.005614690041082918,0.015347822734914234,0.018495178090574847,0.9503407802183121,0.010201528915115839,
0.0013201550880385905,0.0036086598058943783,0.18646173127162347,0.04133601187672932,0.7672734419577143,
0.003466651501079956,0.009476133559108747,0.9678562212936922,0.012902311925823121,0.0062986817202959865,
0.16348198027508842,0.4093844717079006,0.00958575622118606,0.4122605018446395,0.00528728995118542,
0.0022026399289670475,0.5529514194668016,0.4326460193639195,0.008197866850749894,0.004002054389562017,
0.0048615936757507,0.013289224765506506,0.9549219206993741,0.018094059365818496,0.0088332014935502,
0.001116775666454688,0.7117159273624838,0.06530162405911269,0.21983656370562163,0.002029109206327248,
0.11033287638589624,0.005368459582617465,0.11483829586411197,0.2240473411543419,0.5454130270130325,
0.0022026399289670475,0.12756104867075907,0.7972663371890988,0.0689679198216131,0.004002054389562017,
0.002910004419950367,0.007954532070055474,0.00958575622118606,0.8136904414824846,0.16585926580632346,
0.0018629967038369098,0.9816814483290275,0.0061368402471905425,0.006933770118570027,0.003384944601375024,
0.0020764537260438186,0.2348304931071878,0.006839982470806348,0.752480288481425,0.003772782214537069,
0.0048615936757507,0.013289224765506506,0.8207922786671726,0.1522237013980199,0.0088332014935502,
0.002507388150404204,0.9753452492439919,0.008259510328192303,0.009332090066033315,0.004555762211378243,
0.0019639421874419294,0.005368459582617465,0.9817897694517465,0.007309472757433289,0.0035683560207609355,
