7.135650687878343E-4,0.0011138733332823369,0.0013152010699631633,0.9952279301546955,0.0016294303732711846,
0.0014556639536692662,0.0022722878839443756,0.0026829939876749586,0.9902650362776274,0.003324017897083978,
0.0013120326106159702,0.0020480797074954203,0.0024182611632601633,0.9912255917069867,0.002996034811641828,
0.0011428795655103584,0.9902045958390111,0.0021064882421328044,0.003936263596115578,0.002609772757230157,
0.0020041660670849265,0.003128498346180955,0.9833881348649841,0.006902674759884862,0.004576525961865177,
8.785814785022193E-4,0.001371463546669727,0.0016193495885930304,0.9941243589917794,0.002006246394455552,
0.0013120326106159702,0.0020480797074954203,0.0024182611632601633,0.9912255917069867,0.002996034811641828,
0.0010123614512224665,0.0015802937580384794,0.9916088730510952,0.0034867379265620564,0.0023117338130816665,
7.760316502077174E-4,0.030391895170004866,0.17651340572263186,0.7905465942478878,0.0017720732092677417,
0.0020041660670849265,0.003128498346180955,0.38049941233194506,0.6097913972929239,0.004576525961865177,
0.001863714509602369,0.0029092538072581727,0.0034350887176957876,0.9875361390284445,0.004255803936999117,
0.0014556639536692662,0.0022722878839443756,0.9879344862297614,0.005013544035540877,0.003324017897083978,
0.9816983401832732,0.0031284983461809545,0.0036939607487956956,0.00690267475988486,0.004576525961865177,
0.0050468626322295014,0.007878140268734225,0.009302079690000815,0.9662483744873201,0.011524542921715277,
0.0015399552426002625,0.002403866380531559,0.9872358238051376,0.005303856980230352,0.003516497591500158,
0.002869014228728565,0.004478524218705175,0.00528799789733721,0.009881352861741676,0.9774831107934874,
7.760316502077174E-4,0.0012113835146356873,0.0014303357904168056,0.9072686408693645,0.08931360817537527,
9.407391482969678E-4,0.21371176541662726,0.0017339149413496367,0.7814653966649349,0.0021481838287912545,
0.0013120326106159702,0.0020480797074954203,0.0024182611632601633,0.9912255917069867,0.002996034811641828,
0.0011428795655103584,0.9902045958390111,0.0021064882421328044,0.003936263596115578,0.002609772757230157,
0.0020041660670849265,0.003128498346180955,0.9833881348649841,0.006902674759884862,0.004576525961865177,
0.0010123614512224665,0.0015802937580384794,0.0018659249479505199,0.9932296860297068,0.0023117338130816665,
0.0013120326106159702,0.0020480797074954203,0.0024182611632601633,0.9912255917069867,0.002996034811641828,
0.0010524241185193189,0.0016428314840484317,0.0019397660946085342,0.9929617611341475,0.0024032171686761924,
0.0020041660670849265,0.003128498346180955,0.003693960748795696,0.9865968488760732,0.004576525961865177,
0.0011942000837657488,0.0018641434202627818,0.0022010791960246664,0.9920136138128517,0.002726963487095067,
0.004241869374259165,0.8041400425418183,0.1673220625288199,0.01460968985819406,0.00968633569690871,
0.0023598474155127743,0.003683716064212891,0.0043495316427197865,0.008127699325801074,0.9814792055517535,
0.0011942000837657488,0.0018641434202627818,0.0022010791960246664,0.004113019829964477,0.9906275574699823,
0.0017416593690598751,0.002718726030343219,0.0032101238778267523,0.922862144369453,0.06946734635331717,
0.9880187700498934,0.0020480797074954203,0.0024182611632601633,0.004518854267709207,0.002996034811641828,
0.0010957882757233338,0.9494041362120376,0.0020196923528398333,0.0037740735147835875,0.04370630964461577,
0.0013120326106159702,0.0020480797074954203,0.0024182611632601633,0.004518854267709207,0.9897027722509193,
0.0010957882757233338,0.6609756451820391,0.0020196923528398333,0.0037740735147835875,0.33213480067461415,
0.0017416593690598751,0.002718726030343219,0.0032101238778267523,0.9883524004755424,0.003977090247227742,
0.0011428795655103584,0.0017840322163441024,0.0021064882421328044,0.003936263596115578,0.9910303363798971,
0.002167512145656109,0.003383481176724724,0.003995030611528821,0.007465265291775994,0.9829887107743144,
0.003658349152377408,0.0057106741107598195,0.6945530739422937,0.012599951057794073,0.283477951736775,
0.0020041660670849265,0.003128498346180955,0.003693960748795696,0.006902674759884862,0.9842707000780536,
0.0012503463521271463,0.001951787608335656,0.6135099218309675,0.00430639673412674,0.378981547474443,
0.0011942000837657488,0.0018641434202627818,0.0022010791960246664,0.004113019829964477,0.9906275574699823,
0.0011942000837657488,0.0018641434202627818,0.0022010791960246664,0.004113019829964477,0.9906275574699823,
0.011718350157375415,0.018292316035787275,0.021598572210610307,0.9216318344762506,0.026758927119976492,
0.002167512145656109,0.003383481176724724,0.003995030611528821,0.33347832629279417,0.6569756497732961,
0.21210311501024867,0.0029092538072581727,0.7042330903865168,0.0064189366920951495,0.07433560410388122,
0.0023598474155127743,0.003683716064212891,0.0043495316427197865,0.008127699325801074,0.9814792055517535,
0.0010957882757233338,0.0017105228277570976,0.0020196923528398333,0.0037740735147835875,0.9913999230288961,
0.9829809168459517,0.0029092538072581723,0.003435088717695787,0.006418936692095149,0.004255803936999117,
0.020949416440745244,0.03270198800624157,0.03861272941061571,0.07215320650058757,0.8355826596418099,
0.0015399552426002625,0.002403866380531559,0.9872358238051376,0.005303856980230352,0.003516497591500158,
0.0012503463521271463,0.001951787608335656,0.002304564688032831,0.00430639673412674,0.9901869046173777,
0.0016346084434642266,0.002551619796392131,0.0030128139224457856,0.9890683190599747,0.003732638777723133,
0.935501371618972,0.05404999109821645,0.0025437583377751678,0.0047533630342801595,0.0031515159107563463,
0.0010957882757233338,0.9906082063591801,0.0020196923528398333,0.0037740735147835875,0.0025022394974731437,
0.0015399552426002625,0.002403866380531559,0.0028383547224415068,0.005303856980230352,0.9879139666741964,
0.0023598474155127743,0.003683716064212891,0.0043495316427197865,0.008127699325801074,0.9814792055517535,
0.0013801213629829267,0.0021543660839948393,0.0025437583377751678,0.21233586309116656,0.7815858911240805,
4.2708225007582665E-4,6.666743514866856E-4,0.43438665483973143,0.0014709409147322524,0.5630486476439738,
0.0023598474155127743,0.003683716064212891,0.0043495316427197865,0.9842181782942114,0.005388726583343058,
0.001863714509602369,0.0029092538072581727,0.9845522910540452,0.0064189366920951495,0.004255803936999117,
0.943118417493956,0.009723376927576514,0.011480834810112386,0.02145352212851932,0.01422384863983588,
0.0025896404507818292,0.1987948744411739,0.004773072618974897,0.7879289520480703,0.00591346044099901,
0.0011942000837657488,0.0018641434202627818,0.0022010791960246664,0.9920136138128517,0.002726963487095067,
0.0014556639536692662,0.0022722878839443756,0.057419188001124215,0.9355288422641782,0.003324017897083978,
0.002359847415512774,0.7135677007685114,0.0043495316427197865,0.18559869550187566,0.09412422467138036,
0.0023598474155127743,0.003683716064212891,0.359291523994869,0.6292761859420622,0.005388726583343058,
0.8789756744910833,0.004042422432218011,0.004773072618974896,0.10629537001672466,0.005913460440999009,
0.2947183184642157,0.6856760044635637,0.004773072618974897,0.008919144012246723,0.00591346044099901,
0.16566424599401702,0.768579004072234,0.057419188001124215,0.005013544035540877,0.003324017897083978,
0.0020041660670849265,0.003128498346180955,0.9833881348649841,0.006902674759884862,0.004576525961865177,
0.0017416593690598751,0.002718726030343219,0.9855639654691681,0.005998558884201063,0.003977090247227742,
0.0020041660670849265,0.07848958866281083,0.003693960748795696,0.006902674759884862,0.9089096097614238,
0.0011428795655103584,0.0017840322163441024,0.9905270518647997,0.003936263596115578,0.002609772757230157,
0.0021675121456561086,0.9814226641797793,0.00399503061152882,0.0074652652917759936,0.00494952777125975,
0.9919769625856344,0.001371463546669727,0.0016193495885930304,0.003025977884647324,0.002006246394455552,
0.0012503463521271463,0.001951787608335656,0.002304564688032831,0.9916381275034827,0.002855173848021658,
0.0011428795655103584,0.0017840322163441024,0.9905270518647997,0.003936263596115578,0.002609772757230157,
0.0021675121456561086,0.9814226641797793,0.00399503061152882,0.0074652652917759936,0.00494952777125975,
0.9919769625856344,0.001371463546669727,0.0016193495885930304,0.003025977884647324,0.002006246394455552,
0.004241869374259165,0.006621547754966103,0.007818363571449456,0.01460968985819406,0.9667085294411313,
0.0017416593690598751,0.002718726030343219,0.0032101238778267523,0.005998558884201063,0.9863309318385691,
0.0016346084434642266,0.002551619796392131,0.0030128139224457856,0.0056298580393623005,0.9871710997983356,
0.6914685695975415,0.2808347622888254,0.006742853497129638,0.012599951057794073,0.008353863558709382,
0.004241869374259165,0.006621547754966103,0.007818363571449456,0.01460968985819406,0.9667085294411313,
0.002869014228728565,0.004478524218705175,0.22105059757590725,0.009881352861741676,0.7617205111149173,
0.002359847415512774,0.9797741950326232,0.0043495316427197865,0.008127699325801072,0.005388726583343057,
0.003215955711063688,0.8515095838220295,0.005927459985296327,0.011076275903600667,0.12827072457800984,
0.943118417493956,0.009723376927576514,0.011480834810112386,0.02145352212851932,0.01422384863983588,
0.001741659369059875,0.7886017993034162,0.003210123877826752,0.20246932720246932,0.003977090247227741,
0.0011942000837657488,0.0018641434202627818,0.0022010791960246664,0.004113019829964477,0.9906275574699823,
0.001863714509602369,0.0029092538072581727,0.42391388971898836,0.0064189366920951495,0.5648942052720559,
0.002869014228728565,0.004478524218705175,0.9762196964509025,0.009881352861741676,0.0065514122399221745,
0.003658349152377408,0.14327271819979262,0.8321151180313264,0.012599951057794073,0.008353863558709382,
0.0011428795655103584,0.0017840322163441024,0.0021064882421328044,0.8204575987626666,0.17450900121334617,
0.002167512145656109,0.003383481176724724,0.24850482636229249,0.007465265291775994,0.7384789150235508,
0.0017416593690598751,0.002718726030343219,0.0032101238778267523,0.9883524004755424,0.003977090247227742,
0.0013801213629829267,0.0021543660839948393,0.9366650085937641,0.0047533630342801595,0.05504714092497796,
0.0013120326106159702,0.9887548171467729,0.0024182611632601633,0.004518854267709207,0.002996034811641828,
0.4676642181361145,0.49728008165591164,0.0014303357904168054,0.031853291208289135,0.0017720732092677413,
0.056191857967118515,0.3306894519646399,0.0026829939876749586,0.005013544035540877,0.6054221520450258,
0.00813415079173583,0.012697389561407887,0.01499238722924867,0.028015341784964527,0.936160730632643,
0.0011428795655103584,0.5604565246987211,0.08805610247019081,0.003936263596115578,0.34640822966946216,
0.0013120326106159702,0.4460661115551703,0.0024182611632601633,0.5472075598593118,0.002996034811641828,
9.752370662586845E-4,0.0015223426835892903,0.0017974994700763948,0.9934779607361917,0.002226960043883914,
8.785814785022193E-4,0.001371463546669727,0.034655962292164104,0.9610877462882084,0.002006246394455552,
0.0010957882757233338,0.0017105228277570976,0.08442783264712508,0.6218351257219229,0.29093073052747154,
0.0016346084434642263,0.8630602731894279,0.003012813922445785,0.12855966566693883,0.0037326387777231324,
0.0011428795655103584,0.0017840322163441024,0.0021064882421328044,0.5626087560784926,0.4323578438975202,
0.0025896404507818292,0.004042422432218012,0.004773072618974897,0.008919144012246723,0.9796757204857786,
0.16591206886429385,0.0017105228277570976,0.6612848147071217,0.16859035410335407,0.0025022394974731437,
0.0010524241185193189,0.8722594274305404,0.1206602109964029,0.003624720285861192,0.0024032171686761924,
0.0017416593690598751,0.002718726030343219,0.0032101238778267523,0.005998558884201063,0.9863309318385691,
0.0015399552426002625,0.002403866380531559,0.0028383547224415068,0.9897013260629265,0.003516497591500158,
0.0010524241185193189,0.0016428314840484317,0.9912768069428948,0.003624720285861192,0.0024032171686761924,
0.0017416593690598751,0.002718726030343219,0.0032101238778267523,0.9883524004755424,0.003977090247227742,
0.0015399552426002625,0.002403866380531559,0.9872358238051376,0.005303856980230352,0.003516497591500158,
0.9063372498666433,0.0031284983461809545,0.0036939607487956956,0.08226376507651473,0.004576525961865177,
0.003658349152377408,0.0057106741107598195,0.4194289857642281,0.42528608332489254,0.1459159076477422,
0.0014556639536692662,0.0022722878839443756,0.9879344862297614,0.005013544035540877,0.003324017897083978,
0.0010524241185193189,0.23908372128763716,0.0019397660946085342,0.7555208713305588,0.0024032171686761924,
0.12414302496748687,0.1259471682834903,0.005927459985296327,0.7366386914421398,0.007343655321586622,
0.0010957882757233338,0.0017105228277570976,0.0020196923528398333,0.9926717570462066,0.0025022394974731437,
0.0017416593690598751,0.26467975045470093,0.0032101238778267523,0.7263913760511846,0.003977090247227742,
0.0011942000837657488,0.9897647374031501,0.0022010791960246664,0.004113019829964477,0.002726963487095067,
0.0010123614512224665,0.3822506584130942,0.0018659249479505199,0.0034867379265620564,0.6113843172611708,
0.9075853315128611,0.0017105228277570976,0.0020196923528398333,0.08618221380906883,0.0025022394974731437,
0.006228950742299092,0.009723376927576514,0.011480834810112386,0.9583429888801761,0.01422384863983588,
0.9938157289063944,0.001057143564158988,0.0012482176430146704,0.002332466695020876,0.0015464431914110582,
0.0010123614512224665,0.0015802937580384794,0.0018659249479505199,0.15575488378858432,0.8397865360542042,
0.00813415079173583,0.012697389561407887,0.01499238722924867,0.9456016873466884,0.01857438507091925,
0.5168405649338583,0.0017840322163441024,0.47482936649645185,0.003936263596115578,0.002609772757230157,
0.0050468626322295014,0.007878140268734225,0.009302079690000815,0.9662483744873201,0.011524542921715277,
0.002869014228728565,0.11235982405799019,0.00528799789733721,0.8729317515760219,0.0065514122399221745,
0.0016346084434642266,0.002551619796392131,0.0030128139224457856,0.9890683190599747,0.003732638777723133,
0.0015399552426002625,0.002403866380531559,0.46608422252606324,0.5264554582593047,0.003516497591500158,
0.9539130192084526,0.007878140268734225,0.009302079690000815,0.017382217911097106,0.011524542921715277,
0.7279188715620855,0.0021543660839948393,0.0025437583377751678,0.26423148810538816,0.0031515159107563463,
0.5743665565779633,0.007878140268734225,0.38884854232049004,0.017382217911097106,0.011524542921715277,
0.0028690142287285648,0.9754102227722703,0.005287997897337208,0.009881352861741674,0.006551412239922174,
0.002869014228728565,0.004478524218705175,0.00528799789733721,0.9808130514153068,0.0065514122399221745,
0.002167512145656109,0.16639001167723383,0.24850482636229249,0.5779881220435579,0.004949527771259751,
0.006228950742299092,0.009723376927576514,0.011480834810112386,0.02145352212851932,0.9511133153914928,
0.0023598474155127743,0.003683716064212891,0.0043495316427197865,0.9842181782942114,0.005388726583343058,
0.0016346084434642266,0.002551619796392131,0.0030128139224457856,0.49734908854966847,0.49545186928802937,
0.9867071561957559,0.0022722878839443756,0.0026829939876749586,0.005013544035540877,0.003324017897083978,
8.24128641038407E-4,0.21820991928844735,0.2494315070295547,0.0028384334326487545,0.5286960116083108,
0.0013801213629829267,0.0021543660839948393,0.4177087584515481,0.5237096131764962,0.05504714092497796,
0.0020041660670849265,0.003128498346180955,0.6819437735984646,0.2329859457097745,0.07993761627849506,
0.0013801213629829267,0.0021543660839948393,0.9885606336079856,0.0047533630342801595,0.0031515159107563463,
