8.748613363056626E-4,0.9941787180713306,0.0019494203016375668,0.0018228480411383874,0.0011741522495877501,
0.0017844629946445353,0.9881262758427879,0.0039762511439477245,0.0037180804994852963,0.0023949295191346004,
0.0016084312779281358,0.9399741389988938,0.052907449103941455,0.003351303438162968,0.0021586771810736343,
0.9896140924532463,0.002464111357396308,0.003122037446797223,0.002919329320349446,0.0018804294222107088,
0.0024566107893402287,0.004320408764211926,0.005473972556821898,0.9844519881620818,0.0032970197275441065,
0.0010771458575374376,0.0018943621119929875,0.002400163220579961,0.99318269030779,0.001445638502099527,
0.0016084312779281358,0.9892975817502143,0.0035840063526209683,0.003351303438162968,0.0021586771810736343,
0.0012411303479452976,0.07830266896625072,0.0027655636348955432,0.9160249148048832,0.0016657222460251112,
9.514371184921391E-4,0.030849630027366112,0.29388355325940035,0.6730384549134699,0.0012769246812714603,
0.002456610789340229,0.983653839299667,0.005473972556821899,0.005118557626626802,0.003297019727544107,
0.002284510947543779,0.9847989827154305,0.005090489013105896,0.004759972961285871,0.0030660443626339385,
0.0017844629946445355,0.0031383113657758857,0.11341935830806017,0.8792629378123848,0.002394929519134601,
0.0024566107893402287,0.07965374957463155,0.005473972556821898,0.005118557626626801,0.9072971094525795,
0.006182746205968903,0.010873513627423297,0.013776778643212752,0.9608690918323836,0.00829786969101143,
0.0018877643951436885,0.0033199861666879872,0.0042064337328492005,0.003933317757931181,0.986652497947388,
0.8661116839360654,0.006183791434864831,0.007834884720157923,0.11515062292129437,0.004719016987617504,
9.514371184921389E-4,0.8477874357659971,0.0021200512098892236,0.1478641512243499,0.00127692468127146,
0.0011533383380216314,0.9923257465541704,0.002569940032200445,0.002403078571411462,0.0015478965041961364,
0.0016084312779281358,0.9892975817502143,0.0035840063526209683,0.003351303438162968,0.0021586771810736343,
0.9896140924532463,0.002464111357396308,0.003122037446797223,0.002919329320349446,0.0018804294222107088,
0.0024566107893402287,0.004320408764211926,0.005473972556821898,0.9844519881620818,0.0032970197275441065,
0.0012411303479452976,0.0021827594570780107,0.0027655636348955432,0.9921448243140559,0.0016657222460251112,
0.0016084312779281358,0.9892975817502143,0.0035840063526209683,0.003351303438162968,0.0021586771810736343,
0.0012902366983055123,0.0814007789292875,0.0028749854510838903,0.9127023709947611,0.0017316279265618326,
0.0024566107893402287,0.07965374957463155,0.005473972556821898,0.9091186473516623,0.0032970197275441065,
0.0014640111387493387,0.0025747369433540843,0.003262200439389816,0.9907342007065628,0.001964850771943908,
0.005197343571298589,0.00914049910286748,0.649098807698325,0.32958798977003717,0.006975359857471817,
0.002892398939474484,0.005086823595307492,0.9821123267167757,0.006026559321133057,0.003881891427309161,
0.0014640111387493387,0.0025747369433540843,0.9909460093573028,0.003050391788649832,0.001964850771943908,
0.0021349456176829817,0.9203248838476733,0.004757218266814863,0.004448340869153139,0.0683346113986757,
0.0016084312779281358,0.0028287267238045546,0.9900528613790307,0.003351303438162968,0.0021586771810736343,
0.00134338899681876,0.0023626003845568116,0.9916919816490674,0.002799065291510803,0.0018029636780463223,
0.0016084312779281358,0.0028287267238045546,0.7434356476224282,0.003351303438162968,0.24877589093767608,
0.00134338899681876,0.0023626003845568116,0.9916919816490674,0.002799065291510803,0.0018029636780463223,
0.13307354323885406,0.8548555850370877,0.004757218266814862,0.004448340869153138,0.0028653125880901457,
0.0014011087554628052,0.002464111357396308,0.003122037446797223,0.002919329320349446,0.9900934131199942,
0.002656752857828045,0.004672395961587419,0.005919941529653005,0.005535570657552351,0.9812153389933792,
0.004482866770899487,0.9701712371559735,0.009989001833857062,0.009340434389894533,0.00601645984937526,
0.0024566107893402287,0.004320408764211926,0.005473972556821898,0.005118557626626801,0.9826304502629991,
0.0015328269744082316,0.002695762439451127,0.003415540153399911,0.33222873757908106,0.6601271328536596,
0.0014640111387493387,0.0025747369433540843,0.003262200439389816,0.003050391788649832,0.9896486596898569,
0.0014640111387493387,0.0025747369433540843,0.1379463562009234,0.003050391788649832,0.8549645039283233,
0.014338202151525004,0.025216405670483916,0.031949271505353836,0.029874864302177753,0.8986212563704596,
0.0026567528578280456,0.9823221043628203,0.005919941529653006,0.005535570657552352,0.0035656305921463243,
0.0022845109475437787,0.004017739058435472,0.005090489013105895,0.004759972961285871,0.983847288019629,
0.2689834818402957,0.005086823595307492,0.006445022747097975,0.006026559321133057,0.7134581124961658,
0.00134338899681876,0.0023626003845568116,0.0029934226999374885,0.002799065291510803,0.9905015226271762,
0.0022845109475437787,0.42435255776857617,0.14520209524981945,0.42509479167142655,0.003066044362633938,
0.025589719639361772,0.045004300023170206,0.8417436342991554,0.053318358443941685,0.03434398759437094,
0.0018877643951436885,0.0033199861666879872,0.0042064337328492005,0.003933317757931181,0.986652497947388,
0.0015328269744082316,0.002695762439451127,0.8025004482098802,0.19121375380440808,0.0020572085718523494,
0.002003760802930956,0.9866670796074561,0.004464904124525676,0.004175006144352494,0.002689249320734795,
0.001691880656637881,0.0029754880376887337,0.9895367793124541,0.0035251773198887544,0.0022706746733305258,
0.00134338899681876,0.0023626003845568116,0.9916919816490674,0.002799065291510803,0.0018029636780463223,
0.0018877643951436885,0.0033199861666879872,0.9883253612511113,0.003933317757931181,0.002533570429125928,
0.002892398939474484,0.005086823595307492,0.8047182714495615,0.006026559321133057,0.1812759466945233,
0.001691880656637881,0.1586228815972789,0.833889385752864,0.0035251773198887544,0.0022706746733305258,
5.236486991943875E-4,9.209340116816845E-4,0.20992056121546757,0.14561288295534155,0.6430219731183148,
0.0028923989394744843,0.9807541275649854,0.006445022747097976,0.0060265593211330576,0.0038818914273091617,
0.0022845109475437787,0.004017739058435472,0.005090489013105895,0.9855412166182809,0.003066044362633938,
0.24158375110820746,0.013417421326462354,0.016999918325498766,0.7177597153995265,0.010239193840304747,
0.0031739158404846986,0.005581923629743539,0.007072316169848648,0.8825822283176147,0.10158961604230839,
0.0014640111387493391,0.0025747369433540847,0.1379463562009234,0.8560500449450293,0.0019648507719439083,
0.056506016576700756,0.9334047222607317,0.0039762511439477245,0.0037180804994852963,0.0023949295191346004,
0.5350745647411169,0.005086823595307492,0.006445022747097975,0.44951169748916836,0.003881891427309161,
0.09158942657308157,0.8033600722977712,0.006445022747097976,0.0060265593211330576,0.09257891906091624,
0.9764729209264255,0.005581923629743541,0.0070723161698486485,0.006613123740268078,0.004259715533714326,
0.0031739158404846986,0.005581923629743539,0.9803713212557892,0.006613123740268077,0.004259715533714326,
0.0017844629946445353,0.003138311365775885,0.9889642156209597,0.0037180804994852963,0.0023949295191346004,
0.3037899740310187,0.004320408764211926,0.005473972556821898,0.6831186249204034,0.0032970197275441065,
0.06760424442826851,0.0037547004994757994,0.9213274016150124,0.004448340869153138,0.0028653125880901457,
0.0024566107893402287,0.07965374957463155,0.005473972556821898,0.0804518984370464,0.8319637686421599,
0.9896140924532463,0.002464111357396308,0.003122037446797223,0.002919329320349446,0.0018804294222107088,
0.8988356522256249,0.00467239596158742,0.005919941529653006,0.005535570657552352,0.0850364396255824,
0.0010771458575374376,0.9928327273651135,0.002400163220579961,0.00224432505466951,0.001445638502099527,
0.048537821565965894,0.9427956542706044,0.003415540153399911,0.003193775438177449,0.0020572085718523494,
0.9896140924532463,0.002464111357396308,0.003122037446797223,0.002919329320349446,0.0018804294222107088,
0.980306461259061,0.00467239596158742,0.005919941529653006,0.005535570657552352,0.0035656305921463243,
0.0010771458575374376,0.9928327273651135,0.002400163220579961,0.00224432505466951,0.001445638502099527,
0.005197343571298589,0.6466582634380701,0.1709604844469229,0.010829107602435835,0.16635480094127247,
0.0021349456176829812,0.0037547004994757994,0.20116511469857146,0.004448340869153138,0.7884968983151166,
0.002003760802930956,0.003523987508290742,0.987607996223691,0.004175006144352494,0.002689249320734795,
0.004482866770899487,0.9701712371559735,0.009989001833857062,0.009340434389894533,0.00601645984937526,
0.005197343571298589,0.00914049910286748,0.01158104336312226,0.010829107602435835,0.9632520063602757,
0.0035161415474745284,0.00618379143486483,0.9782548699073225,0.007326180122720503,0.004719016987617503,
0.7124686200083311,0.005086823595307493,0.2725361056479192,0.0060265593211330576,0.0038818914273091617,
0.003941087064191662,0.006931137470591696,0.9756268484188386,0.008211590267840609,0.00528933677853729,
0.47553827456815484,0.481326468246357,0.016999918325498766,0.01589614501968457,0.010239193840304747,
0.06760424442826851,0.0037547004994757994,0.9213274016150124,0.004448340869153138,0.0028653125880901457,
0.0014640111387493387,0.0025747369433540843,0.003262200439389816,0.13773454755018344,0.8549645039283233,
0.0022845109475437787,0.004017739058435472,0.005090489013105895,0.004759972961285871,0.983847288019629,
0.4348139127417699,0.006183791434864828,0.5469570987130271,0.007326180122720502,0.004719016987617502,
0.004482866770899488,0.007883958244354276,0.009989001833857064,0.696688490755337,0.28095568239555224,
0.0014011087554628052,0.08839567515720358,0.003122037446797223,0.9052007492183256,0.0018804294222107088,
0.002656752857828045,0.004672395961587419,0.9835696499308858,0.005535570657552351,0.003565630592146324,
0.0021349456176829817,0.6584476886053312,0.004757218266814864,0.3317948349220809,0.002865312588090146,
0.3129866677758182,0.0029754880376887337,0.0037699534350497904,0.6779972160781128,0.0022706746733305258,
0.0016084312779281358,0.05215216947512504,0.9407294186277102,0.003351303438162968,0.0021586771810736343,
0.8762419432670254,0.0016732798224149946,0.0021200512098892236,0.001982400199594375,0.1179823255010759,
0.0017844629946445353,0.003138311365775885,0.9889642156209597,0.0037180804994852963,0.0023949295191346004,
0.009959235948652273,0.9337317608570278,0.022191787362652652,0.02075091558725945,0.013366300244407738,
0.5599562734542101,0.0024641113573963085,0.0031220374467972236,0.0029193293203494466,0.4315382484212471,
0.0016084312779281358,0.29876938323172747,0.0035840063526209683,0.3979388454487269,0.29809933368899655,
0.0011956249176751264,0.8087218471465353,0.0759931762927104,0.11248470227923886,0.001604649363840371,
0.0010771458575374376,0.0018943621119929875,0.20058783627120408,0.7619637384153952,0.03447691734387021,
0.00134338899681876,0.12594992025319804,0.4561469288849553,0.002799065291510803,0.4137606965735171,
0.4321288635963158,0.003523987508290742,0.5574828934303061,0.004175006144352494,0.002689249320734795,
0.0014011087554628052,0.045429893257299944,0.003122037446797223,0.5614744940190967,0.3885724665213434,
0.2951636173662669,0.005581923629743539,0.007072316169848648,0.006613123740268077,0.6855690190938728,
0.00134338899681876,0.08475414696365097,0.9093004350699732,0.002799065291510803,0.0018029636780463223,
0.0012902366983055123,0.0022691221431800743,0.9920206952774266,0.0026883179545259335,0.0017316279265618326,
0.0021349456176829812,0.0037547004994757994,0.9867967004255979,0.004448340869153138,0.0028653125880901457,
0.0018877643951436885,0.0033199861666879872,0.0042064337328492005,0.9880522452761931,0.002533570429125928,
0.0012902366983055123,0.0022691221431800743,0.0028749854510838903,0.9918340277808686,0.0017316279265618326,
0.0021349456176829817,0.9857941826582589,0.004757218266814863,0.004448340869153139,0.002865312588090146,
0.0018877643951436885,0.06120933484423281,0.0042064337328492005,0.9301628965986483,0.002533570429125928,
0.0024566107893402287,0.004320408764211926,0.005473972556821898,0.005118557626626801,0.9826304502629991,
0.14195247804398795,0.007883958244354275,0.009989001833857062,0.8341581020284253,0.00601645984937526,
0.0017844629946445353,0.003138311365775885,0.11341935830806014,0.0037180804994852963,0.8779397868320341,
0.0012902366983055123,0.0022691221431800743,0.0028749854510838903,0.9918340277808686,0.0017316279265618326,
0.12479672128129268,0.006931137470591696,0.008781774682030482,0.8542010297875477,0.00528933677853729,
0.00134338899681876,0.9498653860441396,0.0029934226999374885,0.04399483858105788,0.0018029636780463223,
0.0021349456176829812,0.0037547004994757994,0.004757218266814862,0.5282027313538374,0.4611504042621889,
0.0014640111387493387,0.0025747369433540843,0.9909460093573028,0.003050391788649832,0.001964850771943908,
0.0012411303479452976,0.15442257847542343,0.5356049301991045,0.0025860006948107343,0.306145360282716,
0.00134338899681876,0.0023626003845568116,0.6209300220431436,0.3735610248974345,0.0018029636780463223,
0.007629227648260154,0.013417421326462354,0.952818012165288,0.01589614501968457,0.010239193840304747,
0.9174594529990207,0.0014602552321987764,0.0527739896073142,0.027191942254670164,0.0011143599067962413,
0.0012411303479452976,0.0021827594570780107,0.0027655636348955432,0.4212455029952607,0.5725650435648205,
0.009959235948652273,0.9337317608570278,0.022191787362652652,0.02075091558725945,0.013366300244407738,
0.0014011087554628052,0.002464111357396308,0.5187114202456408,0.26071402071977123,0.21670933892172886,
0.006182746205968903,0.010873513627423297,0.013776778643212752,0.9608690918323836,0.00829786969101143,
0.0035161415474745292,0.9766037766220296,0.007834884720157923,0.007326180122720505,0.004719016987617504,
0.002003760802930956,0.9866670796074561,0.004464904124525676,0.004175006144352494,0.002689249320734795,
0.0018877643951436885,0.0033199861666879872,0.0042064337328492005,0.9880522452761931,0.002533570429125928,
0.006182746205968902,0.010873513627423295,0.9617635926302892,0.01288227784530711,0.008297869691011428,
0.001691880656637881,0.0029754880376887337,0.9895367793124541,0.0035251773198887544,0.0022706746733305258,
0.006182746205968903,0.5796656020196692,0.39297150423804333,0.012882277845307112,0.00829786969101143,
0.9739361267346393,0.006183791434864831,0.007834884720157923,0.007326180122720505,0.004719016987617504,
0.0035161415474745284,0.00618379143486483,0.007834884720157921,0.9777461653098852,0.004719016987617503,
0.0026567528578280456,0.9008512953293842,0.005919941529653006,0.005535570657552352,0.0850364396255824,
0.007629227648260154,0.013417421326462354,0.016999918325498766,0.01589614501968457,0.9460572876800941,
0.8011656476419381,0.18248087886252165,0.006445022747097975,0.006026559321133057,0.003881891427309161,
0.002003760802930956,0.18786331727688424,0.004464904124525676,0.8029787684749243,0.002689249320734795,
0.056506016576700756,0.003138311365775885,0.7700780012927347,0.16788274124565397,0.0023949295191346004,
0.24888537232583754,0.0017769708713054014,0.6219388677308856,0.12604273497206864,0.001356054099902702,
0.001691880656637881,0.0029754880376887337,0.3150647405542301,0.6779972160781128,0.0022706746733305258,
0.002456610789340229,0.983653839299667,0.005473972556821899,0.005118557626626802,0.003297019727544107,
0.7799288484545888,0.002975488037688734,0.0037699534350497913,0.2110550353993423,0.002270674673330526,
