0.005883273629979914,0.003200843476353663,0.982825103501305,0.005137300306692621,0.0029534790856687817,
0.23795481442565974,0.5586574941132537,0.19417429109664794,0.005850116808597982,0.003363283555840478,
0.006132341845529251,0.0033363510904897177,0.00839368334016779,0.9367241386914691,0.04541348503234416,
0.45112638815360667,0.0057857441836564,0.3816325730159527,0.15611667857021008,0.0053386160765740934,
0.7245666716599707,0.006244161335605657,0.17417360135499374,0.08925395935768403,0.005761606291745859,
0.004066486707885545,0.0022124055873054414,0.9881288050303567,0.0035508740074789275,0.002041428666973468,
0.24971517626119977,0.00215199223137312,0.6061600515728636,0.1399870958188495,0.001985684115713986,
0.012464607164046997,0.006781472193141419,0.017061013252363432,0.957435514162553,0.006257393227895089,
0.4886661317597295,0.0053900331337219005,0.08195454183144858,0.14543921119033304,0.27855008208476706,
0.009907088564189535,0.0053900331337219,0.013560392803514313,0.9661689995255442,0.004973485973029958,
0.06148137287633862,0.004232201777402171,0.01064748900452046,0.9197338033578145,0.003905132983924283,
0.01900673466821624,0.010340770546440258,0.9445141053713175,0.016596763975532773,0.009541625438493176,
0.17290888717220343,0.011902553007245251,0.18097630462240577,0.3211664710731613,0.31304578412498413,
0.17290888717220346,0.011902553007245253,0.029944768452925024,0.7742610795816037,0.010982711786022595,
0.009272877966622508,0.8372509071775901,0.012692312865857676,0.1361287978997818,0.004655104090147841,
0.005883273629979914,0.08443187130332243,0.9015940756743362,0.005137300306692621,0.0029534790856687817,
0.007778949922946244,0.004232201777402171,0.06434991195791283,0.9197338033578145,0.003905132983924283,
0.6542142071129463,0.2811512323217294,0.05542116020088576,0.005850116808597982,0.003363283555840478,
0.013638173703050769,0.007419960734842987,0.018667340191589072,0.9534279866351063,0.0068465387354108035,
0.28143488094142577,0.010340770546440258,0.682085959098108,0.016596763975532773,0.009541625438493176,
0.02576933294319643,0.014020017838520532,0.0352719443992244,0.02250189441431764,0.9024368104047409,
0.007382492204148916,0.2078783239171315,0.010104834887516833,0.7709282428849087,0.0037061061062939353,
0.2845747810252274,0.4220241065521823,0.041866556636797995,0.21405462877463174,0.03747992701116049,
0.021877351002722666,0.011902553007245253,0.029944768452925024,0.9252926157510845,0.010982711786022595,
0.007382492204148916,0.004016505690040887,0.46879392589847074,0.5161009701010454,0.0037061061062939353,
0.012464607164046997,0.006781472193141419,0.017061013252363432,0.957435514162553,0.006257393227895089,
0.8610053399543335,0.007419960734842987,0.1128192475528427,0.011908913022569913,0.0068465387354108035,
0.009907088564189535,0.0053900331337219,0.013560392803514313,0.9661689995255442,0.004973485973029958,
0.7596128712704393,0.00423220177740217,0.22545718081808988,0.006792613150144218,0.0039051329839242823,
0.007024486078148363,0.003821729508449716,0.7855178343079244,0.2001095676823207,0.0035263824231567386,
0.08056955379094959,0.0029603696101716936,0.15770433963064656,0.004751343768794204,0.7540143931994379,
0.010634420719719803,0.0057857441836564,0.0879712613933615,0.8902699576266881,0.0053386160765740934,
0.02576933294319643,0.014020017838520532,0.0352719443992244,0.9120021680053484,0.012936536813710302,
0.12172048055878924,0.004472379386842416,0.862502296426367,0.007178094200921393,0.004126749427080003,
0.474971959511165,0.011902553007245253,0.1809763046224058,0.3211664710731614,0.010982711786022595,
0.04000207594051553,0.021763458895118583,0.05475310523316951,0.03492998794928625,0.8485513719819101,
0.01147700910666146,0.006244161335605657,0.015709231898702835,0.9608079913672841,0.005761606291745859,
0.01147700910666146,0.9570303780733512,0.015709231898702835,0.010021774629538559,0.005761606291745859,
0.9674251749552693,0.0053900331337219,0.013560392803514313,0.008650913134464498,0.004973485973029958,
0.03134574219484152,0.01705390922233287,0.9084931431494514,0.027371239401560346,0.015735966031813813,
0.01147700910666146,0.006244161335605657,0.25340578608313924,0.6438792524547022,0.08499379101989132,
0.4900299217896122,0.0047414572642416495,0.4932436285506447,0.007609959698968804,0.0043750326965325,
0.6260034956806458,0.16293408917672603,0.029944768452925024,0.17013493490368056,0.010982711786022595,
0.008714981128089199,0.0047414572642416495,0.2525861582198832,0.7295823706912533,0.0043750326965325,
0.03134574219484152,0.01705390922233287,0.04290469133547275,0.027371239401560346,0.8813244178457924,
0.00565364781835171,0.003075913662209516,0.3199807003004552,0.004936790042051719,0.6663529481769317,
0.08935281726803027,0.048613136194920116,0.12230225786360967,0.6948755243477549,0.044856264325685076,
0.12172048055878924,0.004472379386842416,0.862502296426367,0.007178094200921393,0.004126749427080003,
0.7447876997761979,0.0057857441836564,0.2348019172046571,0.009286022758914485,0.0053386160765740934,
0.4562109557502739,0.0029603696101716936,0.4957816013940385,0.004751343768794204,0.04029572947672159,
0.032139708837397224,0.0022124055873054414,0.960055582900845,0.0035508740074789275,0.002041428666973468,
0.1892080838761603,0.0047414572642416495,0.31275052580257356,0.007609959698968804,0.4856899733580555,
0.010634420719719803,0.0057857441836564,0.2348019172046571,0.009286022758914485,0.7394918951330521,
0.010634420719719803,0.0057857441836564,0.9689551962611351,0.009286022758914485,0.0053386160765740934,
0.01900673466821624,0.010340770546440258,0.9445141053713175,0.016596763975532773,0.009541625438493176,
0.123281174837111,0.0023440136172063067,0.6305042679528863,0.003762102696844,0.24010844089595246,
0.010634420719719803,0.0057857441836564,0.014555933487713703,0.009286022758914485,0.9597378788499956,
0.0047304867319142236,0.7863460771710509,0.03913206894658378,0.06944504981239398,0.10034631733805725,
0.5338849545052768,0.003200843476353663,0.454823422626008,0.005137300306692621,0.0029534790856687817,
0.009907088564189535,0.0053900331337219,0.15034869085938285,0.008650913134464498,0.8257032743082412,
0.9674251749552693,0.0053900331337219,0.013560392803514313,0.008650913134464498,0.004973485973029958,
0.005883273629979914,0.003200843476353663,0.9015940756743362,0.08636832813366138,0.0029534790856687817,
0.15006092457417877,0.07526151586859045,0.7674655398278574,0.004579325349367767,0.0026326943800055757,
0.00565364781835171,0.003075913662209516,0.9834954445046618,0.004936790042051719,0.0028382039727252524,
0.00613234184552925,0.003336351090489717,0.47407835880409765,0.4710394632275391,0.04541348503234415,
0.008220405622536122,0.004472379386842415,0.9192523338944935,0.007178094200921392,0.060876786895206564,
0.962263225844407,0.006244161335605657,0.015709231898702835,0.010021774629538559,0.005761606291745859,
0.010634420719719803,0.0057857441836564,0.8955398683554874,0.08270135066456229,0.0053386160765740934,
0.38714707631601736,0.003336351090489717,0.5587482997975395,0.0053547877636092485,0.04541348503234415,
0.6151159823322456,0.003200843476353663,0.2111303391451017,0.12698384204714575,0.043568992999153164,
0.1943274051246153,0.06574110885391414,0.10114337907701708,0.004000051324981544,0.6347880556194719,
0.015055696218692259,0.00819117553499346,0.020607583482580273,0.013146699893002043,0.9429988448707319,
0.055518424994786215,0.0038217295084497166,0.009614811641718882,0.00613381201576933,0.9249112218392759,
0.006132341845529251,0.0033363510904897177,0.00839368334016779,0.005354787763609249,0.9767828359602041,
0.0087149811280892,0.06490582484693204,0.9143942016294775,0.007609959698968806,0.004375032696532501,
0.0168020670177085,0.00914130295229408,0.9509501376031926,0.014671638525070361,0.008434853901734419,
0.007382492204148916,0.004016505690040887,0.9784484714661974,0.006446424533318807,0.0037061061062939353,
0.01147700910666146,0.8777981933452058,0.09494141662684828,0.010021774629538559,0.005761606291745859,
0.6705230245376833,0.0047414572642416495,0.31275052580257356,0.007609959698968804,0.0043750326965325,
0.15569783418281447,0.04052450980610413,0.7962947229614981,0.004751343768794204,0.002731589280789149,
0.39024580314806534,0.38402759017985755,0.1128192475528427,0.10606082038382356,0.0068465387354108035,
0.04000207594051553,0.021763458895118583,0.3309097102312977,0.03492998794928625,0.5723947669837819,
0.013638173703050769,0.007419960734842987,0.018667340191589072,0.9534279866351063,0.0068465387354108035,
0.009907088564189535,0.0053900331337219,0.013560392803514313,0.9661689995255442,0.004973485973029958,
0.04000207594051553,0.021763458895118583,0.05475310523316951,0.863399802943671,0.020081556987525385,
0.08935281726803027,0.048613136194920116,0.7391545107429476,0.07802327146841695,0.044856264325685076,
0.29609389578681167,0.007419960734842987,0.5835787843591109,0.011908913022569913,0.10099844609666445,
0.9713448624511353,0.00474145726424165,0.011928687889121705,0.007609959698968806,0.004375032696532501,
0.04000207594051553,0.021763458895118583,0.05475310523316951,0.863399802943671,0.020081556987525385,
0.7472289501642295,0.0030759136622095164,0.007738467733769844,0.2391184644670658,0.002838203972725253,
0.03134574219484152,0.01705390922233287,0.2593018042889674,0.027371239401560346,0.6649273048922979,
0.01900673466821624,0.9288392825026736,0.026015593415084227,0.016596763975532773,0.009541625438493176,
0.013638173703050769,0.7606352196248721,0.20697115491409634,0.011908913022569913,0.0068465387354108035,
0.33080738493785494,0.003200843476353663,0.4142079087125236,0.08636832813366138,0.16541553473960627,
0.013638173703050769,0.007419960734842987,0.39527496963660363,0.5768203571900917,0.0068465387354108035,
0.11899355083953493,0.00819117553499346,0.8521104204493216,0.013146699893002043,0.007558153283147899,
0.004890186450816553,0.002660546216903169,0.006693474952388376,0.004270132231406981,0.9814856601484849,
0.3158485754454918,0.31292898386711937,0.185590535157411,0.18241730079786178,0.003214604732116002,
0.003850305731738301,0.8526805336768382,0.13817415372485606,0.0033621038320781047,0.0019329030344894108,
0.34481210581929644,0.003336351090489717,0.43174338830737674,0.21702964024721375,0.0030785145356232516,
0.6834918697930636,0.29968114456753603,0.00839368334016779,0.005354787763609249,0.003078514535623252,
0.008714981128089199,0.7267138682565262,0.2525861582198832,0.007609959698968804,0.0043750326965325,
0.6386828239437483,0.00819117553499346,0.020607583482580273,0.32496026375553005,0.007558153283147899,
0.08404974862536761,0.15261639999495202,0.3816325730159527,0.3763626622871535,0.0053386160765740934,
0.9504963878062763,0.00819117553499346,0.020607583482580273,0.013146699893002043,0.007558153283147899,
0.01900673466821624,0.010340770546440258,0.9445141053713175,0.016596763975532773,0.009541625438493176,
0.009272877966622508,0.005044985634399026,0.9729299146464627,0.008097117662367795,0.004655104090147841,
0.01147700910666146,0.9570303780733512,0.015709231898702835,0.010021774629538559,0.005761606291745859,
0.02175652224679721,0.001497656734311827,0.9539564191903565,0.02140748550710918,0.0013819163214253516,
0.9695104797472276,0.005044985634399026,0.012692312865857676,0.008097117662367795,0.004655104090147841,
0.16888621878312332,0.00423220177740217,0.4402668726316593,0.38270957382389076,0.0039051329839242823,
0.5594694970978148,0.36982012727493285,0.0352719443992244,0.02250189441431764,0.012936536813710302,
0.5785496178705726,0.38402759017985755,0.018667340191589072,0.011908913022569913,0.0068465387354108035,
0.8830310411162616,0.006244161335605657,0.09494141662684828,0.010021774629538559,0.005761606291745859,
0.9757261287828295,0.004016505690040888,0.010104834887516834,0.006446424533318808,0.003706106106293936,
0.04000207594051553,0.021763458895118583,0.05475310523316951,0.863399802943671,0.020081556987525385,
0.6148154755349907,0.006781472193141419,0.017061013252363432,0.3550846457916093,0.006257393227895089,
0.48687011747553427,0.006244161335605657,0.015709231898702835,0.48541488299841135,0.005761606291745859,
0.015055696218692259,0.11212903015583611,0.020607583482580273,0.636773827618058,0.21543386252483324,
0.007778949922946244,0.004232201777402171,0.7087789873986212,0.006792613150144219,0.2724172477508861,
0.12904371629346995,0.0047414572642416495,0.37291489338526396,0.007609959698968804,0.4856899733580555,
0.1077900810643044,0.007419960734842987,0.1128192475528427,0.011908913022569913,0.7600617976254399,
0.9152696065342272,0.014020017838520532,0.0352719443992244,0.02250189441431764,0.012936536813710302,
0.00613234184552925,0.6383609085413032,0.34707344731393497,0.0053547877636092485,0.0030785145356232516,
0.019006734668216244,0.14155484368304502,0.026015593415084227,0.016596763975532777,0.7968260642581217,
0.0168020670177085,0.35712337704224245,0.022997940029996954,0.5946417620083176,0.008434853901734419,
0.8014697795274868,0.0024158692932186197,0.19000775282901278,0.0038774298564326288,0.002229168493849288,
0.23088040443666322,0.7399390232401345,0.014555933487713703,0.009286022758914485,0.0053386160765740934,
0.7622427278714665,0.0053900331337219,0.2187428398873171,0.008650913134464498,0.004973485973029958,
0.3158485754454918,0.04769028854577615,0.008764738276515555,0.6244817930001004,0.003214604732116002,
