0.044130639731327394,0.006988937588323732,0.9413839690163679,0.005603843346117938,0.001892610317862925,
0.4662720217209997,0.10040736847090517,0.2398860981946957,0.19127944569500382,0.002155065918395589,
0.003685097949157701,0.9804798465296819,0.008021405656017349,0.005840957840647232,0.0019726920244959056,
0.006388072458881456,0.012627868344877396,0.3806489256914373,0.5969154958817612,0.003419637623042762,
0.006893718309401882,0.96348361936718,0.015005655697880666,0.010926688670437605,0.003690317955099902,
0.11469804332993928,0.06095843694935549,0.8191612089394581,0.003873946147168756,0.0013083646340785145,
0.002377380021520438,0.004699577550308276,0.8240976423666299,0.003768197390810694,0.16505720267073073,
0.007486293498160072,0.014798819095178231,0.016295522625788768,0.9574118318250036,0.004007532955869319,
0.0059515346345704635,0.011764925382279304,0.14962757515418265,0.8294700129033719,0.0031859519255958532,
0.005951534634570463,0.9001380226775141,0.08129118305454917,0.009433307707770311,0.003185951925595853,
0.004673935169111722,0.009239381417155957,0.010173821841001695,0.9734108291279144,0.0025020324448160394,
0.011409160869523179,0.022553498306920067,0.8108444182193945,0.14908541583934395,0.006107506764818421,
0.013129093908552466,0.47820397807694437,0.48082882323048765,0.020809890283454067,0.007028214500561398,
0.013129093908552467,0.6289541567008319,0.02857828735882506,0.32231024753122917,0.007028214500561399,
0.3253970357122472,0.13894285608844342,0.012126134662000312,0.008829903930568863,0.5147040696067402,
0.0035355008862539487,0.006988937588323732,0.9819791078614414,0.005603843346117938,0.001892610317862925,
0.004673935169111722,0.9752419248904274,0.010173821841001695,0.00740828565464317,0.0025020324448160394,
0.09647503033044172,0.47020435986146314,0.008762978575596953,0.0063809499997248414,0.4181766812327733,
0.008190323179415471,0.016190536891587802,0.017827994148972282,0.9534067344463257,0.004384411333698697,
0.011409160869523179,0.5465601208534767,0.41783945130947686,0.018083760202704774,0.006107506764818421,
0.725498896668279,0.03056043292800135,0.03365121385897639,0.2020136649888817,0.008275791555861594,
0.0044358758705831105,0.5690359272586271,0.009655634745290605,0.4144979666405805,0.002374595484918726,
0.0030416036038191,0.21555743469640995,0.0066207022683383195,0.3191382471383588,0.4556420122930738,
0.013129093908552467,0.025953442205281813,0.02857828735882506,0.9253109620267792,0.007028214500561399,
0.0044358758705831105,0.00876878852713424,0.8755230309666886,0.10889770915067527,0.002374595484918726,
0.007486293498160072,0.014798819095178231,0.016295522625788768,0.8714531137337788,0.08996625104709416,
0.008190323179415471,0.9566154366479629,0.017827994148972286,0.012981834689950686,0.0043844113336986975,
0.005951534634570463,0.6267924542789803,0.354636751453083,0.009433307707770311,0.003185951925595853,
0.058340743139849015,0.8679083089489528,0.06384062981173899,0.00740828565464317,0.0025020324448160394,
0.004220891610102398,0.0568087055989981,0.9300206897533942,0.006690202074597469,0.0022595109629077476,
0.003270008026530896,0.08155753626166207,0.007117873457130885,0.9063040945219282,0.0017504877327479255,
0.006388072458881456,0.9661620514577148,0.013905009109576733,0.01012522935078422,0.003419637623042762,
0.015459636938490335,0.03056043292800135,0.03365121385897639,0.9120529247186703,0.008275791555861594,
0.004938995280392947,0.009763349204040447,0.9748253206308436,0.007828411511972085,0.0026439233727508006,
0.013129093908552467,0.025953442205281813,0.02857828735882506,0.9253109620267792,0.007028214500561399,
0.023969158836961137,0.8730341321975287,0.05217401244618868,0.037991621436946434,0.012831075082375054,
0.006893718309401881,0.8843289363583143,0.09416033870674617,0.010926688670437605,0.0036903179550999013,
0.956749914415788,0.013627423260793853,0.015005655697880666,0.010926688670437605,0.003690317955099902,
0.0059515346345704635,0.9684744147771477,0.012954790954915722,0.009433307707770313,0.0031859519255958532,
0.018796135466614235,0.03715598493797389,0.9041937364002517,0.02979227047484096,0.010061872720319316,
0.006893718309401882,0.013627423260793853,0.2524697047244772,0.7233188357502273,0.003690317955099902,
0.0052359260442424,0.010350318531262405,0.011397115453979808,0.9702137647984488,0.002802875172066522,
0.013129093908552467,0.930454513948607,0.02857828735882506,0.020809890283454067,0.007028214500561399,
0.005235926044242399,0.1305896575029846,0.131636454425702,0.7297350868550043,0.0028028751720665214,
0.018796135466614235,0.9004359031919182,0.04091381814630718,0.02979227047484096,0.010061872720319316,
0.08142050199315322,0.006716288907596236,0.4365216460453938,0.3954998600643337,0.07984170298952302,
0.05331631076704956,0.7175807582314421,0.11605437973298445,0.08450747516232593,0.02854107610619793,
0.004938995280392947,0.009763349204040447,0.9181150536521939,0.007828411511972085,0.05935419035140054,
0.1530856390916257,0.012627868344877396,0.82074162558967,0.01012522935078422,0.003419637623042762,
0.0032700080265308964,0.3443845129549837,0.5703185377999629,0.08027645348577464,0.0017504877327479257,
0.0024440975935030988,0.004831464081137396,0.5665898310324766,0.08806440544949588,0.338070201843387,
0.005235926044242401,0.3710683354464291,0.612593810312591,0.008299053024671158,0.0028028751720665223,
0.006388072458881455,0.012627868344877394,0.01390500910957673,0.9636594124636216,0.0034196376230427616,
0.006388072458881456,0.012627868344877396,0.9674391922224141,0.01012522935078422,0.003419637623042762,
0.011409160869523179,0.022553498306920067,0.41783945130947686,0.5420903827492615,0.006107506764818421,
0.0025894347261200615,0.0051187648574079194,0.45162048984202624,0.5392851446427269,0.0013861659317189524,
0.006388072458881456,0.012627868344877396,0.16060257574232098,0.01012522935078422,0.810256254103136,
0.0028430233262423934,0.00562005589264882,0.006188449724795651,0.037150261941351355,0.9481982091149618,
0.0035355008862539487,0.006988937588323732,0.9819791078614414,0.005603843346117938,0.001892610317862925,
0.0059515346345704635,0.011764925382279304,0.012954790954915722,0.28277887610630414,0.6865498729219304,
0.825988239830172,0.14843770958154623,0.012954790954915722,0.009433307707770313,0.0031859519255958532,
0.0035355008862539487,0.006988937588323732,0.9819791078614414,0.005603843346117938,0.001892610317862925,
0.0031516730687886825,0.07860613445200916,0.8029956682388487,0.11355938310804264,0.0016871411323107564,
0.003397575823944266,0.006716288907596236,0.9826821292298564,0.005385229218288951,0.001818776820314074,
0.045997932174539076,0.007284659345910011,0.26189841100830563,0.6828463054467493,0.0019726920244959056,
0.004938995280392947,0.009763349204040447,0.9748253206308436,0.007828411511972085,0.0026439233727508006,
0.006893718309401882,0.96348361936718,0.015005655697880666,0.010926688670437605,0.003690317955099902,
0.006388072458881456,0.012627868344877396,0.9674391922224141,0.01012522935078422,0.003419637623042762,
0.0036850979491577012,0.3457873331489611,0.6427139190367381,0.005840957840647233,0.0019726920244959056,
0.0035355008862539487,0.006988937588323732,0.007695775579678667,0.9798871756278806,0.001892610317862925,
0.002753149486573182,0.0054423943175341645,0.10082901661205024,0.8895016345156082,0.0014738050682341556,
0.009040515795487165,0.017871187900580916,0.01967862063254254,0.9485701425970614,0.004839533074327949,
0.19808047357577346,0.0568087055989981,0.05765257090787456,0.6851987389544462,0.0022595109629077476,
0.045997932174539076,0.007284659345910011,0.09264707410678011,0.8520976423482748,0.0019726920244959056,
0.0052359260442424,0.010350318531262405,0.9733118272277574,0.008299053024671156,0.002802875172066522,
0.2417436533184366,0.019941171787431853,0.6010979375623219,0.13181715083823106,0.005400086493578573,
0.0044358758705831105,0.00876878852713424,0.6717895259734185,0.007030956654040216,0.3079748529748239,
0.956749914415788,0.013627423260793853,0.015005655697880666,0.010926688670437605,0.003690317955099902,
0.0052359260442424,0.9722650303050402,0.011397115453979808,0.008299053024671156,0.002802875172066522,
0.0032700080265308964,0.26929109104260607,0.6829586706685293,0.04272974252958584,0.0017504877327479257,
0.9486152229357906,0.016190536891587805,0.017827994148972286,0.012981834689950686,0.0043844113336986975,
0.2991865501744118,0.047381958185176674,0.05217401244618869,0.03799162143694644,0.5632658577572764,
0.10223281315505298,0.11023302686722533,0.017827994148972286,0.7653217544950509,0.0043844113336986975,
0.0059515346345704635,0.9684744147771477,0.012954790954915722,0.009433307707770313,0.0031859519255958532,
0.023969158836961137,0.8730341321975287,0.05217401244618868,0.037991621436946434,0.012831075082375054,
0.05331631076704956,0.10539507141388313,0.7282400665505434,0.08450747516232593,0.02854107610619793,
0.008190323179415471,0.016190536891587805,0.9582528939053474,0.012981834689950686,0.0043844113336986975,
0.0052359260442424,0.6716666828757345,0.13163645442570202,0.12853839199639336,0.06292254465792763,
0.5744039415118625,0.04738195818517667,0.05217401244618868,0.3132090127743971,0.012831075082375054,
0.003397575823944266,0.9820028660227081,0.007395552114744632,0.005385229218288951,0.001818776820314074,
0.018796135466614235,0.03715598493797389,0.04091381814630718,0.8930721887287854,0.010061872720319316,
0.6664174390527191,0.15355515394355926,0.02483448439955934,0.14908541583934395,0.006107506764818421,
0.478402773057603,0.016190536891587802,0.4880404440271598,0.012981834689950685,0.004384411333698697,
0.5718674447172823,0.33175004834891136,0.007695775579678668,0.08679412103626485,0.0018926103178629255,
0.38436028308196557,0.016190536891587805,0.017827994148972286,0.5772367745437758,0.0043844113336986975,
0.009040515795487166,0.12167571397941279,0.12348314671137442,0.7409610904393977,0.00483953307432795,
0.00293896285953688,0.10704651369241988,0.04014288456247498,0.00465831801342123,0.8452133208721471,
0.4898533583760658,0.36106501737367797,0.008375809912341565,0.13864596421671127,0.0020598501212035223,
0.9589089524634228,0.004574700017381584,0.03160944625222673,0.003668068562483482,0.0012388327044855906,
0.003685097949157701,0.17653599624743552,0.008021405656017349,0.8097848081228934,0.0019726920244959056,
0.2998749375268274,0.6419771727266308,0.00802140565601735,0.04815379206602862,0.0019726920244959056,
0.907030968332159,0.010350318531262405,0.07151678493984091,0.008299053024671156,0.002802875172066522,
0.009040515795487166,0.5368938182947403,0.019678620632542543,0.42954751220290216,0.00483953307432795,
0.006388072458881455,0.8928132681413427,0.08725379242594884,0.010125229350784219,0.0034196376230427616,
0.009040515795487166,0.8483073965312358,0.019678620632542543,0.11813393396640663,0.00483953307432795,
0.011409160869523179,0.022553498306920067,0.9418460738560336,0.018083760202704774,0.006107506764818421,
0.005570843302336387,0.011012379124479084,0.8436742349277684,0.008829903930568863,0.1309126387148473,
0.956749914415788,0.013627423260793853,0.015005655697880666,0.010926688670437605,0.003690317955099902,
0.0016546827541146416,0.003270957883774152,0.9915658741449144,0.0026227070052883606,8.857782119085772E-4,
0.005570843302336387,0.4587690484983542,0.5238480425178575,0.008829903930568863,0.002982161750882984,
0.004673935169111722,0.009239381417155957,0.976176365314273,0.00740828565464317,0.0025020324448160394,
0.015459636938490335,0.9181095075902371,0.03365121385897639,0.02450385005643453,0.008275791555861594,
0.29031779310632805,0.6744879667210504,0.017827994148972286,0.012981834689950686,0.0043844113336986975,
0.006893718309401882,0.96348361936718,0.015005655697880666,0.010926688670437605,0.003690317955099902,
0.15723600461553572,0.059702164775451774,0.009655634745290605,0.7710316003788031,0.002374595484918726,
0.02396915883696114,0.047381958185176674,0.05217401244618869,0.8636437954492985,0.012831075082375056,
0.007486293498160072,0.27267497336885277,0.016295522625788768,0.6995356775513291,0.004007532955869319,
0.006893718309401882,0.96348361936718,0.015005655697880666,0.010926688670437605,0.003690317955099902,
0.009040515795487165,0.017871187900580916,0.01967862063254254,0.9485701425970614,0.004839533074327949,
0.7023424387886966,0.009239381417155957,0.2785078616946882,0.00740828565464317,0.0025020324448160394,
0.0052359260442424,0.010350318531262405,0.011397115453979808,0.06841872251053227,0.9045979174599831,
0.7605302429845157,0.016190536891587805,0.017827994148972286,0.20106681464122572,0.0043844113336986975,
0.015459636938490335,0.9181095075902371,0.03365121385897639,0.02450385005643453,0.008275791555861594,
0.38450060597759017,0.007284659345910012,0.4734625821352126,0.1327794605167914,0.0019726920244959056,
0.9284207503259975,0.022553498306920067,0.02483448439955934,0.018083760202704774,0.006107506764818421,
0.3575716496646476,0.13576916813364281,0.02195795583126715,0.47930113987686396,0.005400086493578575,
0.0026687837207299246,0.4955694681681703,0.3122428343272585,0.03487344383521877,0.15464546994862247,
0.006388072458881455,0.1593254349776216,0.01390500910957673,0.8169618458308774,0.0034196376230427616,
0.005951534634570463,0.4901196700797134,0.49130953565234986,0.009433307707770311,0.003185951925595853,
0.0038479141006103335,0.0076065124460740425,0.008375809912341563,0.9781099134197705,0.002059850121203522,
