0.0069569746167833955,0.00777332548797477,0.9689447820836953,0.009122387079080719,0.00720253073246577,
0.007892571865794763,0.008818708336529955,0.292351624743256,0.4137992448180539,0.27713785023636545,
0.0027378460201131593,0.003059112534197496,0.10141355009332431,0.19019317712132774,0.7025963142310373,
0.0038020608452835713,0.004248205305244951,0.01126513788856311,0.004985481856613398,0.9756991141042949,
0.01079646010037362,0.012063346943321163,0.031988865167676614,0.014156942283770485,0.9309943855048581,
0.004368017843541329,0.00488057328155486,0.8316462945739714,0.005727597372712401,0.15337751692821996,
0.004368017843541329,0.00488057328155486,0.012942013636693174,0.8988595402133795,0.07894985502483104,
0.8680342551662663,0.0062835925977716076,0.01666245672309148,0.0073741108632070455,0.10164558464966338,
0.017081026486663705,0.019085361937247542,0.3416569701605057,0.6044927162916562,0.017683925123926834,
0.009118913959014926,0.010188952842986434,0.027018458494602132,0.944232895966319,0.009440778737077432,
0.009118913959014928,0.010188952842986435,0.9592941076033168,0.011957246857604362,0.009440778737077434,
0.1346474914710233,0.15044740494216446,0.39894747072546466,0.17655757050811408,0.1394000623532335,
0.0069569746167833955,0.6004807882265186,0.3762373193451515,0.009122387079080719,0.00720253073246577,
0.0069569746167833955,0.00777332548797477,0.4947788118928602,0.009122387079080719,0.4813685009233008,
0.47525673851337236,0.1655682276944389,0.1823977333460546,0.16733652170905683,0.009440778737077436,
0.024093331415234096,0.02692051035064076,0.07138620648960667,0.03159256822126539,0.846007383523253,
0.0022200180533333983,0.0024805211846122117,0.19571469256898566,0.0029110159402044944,0.7966737522528643,
0.07879567974693026,0.1537358970883327,0.6827909707671935,0.08015525927610131,0.004522193121442117,
0.9413945630677295,0.010188952842986434,0.027018458494602132,0.01195724685760436,0.009440778737077432,
0.1754250872275344,0.003760910254169575,0.12467905518153116,0.6926502004636788,0.0034847468730862864,
0.003570733750543839,0.003989733641820812,0.01057973812100378,0.9173204720672999,0.06453932241933158,
0.004368017843541329,0.07930823518494379,0.012942013636693174,0.8988595402133795,0.004522193121442117,
0.3631784941349265,0.003373903007522562,0.523459453375013,0.10686199194061684,0.003126157541921113,
0.00406543688181224,0.004542486622979104,0.9818523086191688,0.005330835733106264,0.0042089321429335524,
0.003183365563985362,0.0035569105881702594,0.9857897841026573,0.004174212856668056,0.0032957268885190857,
0.024093331415234103,0.026920510350640765,0.8924498508842067,0.031592568221265396,0.024943739128653133,
0.005623692751902813,0.0062835925977716076,0.9748964149612733,0.0073741108632070455,0.0058221888258452046,
0.005131933460569195,0.00573412889496462,0.9770915777721151,0.006729287667437814,0.005313072204913273,
0.0047192614383052105,0.005273032782712038,0.978933703162145,0.006188168268393686,0.004885834348444078,
0.0038020608452835713,0.004248205305244951,0.9830279921107542,0.004985481856613398,0.00393625988210391,
0.0033659412840404456,0.003760910254169575,0.18203210382936247,0.8073562977593414,0.0034847468730862864,
0.23866554853826766,0.014782849810606314,0.2646354673930778,0.46821878809146444,0.013697346166583595,
0.9252990470385772,0.0035569105881702594,0.06367410262806542,0.004174212856668056,0.0032957268885190857,
0.0047192614383052105,0.005273032782712038,0.978933703162145,0.006188168268393686,0.004885834348444078,
0.8147926690036612,0.1433020578595077,0.02338492569730049,0.010349196249120627,0.008171151190409953,
0.0018669153042866129,0.0020859843708055797,0.005531489154137637,0.9885828004887253,0.0019328106820450208,
0.0033659412840404456,0.978762737267302,0.009972957885868538,0.004413616689702942,0.0034847468730862864,
0.0027378460201131593,0.003059112534197496,0.707873804597024,0.003590021889420165,0.28273921495924526,
0.0021391014111036962,0.8042602233521456,0.18858115789618343,0.002804913363694,0.0022146039768733226,
0.0018093581736876017,0.00202167332542378,0.036191023533621136,0.7114641583308011,0.24851378663646637,
0.0021391014111036962,0.0023901095571314873,0.9175539886189236,0.07570219643596801,0.0022146039768733226,
0.442352913542766,0.00573412889496462,0.1026496176077214,0.44395026774963464,0.005313072204913273,
0.006219683993069809,0.00694951911910699,0.442342832330609,0.5380487481486567,0.006439216408557651,
0.01323036209601766,0.014782849810606317,0.9409410267198279,0.01734841520696446,0.013697346166583597,
0.0038020608452835713,0.004248205305244951,0.8534596115477954,0.13455386241957218,0.00393625988210391,
0.0047192614383052105,0.005273032782712038,0.978933703162145,0.006188168268393686,0.004885834348444078,
0.001993761606869126,0.002227715173522796,0.9911000536030259,0.0026143354149076093,0.0020641342016746813,
0.0028718186242477567,0.15000954244175999,0.8403797609600219,0.0037656945086589734,0.002973183465311476,
0.005131933460569195,0.00573412889496462,0.9770915777721151,0.006729287667437814,0.005313072204913273,
0.0038020608452835713,0.004248205305244951,0.9182438018292748,0.06976967213809279,0.00393625988210391,
0.006219683993069808,0.006949519119106989,0.972235971465332,0.008155609013933494,0.006439216408557649,
0.6119962801925274,0.003989733641820813,0.37563506598619395,0.004682152404324739,0.003696767775133238,
0.1346474914710233,0.15044740494216446,0.39894747072546466,0.17655757050811408,0.1394000623532335,
0.5753300827728529,0.002683544176318556,0.37542715323423215,0.0031492735970031676,0.043409946219593126,
0.8109015951785116,0.002306056915265061,0.1819493512159795,0.0027062733755304972,0.0021367233147134264,
0.9755649150674746,0.004248205305244951,0.01126513788856311,0.004985481856613398,0.00393625988210391,
0.9783677682971728,0.003760910254169575,0.009972957885868538,0.004413616689702942,0.0034847468730862864,
0.41134262043472797,0.008818708336529953,0.02338492569730049,0.5482825943410315,0.008171151190409953,
0.30207866545709705,0.00488057328155486,0.5339356469604156,0.005727597372712401,0.15337751692821996,
0.005131933460569196,0.792731893042919,0.19009381362416078,0.006729287667437815,0.005313072204913274,
0.0069569746167833955,0.00777332548797477,0.9689447820836953,0.009122387079080719,0.00720253073246577,
0.7179944598208859,0.0013823869957125818,0.2777199743413898,0.0016223004282383653,0.001280878413773327,
0.9857323878043054,0.0024805211846122117,0.006577698386106426,0.0029110159402044944,0.0022983766847715767,
0.9851714628140078,0.002578041799998104,0.006836297747569316,0.003025461270342348,0.002388736368082466,
0.39545296338620767,0.0025780417999981035,0.5965547971753694,0.0030254612703423476,0.002388736368082466,
0.0017552438809518291,0.3010412559616858,0.12483263628768222,0.5705536662095033,0.0018171976601767802,
0.0028718186242477567,0.7372124887742622,0.0574424991833524,0.19950000995282638,0.002973183465311476,
0.0033659412840404456,0.003760910254169575,0.9849747848990008,0.004413616689702942,0.0034847468730862864,
0.18002032549344793,0.00573412889496462,0.8022031857392363,0.006729287667437814,0.005313072204913273,
0.8347426592619591,0.003208805858634451,0.10637607804439422,0.0037656945086589734,0.051906762326353315,
0.16092091421956345,0.0020859843708055797,0.8326122835135772,0.002448007214008855,0.0019328106820450208,
0.002504200191573206,0.04546769378177563,0.26343756491532666,0.003283651979400362,0.6853068891319241,
0.0028718186242477567,0.003208805858634451,0.10637607804439422,0.7377693774242867,0.149773920048437,
0.6603023766052838,0.0017997301012358255,0.33411824376882165,0.0021120734808730826,0.0016675760437856037,
0.0021391014111036962,0.43977380799077553,0.5530675732575535,0.002804913363694,0.0022146039768733226,
0.9876074930206735,0.0021545214203361985,0.005713231621358906,0.002528438876885142,0.00199631506074632,
0.01323036209601766,0.014782849810606317,0.03920028095082779,0.01734841520696446,0.9154380919355838,
0.00406543688181224,0.9050773844587142,0.012045495565300237,0.07460275095123972,0.0042089321429335524,
0.004368017843541329,0.07930823518494379,0.9060739564773603,0.005727597372712401,0.004522193121442117,
0.06764020385243212,0.0021545214203361985,0.005713231621358906,0.9224957280451266,0.00199631506074632,
0.0047192614383052105,0.7289862743733242,0.17480787917257598,0.08660075066735058,0.004885834348444078,
0.0030195773506634634,0.9809481057076652,0.008946715111780112,0.003959444287970269,0.0031261575419211135,
0.0038020608452835713,0.9760110595274359,0.01126513788856311,0.004985481856613398,0.00393625988210391,
0.007892571865794762,0.4122687569054631,0.5613183237892114,0.010349196249120625,0.008171151190409953,
0.0022200180533333983,0.9859928909355842,0.006577698386106426,0.0029110159402044944,0.0022983766847715767,
0.004368017843541329,0.9724401780256109,0.012942013636693174,0.005727597372712401,0.004522193121442117,
0.001993761606869126,0.9874204463184756,0.005907322458073054,0.0026143354149076093,0.0020641342016746813,
0.0047192614383052105,0.005273032782712038,0.013982714374662189,0.006188168268393686,0.9698368231359268,
0.00406543688181224,0.004542486622979104,0.012045495565300237,0.9751376487869748,0.0042089321429335524,
0.005623692751902813,0.38957717589304436,0.5916028316660005,0.0073741108632070455,0.0058221888258452046,
0.003183365563985362,0.05779900949844037,0.06367410262806542,0.8178056965107198,0.057537825798789195,
0.004368017843541329,0.00488057328155486,0.6827909707671935,0.30343824498626815,0.004522193121442117,
0.0038020608452835713,0.004248205305244951,0.9182438018292748,0.004985481856613398,0.0687204501635833,
0.9795411459488474,0.0035569105881702594,0.009432003717795298,0.004174212856668056,0.0032957268885190857,
0.0038020608452835718,0.004248205305244952,0.27040189901448075,0.7176115749528869,0.003936259882103911,
0.41462976796124973,0.003373903007522562,0.00894671511178011,0.003959444287970268,0.5690901696314773,
0.0022200180533333983,0.0024805211846122117,0.08223249605925811,0.11639321244993203,0.7966737522528643,
0.8902236576634235,0.019085361937247542,0.05060942643491913,0.022397628840483078,0.017683925123926834,
0.0038020608452835718,0.004248205305244952,0.3999702795774395,0.0697696721380928,0.5222097821339392,
0.006219683993069808,0.006949519119106989,0.972235971465332,0.008155609013933494,0.006439216408557649,
0.0015676971108115998,0.001751655077121813,0.004644934639250231,0.0020556550304321993,0.9899800581423842,
0.004368017843541329,0.00488057328155486,0.012942013636693174,0.9732872021167684,0.004522193121442117,
0.0047192614383052105,0.005273032782712038,0.17480787917257595,0.8103139922579626,0.004885834348444078,
0.0021391014111036962,0.0023901095571314873,0.15213251636004643,0.002804913363694,0.8405333593080244,
0.0027378460201131598,0.0030591125341974967,0.008111972477370534,0.0035900218894201657,0.9825010470788987,
0.002307297101007691,0.0025780417999981035,0.006836297747569315,0.16028372778442238,0.8279946355670025,
0.9492760185266389,0.008818708336529953,0.02338492569730049,0.010349196249120625,0.008171151190409953,
0.00261581613408162,0.0029227633198284767,0.9883232662834626,0.003430009252186984,0.002708145010440429,
0.0024017196689558843,0.12545390769858222,0.17080988069712602,0.12591963711926682,0.575414854816069,
0.002504200191573206,0.002798050050259853,0.7328036459620002,0.003283651979400362,0.25861045181676634,
0.0027378460201131598,0.0030591125341974967,0.14806433890130122,0.8433042204330043,0.0028344821113838615,
0.0030195773506634625,0.003373903007522562,0.7807158225066294,0.003959444287970268,0.20893125284721428,
0.0024017196689558843,0.0026835441763185565,0.8255851528158656,0.1668430916266881,0.0024864917121719112,
0.0022200180533333983,0.0024805211846122117,0.27136949024213736,0.7216315938351455,0.0022983766847715767,
0.003570733750543839,0.003989733641820812,0.1931074020535988,0.6739502534905065,0.12538187706352993,
0.23866554853826766,0.014782849810606314,0.7155058402775777,0.017348415206964455,0.013697346166583595,
0.0024017196689558843,0.0026835441763185565,0.0889629716822836,0.003149273597003168,0.9028024908754388,
0.00406543688181224,0.004542486622979104,0.9818523086191688,0.005330835733106264,0.0042089321429335524,
0.00165617792657681,0.0018505184794296561,0.17422707717701055,0.8205515913821183,0.001714635034864654,
0.0027378460201131598,0.0030591125341974967,0.24136591651725503,0.7500026428170505,0.0028344821113838615,
0.0024017196689558843,0.0026835441763185565,0.9892789708455505,0.003149273597003168,0.0024864917121719112,
0.9670180896414021,0.00573412889496462,0.015205421591282032,0.006729287667437814,0.005313072204913273,
0.002504200191573206,0.002798050050259853,0.34877685237835826,0.003283651979400362,0.6426372454004083,
0.01323036209601766,0.014782849810606317,0.9409410267198279,0.01734841520696446,0.013697346166583597,
0.0047192614383052105,0.005273032782712038,0.8181085383642311,0.16701333306630747,0.004885834348444078,
0.0035707337505438397,0.003989733641820813,0.010579738121003783,0.004682152404324739,0.9771776420823068,
0.0038020608452835713,0.004248205305244951,0.3999702795774395,0.004985481856613398,0.5869939724154185,
0.0019282546261291578,0.23214634371239656,0.6628327238843884,0.002528438876885142,0.10056423890020075,
0.006219683993069808,0.006949519119106989,0.8662573436383875,0.11413423684087809,0.006439216408557649,
0.002504200191573206,0.0027980500502598534,0.988821508351095,0.0032836519794003623,0.0025925894276716535,
0.003183365563985362,0.0035569105881702594,0.9857897841026573,0.004174212856668056,0.0032957268885190857,
0.0030195773506634634,0.6722404627497254,0.21475181041707328,0.003959444287970269,0.1060287051945677,
0.0038020608452835713,0.004248205305244951,0.01126513788856311,0.9767483360788044,0.00393625988210391,
0.006219683993069808,0.006949519119106989,0.972235971465332,0.008155609013933494,0.006439216408557649,
0.0028718186242477563,0.0032088058586344508,0.05744249918335238,0.24843358881386818,0.6880432875198972,
0.0069569746167833955,0.48193929567880983,0.02061284170202522,0.48328835726991576,0.00720253073246577,
0.004368017843541329,0.00488057328155486,0.9805016183807492,0.005727597372712401,0.004522193121442117,
0.0047192614383052105,0.9702240215701948,0.013982714374662189,0.006188168268393686,0.004885834348444078,
0.00406543688181224,0.9050773844587142,0.08131741078343371,0.005330835733106264,0.0042089321429335524,
0.003570733750543839,0.916628053304796,0.01057973812100378,0.004682152404324738,0.06453932241933158,
0.0027378460201131598,0.702820944653851,0.28801670532523194,0.0035900218894201657,0.0028344821113838615,
0.007892571865794762,0.008818708336529953,0.9647683723581447,0.010349196249120627,0.008171151190409953,
0.010796460100373618,0.7479168263810896,0.03198886516767661,0.014156942283770482,0.19514090606708961,
0.002063875936904409,0.986978062948526,0.006115064424325772,0.0027062733755304972,0.0021367233147134264,
0.002504200191573206,0.17347662497632302,0.775473289693516,0.045953295710916144,0.0025925894276716535,
0.004368017843541329,0.9724401780256109,0.012942013636693174,0.005727597372712401,0.004522193121442117,
0.006219683993069808,0.7487999139077193,0.018428321022830565,0.22011286466782268,0.006439216408557649,
0.0035707337505438397,0.003989733641820813,0.9840606124281774,0.004682152404324739,0.003696767775133238,
0.007892571865794762,0.008818708336529953,0.9647683723581447,0.010349196249120627,0.008171151190409953,
0.005623692751902815,0.006283592597771609,0.6874262274898189,0.007374110863207046,0.29329237629729976,
0.0033659412840404456,0.003760910254169575,0.9276217362511695,0.004413616689702942,0.060837795520917594,
0.002307297101007691,0.002578041799998104,0.9897004634605695,0.003025461270342348,0.002388736368082466,
0.001993761606869126,0.002227715173522796,0.005907322458073054,0.9878070665598604,0.0020641342016746813,
0.0030195773506634634,0.9809481057076652,0.008946715111780112,0.003959444287970269,0.0031261575419211135,
0.005131933460569195,0.00573412889496462,0.015205421591282032,0.9686154438482708,0.005313072204913273,
0.4067821734330897,0.005273032782712038,0.5768707911673604,0.006188168268393686,0.004885834348444078,
0.0033659412840404456,0.003760910254169575,0.9849747848990008,0.004413616689702942,0.0034847468730862864,
0.01079646010037362,0.012063346943321163,0.9518057144648872,0.014156942283770485,0.011177536207647568,
