0.9838843261377723,0.0026451348468469163,0.004159446054143636,0.002864190242406447,0.006446902718830492,
0.8230257018724356,0.056119250052537185,0.004381281965734735,0.10968303045623107,0.006790735653061284,
0.7095054497673315,0.0024019052012575503,0.003776970056444153,0.23248479303317432,0.05183088194179235,
0.025779912419713717,0.0031188874460836903,0.9601224589253237,0.003377176404025446,0.0076015648048535596,
0.5571035010792464,0.005358065176652644,0.4186776021265186,0.005801790413611544,0.013059041203970815,
0.6473132481805842,0.3398653922041154,0.003958991811665927,0.002726157658769096,0.006136210144865444,
0.02927546950177172,0.003541784503405063,0.07336555757082562,0.0038350954498412512,0.8899820929741564,
0.060286736849795665,0.0021996403720190654,0.9297707071345562,0.00238180238631324,0.005361113257315809,
0.0909086678532656,0.0019529526763221302,0.003070997046952237,0.0021146853840253855,0.9019526970394347,
0.02577991241971371,0.7792335465808233,0.004904416913336181,0.18248055928127305,0.007601564804853558,
0.6824923163029549,0.12252114269758207,0.004904416913336181,0.18248055928127305,0.007601564804853558,
0.5968269684503156,0.009085348498938765,0.18819655958997084,0.1837476936053365,0.022143429855438542,
0.3475906341714499,0.004097354081991009,0.006443045158579451,0.004436674219203636,0.6374322923687761,
0.025779912419713717,0.0031188874460836903,0.9601224589253237,0.003377176404025446,0.0076015648048535596,
0.04509642694121851,0.001645402065480157,0.0025873770242373253,0.0017816651375643165,0.9488891288314997,
0.9830248282249263,0.002786207935040262,0.004381281965734735,0.0030169462212372333,0.006790735653061284,
0.9865985331931549,0.002199640372019065,0.0034589107911968927,0.0023818023863132398,0.005361113257315808,
0.7258248801039874,0.003316910758606476,0.005215806439236228,0.0035915989088640397,0.2620508037893059,
0.9332516772176527,0.0026451348468469163,0.004159446054143636,0.053496839162526184,0.006446902718830492,
0.05571747974043062,0.9099546479813125,0.010599793574103558,0.007299006870452265,0.016429071833701056,
0.1331909335971029,0.004859645255921511,0.007641739818435198,0.005262094119760659,0.8490455872087798,
0.9871400043596363,0.0021107663811907916,0.00331915739794085,0.0022855683445450123,0.005144503516686857,
0.1231292944957368,0.0026451348468469167,0.004159446054143637,0.0028641902424064473,0.8672019343608662,
0.9838843261377723,0.0026451348468469163,0.004159446054143636,0.002864190242406447,0.006446902718830492,
0.18474803325095662,0.7809240944707865,0.010599793574103558,0.007299006870452265,0.016429071833701056,
0.9838843261377723,0.0026451348468469163,0.004159446054143636,0.002864190242406447,0.006446902718830492,
0.980997954431701,0.0031188874460836894,0.004904416913336181,0.003377176404025445,0.007601564804853558,
