0.014040839989527786,0.012717379447536387,0.9544722970205758,0.011524576132705421,0.007244907409654492,
0.5705439945643063,0.16892745728443373,0.24777607067775212,0.007830098105383003,0.004922379368124649,
0.004862929269584073,0.08611183929469869,0.45313453717322244,0.12655236153321403,0.3293383327292807,
0.006111266716654887,0.1082171646384314,0.004705729894298503,0.8778124973870721,0.003153341363543088,
0.004672058667467595,0.23973245527258077,0.0035975268563393386,0.7495872321756337,0.002410727027978534,
0.40465774250634945,0.36785616783967057,0.0033356754700119362,0.22191515553733615,0.0022352586466318418,
0.006111266716654887,0.7756497309898888,0.2100695964639777,0.0050160644659356015,0.003153341363543088,
0.004179876580058808,0.14424705074033037,0.10856441277024056,0.0736613797743223,0.6693472801350479,
0.6456294852027379,0.01137554729646007,0.3262058838183451,0.010308598670824577,0.006480485011632179,
0.006810591409383506,0.006168639146935723,0.005244216146817272,0.0055900629353179765,0.9761864903615455,
0.9657756165705536,0.010289848074180383,0.008747826892373684,0.009324730618762548,0.00586197784412968,
0.049784309620455554,0.40519467262291253,0.5379419504088404,0.004346590060086135,0.0027324772877053397,
0.774892629759441,0.010289848074180385,0.008747826892373686,0.10476622402431894,0.10130347124968608,
0.7508024852390881,0.08219647772071267,0.15519475589072249,0.007249127853954769,0.004557153295521738,
0.015918554301034272,0.014418104291014974,0.9483837710122858,0.01306578460417628,0.008213785791488765,
0.005542184497799561,0.005019789647865741,0.004267531508637623,0.98231079267801,0.002859701667687097,
0.9621645441616626,0.011375547296460072,0.00967082485942034,0.010308598670824579,0.006480485011632181,
0.007223915063574906,0.12791973284989208,0.005562479048066294,0.8555664182843463,0.003727454754120355,
0.04804320238021339,0.04351474947365348,0.036993694456548154,0.039433363239143676,0.8320149904504414,
0.0058128303857234165,0.0540987175432271,0.004475931256942075,0.004771111014493223,0.930841409799614,
0.008221857197140546,0.0765189934461678,0.006330903394184561,0.9046858648675645,0.004242381094942451,
0.0031761072353986147,0.0028767339353454446,0.8029232889071868,0.18938503614426394,0.0016388337778052372,
0.060561520355458504,0.005834795389025102,0.059079916562173804,0.8711997690250514,0.0033239986682912785,
0.9520448964820362,0.014418104291014974,0.012257428831283846,0.01306578460417628,0.008213785791488765,
0.9446417020590625,0.016643936818664735,0.014149701438510421,0.015082849246257166,0.009481810437505256,
0.002676243504441629,0.519537950051989,0.0020607313748804176,0.47434416506545346,0.0013809100032355648,
0.012559367284888451,0.9609807241732344,0.00967082485942034,0.010308598670824579,0.006480485011632181,
0.004038078289201268,0.0036574573801092226,0.6815901111428248,0.3086307525386145,0.0020836006492502665,
0.006111266716654887,0.00553523135359182,0.2100695964639777,0.6211076641749732,0.15717624129080246,
0.08055704235679075,0.07296390213026162,0.06202964131503609,0.06612038655513752,0.7183290276427741,
0.012559367284888451,0.011375547296460072,0.22069419749870353,0.7488904029083157,0.006480485011632181,
0.006810591409383506,0.006168639146935723,0.005244216146817272,0.9782623686609889,0.0035141846358745688,
0.18928900868610424,0.006543003768205874,0.7945112180790267,0.005929314712542809,0.003727454754120355,
0.8911178694539793,0.008640519839597363,0.007345664510497526,0.08797356682780122,0.00492237936812465,
0.006442005506473002,0.005834795389025102,0.11319943141115932,0.005287531441283272,0.8692362362520593,
0.20224366932610258,0.20117283488529314,0.008747826892373684,0.009324730618762548,0.5785109382774679,
0.006810591409383506,0.006168639146935723,0.005244216146817272,0.9782623686609889,0.0035141846358745688,
0.014040839989527786,0.012717379447536387,0.9544722970205758,0.011524576132705421,0.007244907409654492,
0.010370871090222467,0.9677799151458757,0.0079856632645693,0.00851230364642608,0.0053512468529065,
0.008831894821030079,0.00799941867890686,0.006800637807110843,0.00724912785395477,0.9691189208389974,
0.012559367284888451,0.011375547296460072,0.9592760017361945,0.010308598670824579,0.006480485011632181,
0.00507005966094439,0.004592166321813199,0.98356023069107,0.004161452491695075,0.002616090834477326,
0.006442005506473002,0.9799860626707642,0.004960401713188306,0.005287531441283272,0.0033239986682912785,
0.9895993354773651,0.0031270470665762788,0.0026584324885567476,0.0028337514138019014,0.0017814335537000578,
0.014040839989527786,0.956378104408965,0.010811572059147291,0.011524576132705421,0.007244907409654492,
0.004179876580058808,0.9870140148385189,0.003218542257966988,0.0034307994328065957,0.002156766890648669,
0.008221857197140546,0.007446881939932344,0.9733404644814811,0.006748415286503448,0.004242381094942452,
0.006810591409383506,0.4638967830178397,0.005244216146817272,0.0055900629353179765,0.5184583464906416,
0.08317231706534625,0.39673297206833813,0.5138492064425506,0.0038347773957865157,0.002410727027978534,
0.13690945506322635,0.45923156838491436,0.13514067465767282,0.2647500185115384,0.003968283382647857,
0.007690647907330235,0.9761067970084991,0.0059218675017766904,0.0063124041997461525,0.003968283382647858,
0.008221857197140546,0.007446881939932343,0.006330903394184561,0.9737579763738,0.004242381094942451,
0.004862929269584073,0.126965479135642,0.003744498922846347,0.8619178786701932,0.0025092140017343965,
0.06524593689539546,0.0033196133176789096,0.0028221410504145335,0.9267211729705574,0.0018911357659536288,
0.006111266716654887,0.26224006456569077,0.31275152974881726,0.0050160644659356015,0.41388107450290146,
0.9847262991798794,0.004592166321813199,0.003903991172134971,0.004161452491695075,0.002616090834477326,
0.014040839989527786,0.956378104408965,0.010811572059147291,0.011524576132705421,0.007244907409654492,
0.004495605568092493,0.9482653716983861,0.0412293969001533,0.0036899465182096123,0.0023196793151584573,
0.009539713507378991,0.008640519839597361,0.9690672891795159,0.007830098105383005,0.00492237936812465,
0.006810591409383506,0.4638967830178397,0.005244216146817272,0.0055900629353179765,0.5184583464906416,
0.02658395900126898,0.02407820999947583,0.020469885603283125,0.9151509368915028,0.01371700850446927,
0.24997737322694732,0.1886080973907352,0.5517577599156542,0.005929314712542809,0.003727454754120355,
0.009539713507378991,0.008640519839597361,0.9690672891795159,0.007830098105383005,0.00492237936812465,
0.012559367284888451,0.011375547296460072,0.5372292564576283,0.010308598670824579,0.4285272302901985,
0.008221857197140546,0.974456443027229,0.006330903394184562,0.006748415286503448,0.004242381094942452,
0.015918554301034272,0.9505444464720169,0.012257428831283846,0.01306578460417628,0.008213785791488765,
0.4320424668494768,0.4920499200949509,0.005562479048066296,0.06661767925338592,0.0037274547541203554,
0.18462297671175354,0.009393334227454588,0.007985663264569298,0.7926467789433159,0.005351246852906499,
0.006810591409383507,0.6355448369694289,0.005244216146817273,0.348886170838496,0.0035141846358745696,
0.5840096429483281,0.2966143282908495,0.10418932029793006,0.009324730618762548,0.00586197784412968,
0.0058128303857234165,0.005264925014069629,0.1509773088444145,0.8349455840101703,0.0029993517456222145,
0.004179876580058808,0.21447763108184606,0.7757549260146399,0.0034307994328065957,0.002156766890648669,
0.20300101308587856,0.6996438789548222,0.0012306573387010418,0.09529977883160011,8.246717889982838E-4,
0.2341952316526636,0.7605227633746201,0.001930518577450165,0.0020578328664611727,0.0012936535288049,
0.006111266716654887,0.1595581312808512,0.8261611961730152,0.0050160644659356015,0.003153341363543088,
0.004179876580058808,0.003785890057298938,0.5650631849900928,0.0034307994328065957,0.42354024893974296,
0.007690647907330235,0.0069657433392779225,0.9750629211709978,0.0063124041997461525,0.003968283382647858,
0.004331995872127075,0.003923670899468327,0.9495601675145378,0.003555657373214829,0.03862850834065206,
0.021730766601430272,0.019682469479201995,0.19929381872687696,0.7480801265801003,0.011212818612390539,
0.06791227960441801,0.9168684718808525,0.005562479048066294,0.005929314712542809,0.003727454754120355,
0.08968318222979721,0.008640519839597363,0.7286368830122614,0.16811703555021942,0.00492237936812465,
0.034228248769547165,0.03100196482202354,0.8890142224647495,0.028094192308155023,0.01766137163552488,
0.009539713507378991,0.9703621445086158,0.007345664510497525,0.007830098105383005,0.00492237936812465,
0.02658395900126898,0.02407820999947583,0.9138009841056765,0.02181983838910962,0.01371700850446927,
0.007223915063574906,0.3706731910132645,0.6124461244564974,0.005929314712542809,0.003727454754120355,
0.006810591409383506,0.006168639146935723,0.005244216146817272,0.06280608091918097,0.9189704723776825,
0.5401177988830963,0.01137554729646007,0.4317175701379866,0.010308598670824577,0.006480485011632179,
0.06791227960441801,0.24929646193157828,0.6731344889973404,0.005929314712542809,0.003727454754120355,
0.006442005506473002,0.005834795389025102,0.9791116689949274,0.005287531441283272,0.0033239986682912785,
0.006111266716654887,0.00553523135359182,0.877502162815435,0.05635703110835539,0.05449430800596288,
0.006111266716654887,0.00553523135359182,0.9801840961002746,0.0050160644659356015,0.003153341363543088,
0.008221857197140546,0.007446881939932344,0.9733404644814811,0.006748415286503448,0.004242381094942452,
0.0800310865772574,0.004071859083824828,0.9098874285055497,0.0036899465182096123,0.0023196793151584573,
0.10879320000149448,0.210899097923271,0.6721382962457558,0.0050160644659356015,0.003153341363543088,
0.0058128303857234165,0.005264925014069629,0.9811517818400916,0.004771111014493223,0.0029993517456222145,
0.009539713507378991,0.008640519839597361,0.9690672891795159,0.007830098105383005,0.00492237936812465,
0.0031761072353986147,0.0028767339353454446,0.9897014091071562,0.002606915944294505,0.0016388337778052372,
0.2499847683152438,0.6172091572269615,0.003744498922846347,0.12655236153321403,0.0025092140017343965,
0.6585211667246766,0.126965479135642,0.2080126981275628,0.003991442010384169,0.0025092140017343965,
0.004331995872127075,0.1494966696755492,0.36726817241021414,0.4766679033954777,0.0022352586466318418,
0.24921939410677635,0.22572848938559698,0.19190115690600207,0.20455669912002575,0.12859426048159894,
0.9768317015765513,0.0069657433392779225,0.0059218675017766904,0.0063124041997461525,0.003968283382647858,
0.22773906821547452,0.0047964657841198105,0.004077674623783562,0.7606543140889168,0.0027324772877053397,
0.29768516273165896,0.010289848074180383,0.008747826892373684,0.6774151844576572,0.00586197784412968,
0.9712613381763974,0.008640519839597361,0.007345664510497525,0.007830098105383005,0.00492237936812465,
0.6222028664256923,0.3135810312081106,0.004705729894298503,0.05635703110835539,0.003153341363543088,
0.20224366932610258,0.6783803019130751,0.10418932029793006,0.009324730618762548,0.00586197784412968,
0.0058128303857234165,0.005264925014069629,0.9811517818400916,0.004771111014493223,0.0029993517456222145,
0.034228248769547165,0.03100196482202354,0.026356056924399473,0.890752357848505,0.01766137163552488,
0.8703341231649971,0.10573134147973677,0.008747826892373684,0.009324730618762548,0.00586197784412968,
0.9345354394507678,0.019682469479201995,0.016732884157009482,0.017836388300630297,0.011212818612390539,
0.0076906479073302345,0.20079395407312212,0.00592186750177669,0.781625247135123,0.003968283382647857,
0.006810591409383507,0.006168639146935725,0.8634844859047623,0.12002209890304398,0.0035141846358745696,
0.9687574520086434,0.009393334227454588,0.0079856632645693,0.00851230364642608,0.0053512468529065,
0.9657756165705536,0.010289848074180383,0.008747826892373684,0.009324730618762548,0.00586197784412968,
0.006442005506473002,0.005834795389025102,0.004960401713188306,0.8711997690250514,0.11156302836626227,
0.7598504156597415,0.004071859083824828,0.0034616563955708482,0.2302963895457043,0.0023196793151584573,
0.8359873033814004,0.15176630260154203,0.004475931256942075,0.004771111014493223,0.0029993517456222145,
0.005542184497799561,0.5171807456039057,0.004267531508637623,0.47014983672197,0.002859701667687097,
0.0058128303857234165,0.981940775597219,0.004475931256942075,0.004771111014493223,0.0029993517456222145,
0.003355155714644164,0.0030389056751963573,0.7354398103040054,0.2564349076302045,0.001731220675949575,
0.004331995872127075,0.11310341998152898,0.8767736681264973,0.003555657373214829,0.0022352586466318418,
0.007223915063574906,0.9775568364216957,0.005562479048066294,0.005929314712542809,0.003727454754120355,
0.007690647907330235,0.0069657433392779225,0.9750629211709978,0.0063124041997461525,0.003968283382647858,
0.004179876580058808,0.003785890057298938,0.003218542257966988,0.9866589242140266,0.002156766890648669,
0.006810591409383506,0.9788409448726066,0.005244216146817272,0.0055900629353179765,0.0035141846358745688,
0.1319984306097063,0.012717379447536386,0.8365147064003972,0.01152457613270542,0.007244907409654491,
0.04392218786640692,0.004231680078944827,0.7886001108351259,0.16083529419154383,0.002410727027978534,
0.21543819171584694,0.35280743947110965,0.42076357243159734,0.0067484152865034475,0.004242381094942451,
0.004672058667467595,0.31823271367045947,0.5138492064425506,0.16083529419154383,0.002410727027978534,
0.006442005506473002,0.9799860626707642,0.004960401713188306,0.005287531441283272,0.0033239986682912785,
0.008221857197140546,0.007446881939932344,0.006330903394184562,0.006748415286503448,0.9712519421822391,
0.43204246684947667,0.006543003768205874,0.005562479048066294,0.005929314712542809,0.5499227356217083,
0.7961726540945353,0.06723136830904898,0.1269392081297525,0.005929314712542809,0.003727454754120355,
0.4941507556772981,0.24943388765985697,0.004475931256942075,0.004771111014493223,0.24716831439140954,
0.39312665613721537,0.010289848074180383,0.008747826892373684,0.009324730618762548,0.5785109382774679,
0.012559367284888451,0.011375547296460072,0.00967082485942034,0.010308598670824579,0.9560856618884066,
0.01136068251498981,0.010289848074180383,0.008747826892373684,0.009324730618762548,0.9602769118996936,
0.007690647907330236,0.3300127612290183,0.5874064997033094,0.07092180777769423,0.003968283382647858,
0.007690647907330235,0.0069657433392779225,0.0059218675017766904,0.8462346507130711,0.133187090538544,
0.02658395900126898,0.917409308501869,0.020469885603283125,0.02181983838910962,0.01371700850446927,
0.008831894821030079,0.00799941867890686,0.9713624053505865,0.00724912785395477,0.004557153295521738,
0.052102271402894106,0.005019789647865741,0.004267531508637623,0.9357507057729154,0.002859701667687097,
0.05809131098770934,0.6883072686140518,0.029926742464635194,0.1397487164527591,0.0839259614808446,
0.2499701196746336,0.7299317383413613,0.007345664510497525,0.007830098105383005,0.00492237936812465,
0.8397439743307777,0.012717379447536387,0.010811572059147291,0.011524576132705421,0.12520249802983308,
0.0896831822297972,0.008640519839597361,0.8889238204570977,0.007830098105383005,0.00492237936812465,
0.008831894821030079,0.5273788319715476,0.45198299205794573,0.007249127853954769,0.004557153295521738,
0.011360682514989812,0.010289848074180385,0.8677212675423812,0.10476622402431894,0.005861977844129682,
0.008831894821030079,0.08219647772071269,0.006800637807110843,0.00724912785395477,0.8949218617971916,
0.007223915063574906,0.006543003768205874,0.005562479048066294,0.005929314712542809,0.97474128740761,
0.22773906821547452,0.672126810515441,0.004077674623783562,0.004346590060086135,0.09170985658521481,
0.009539713507378991,0.008640519839597361,0.007345664510497525,0.3284039729950558,0.6460701291474703,
0.1212426273771095,0.006168639146935723,0.005244216146817272,0.0055900629353179765,0.8617544543938195,
0.0058128303857234165,0.005264925014069629,0.004475931256942075,0.004771111014493223,0.9796752023287716,
0.014040839989527786,0.012717379447536387,0.010811572059147291,0.011524576132705421,0.9509056323710832,
0.18277979067082412,0.1227032496572789,0.062479239479609004,0.002918397548976844,0.629119322643311,
0.012559367284888451,0.011375547296460072,0.00967082485942034,0.010308598670824579,0.9560856618884066,
0.007690647907330235,0.0069657433392779225,0.0059218675017766904,0.0063124041997461525,0.973109337051869,
0.11232195160372746,0.001979035502843671,0.0016824602139830051,0.13028653975669927,0.7537300129227466,
0.007223915063574906,0.006543003768205874,0.005562479048066294,0.005929314712542809,0.97474128740761,
0.01136068251498981,0.010289848074180383,0.008747826892373684,0.009324730618762548,0.9602769118996936,
0.007223915063574906,0.006543003768205874,0.005562479048066294,0.005929314712542809,0.97474128740761,
0.006442005506473002,0.43879091418090915,0.004960401713188306,0.005287531441283272,0.5445191471581463,
0.3852786094493715,0.005834795389025102,0.004960401713188306,0.059407046290268765,0.5445191471581463,
0.012559367284888448,0.01137554729646007,0.009670824859420338,0.8544020892279572,0.11199217133127375,
0.008221857197140546,0.007446881939932344,0.006330903394184562,0.006748415286503448,0.9712519421822391,
0.003263177251530056,0.0029555969118107072,0.002512675596545554,0.0026783821123108837,0.9885901681278028,
0.021730766601430272,0.019682469479201995,0.016732884157009482,0.017836388300630297,0.924017491461728,
0.021730766601430272,0.019682469479201995,0.016732884157009482,0.017836388300630297,0.924017491461728,
0.0058128303857234165,0.005264925014069629,0.004475931256942075,0.004771111014493223,0.9796752023287716,
0.005295619971700816,0.0047964657841198105,0.004077674623783562,0.004346590060086135,0.9814836495603096,
0.012559367284888451,0.011375547296460072,0.00967082485942034,0.010308598670824579,0.9560856618884066,
0.9782377477170646,0.006543003768205874,0.005562479048066294,0.005929314712542809,0.003727454754120355,
0.006810591409383506,0.006168639146935723,0.005244216146817272,0.06280608091918097,0.9189704723776825,
0.006111266716654887,0.00553523135359182,0.004705729894298503,0.9804944306719117,0.003153341363543088,
0.015918554301034272,0.014418104291014974,0.012257428831283846,0.01306578460417628,0.9443401279724907,
0.015918554301034272,0.014418104291014974,0.012257428831283846,0.9491921267851782,0.008213785791488765,
0.008831894821030079,0.00799941867890686,0.08099769684891667,0.1556432459375664,0.74652774371358,
0.24921939410677635,0.22572848938559698,0.19190115690600207,0.20455669912002575,0.12859426048159894,
0.3320151608583722,0.0035374527011654273,0.003007335350985706,0.003205663803506541,0.6582343872859701,
0.018376022719991506,0.016643936818664735,0.014149701438510421,0.015082849246257166,0.9357474897765762,
0.0830289538628359,0.00799941867890686,0.006800637807110843,0.30403736402117804,0.5981336256299683,
0.46817996649843296,0.00553523135359182,0.004705729894298503,0.05635703110835539,0.4652220411453213,
0.385004703036458,0.003425072783367222,0.0029117965189261095,0.003103824354287033,0.6055546033069615,
0.008221857197140546,0.007446881939932344,0.006330903394184562,0.3521089728176808,0.6258913846510618,
0.004672058667467595,0.08273193847682347,0.0035975268563393386,0.0038347773957865157,0.905163698603583,
0.14464103726309024,0.003785890057298938,0.003218542257966988,0.14389196011583802,0.7044625703058057,
0.0030935629674304858,0.0028019701193805332,0.002382071084552618,0.9901261539170637,0.001596241911572673,
0.06402660939324652,0.006168639146935725,0.7490524499370363,0.177238116886907,0.0035141846358745696,
0.006111266716654887,0.5189448977777897,0.056046696536718295,0.415743797605294,0.003153341363543088,
0.0034524697232357344,0.0031270470665762788,0.0026584324885567476,0.0028337514138019014,0.9879282993078293,
0.38685263574116524,0.019682469479201995,0.016732884157009482,0.017836388300630297,0.558895622321993,
0.012559367284888451,0.011375547296460072,0.00967082485942034,0.010308598670824579,0.9560856618884066,
0.004179876580058808,0.003785890057298938,0.003218542257966988,0.0034307994328065957,0.9853848916718686,
0.0942729992692103,0.04928515543287455,0.004077674623783562,0.004346590060086135,0.8480175806140454,
0.08106095687165711,0.0028019701193805332,0.002382071084552618,0.02852829576493537,0.8852267061594743,
0.3679136118500635,0.012717379447536387,0.010811572059147291,0.011524576132705421,0.5970328605105473,
0.007223915063574906,0.06723136830904898,0.005562479048066294,0.9162547828251895,0.003727454754120355,
0.16982665095221539,0.008640519839597361,0.8087803517346794,0.007830098105383005,0.00492237936812465,
0.48856814954277167,0.010289848074180381,0.4859552939201555,0.009324730618762546,0.005861977844129679,
0.018376022719991506,0.9429096161577356,0.014149701438510421,0.015082849246257166,0.009481810437505256,
0.006810591409383506,0.006168639146935723,0.005244216146817272,0.0055900629353179765,0.9761864903615455,
0.9657756165705536,0.010289848074180383,0.008747826892373684,0.009324730618762548,0.00586197784412968,
0.006810591409383506,0.9216249268887436,0.06246023413068027,0.0055900629353179765,0.0035141846358745688,
0.005542184497799561,0.005019789647865741,0.004267531508637623,0.98231079267801,0.002859701667687097,
0.9621645441616626,0.011375547296460072,0.00967082485942034,0.010308598670824579,0.006480485011632181,
0.026344057582722367,0.23795618499065174,0.002157758054927848,0.7320960711352801,0.0014459282364179503,
0.5508478926901782,0.014418104291014974,0.012257428831283846,0.41426278839603425,0.008213785791488765,
0.021730766601430272,0.019682469479201995,0.016732884157009482,0.9306410611499677,0.011212818612390539,
0.9446417020590625,0.016643936818664735,0.014149701438510421,0.015082849246257166,0.009481810437505256,
0.29881558556066823,0.6889380204222743,0.004475931256942075,0.004771111014493223,0.0029993517456222145,
0.018376022719991506,0.3253991632650217,0.014149701438510421,0.6325933021389711,0.009481810437505256,
0.004495605568092493,0.004071859083824828,0.15453261841390067,0.8345802376190236,0.0023196793151584573,
0.014040839989527786,0.2486325606878935,0.010811572059147291,0.7192701198537769,0.007244907409654492,
0.35887508233328463,0.009393334227454588,0.0079856632645693,0.6183946733217849,0.0053512468529065,
0.2663932457014489,0.23321415575039692,0.003007335350985706,0.3641261971665846,0.13325906603058382,
0.0037815101060825786,0.003425072783367222,0.8606639806122709,0.003103824354287033,0.12902561214399225,
0.006810591409383506,0.006168639146935723,0.005244216146817272,0.9782623686609889,0.0035141846358745688,
0.007690647907330235,0.0069657433392779225,0.9750629211709978,0.0063124041997461525,0.003968283382647858,
0.9712613381763974,0.008640519839597361,0.007345664510497525,0.007830098105383005,0.00492237936812465,
0.006442005506473002,0.005834795389025102,0.004960401713188306,0.005287531441283272,0.9774752659500302,
0.01136068251498981,0.010289848074180383,0.10418932029793006,0.009324730618762548,0.8648354184941373,
0.0640266093932465,0.006168639146935723,0.06246023413068027,0.8638303326932629,0.0035141846358745688,
0.014040839989527784,0.24863256068789344,0.7185571157802185,0.01152457613270542,0.007244907409654491,
0.01136068251498981,0.9647047821297443,0.008747826892373684,0.009324730618762548,0.00586197784412968,
0.008831894821030079,0.00799941867890686,0.006800637807110843,0.00724912785395477,0.9691189208389974,
0.012559367284888451,0.011375547296460072,0.9592760017361945,0.010308598670824579,0.006480485011632181,
0.00507005966094439,0.004592166321813199,0.98356023069107,0.004161452491695075,0.002616090834477326,
0.15761722856584662,0.1572717661017642,0.37230730773221915,0.3109125618342164,0.0018911357659536288,
0.014040839989527786,0.012717379447536387,0.9544722970205758,0.011524576132705421,0.007244907409654492,
0.007690647907330235,0.0069657433392779225,0.9750629211709978,0.0063124041997461525,0.003968283382647858,
0.20648270679026234,0.5832134386866523,0.0026584324885567476,0.2058639884808285,0.0017814335537000578,
0.003905585073755778,0.39726894364270515,0.5936045717632953,0.003205663803506541,0.002015235716737261,
0.00507005966094439,0.9842484058407482,0.003903991172134971,0.004161452491695075,0.002616090834477326,
0.007223915063574906,0.9775568364216957,0.005562479048066294,0.005929314712542809,0.003727454754120355,
0.009539713507378991,0.4895013321741066,0.08748913323291573,0.408547441717474,0.00492237936812465,
0.0037815101060825786,0.9882516545201705,0.0029117965189261095,0.003103824354287033,0.0019512145005337682,
0.014040839989527786,0.956378104408965,0.010811572059147291,0.011524576132705421,0.007244907409654492,
0.006442005506473002,0.05995431023801061,0.9249921541459418,0.005287531441283272,0.0033239986682912785,
0.9657756165705536,0.010289848074180383,0.008747826892373684,0.009324730618762548,0.00586197784412968,
0.008831894821030079,0.00799941867890686,0.006800637807110842,0.9718108953974304,0.004557153295521738,
0.721786383710599,0.012717379447536386,0.2467267532995044,0.01152457613270542,0.007244907409654491,
0.43939812429835695,0.27643236963395257,0.11319943141115932,0.16764607598823977,0.0033239986682912785,
0.006111266716654887,0.00553523135359182,0.004705729894298503,0.415743797605294,0.5679039744301608,
0.18462297671175357,0.009393334227454588,0.7921201385614591,0.00851230364642608,0.0053512468529065,
0.04804320238021339,0.04351474947365348,0.036993694456548154,0.039433363239143676,0.8320149904504414,
0.3798171900300592,0.00799941867890686,0.6003771101415574,0.00724912785395477,0.004557153295521738,
0.007223915063574906,0.006543003768205874,0.9765763117015561,0.005929314712542809,0.003727454754120355,
0.007690647907330235,0.071575146917226,0.9104535175930497,0.0063124041997461525,0.003968283382647858,
0.018376022719991506,0.7885320029345572,0.1685273146616889,0.015082849246257166,0.009481810437505256,
0.01136068251498981,0.9647047821297443,0.008747826892373684,0.009324730618762548,0.00586197784412968,
0.9853502854522229,0.004404559612812133,0.003744498922846347,0.003991442010384169,0.0025092140017343965,
0.724884799710532,0.00553523135359182,0.004705729894298503,0.0050160644659356015,0.25985817457564203,
0.9687574520086434,0.009393334227454588,0.0079856632645693,0.00851230364642608,0.0053512468529065,
0.009539713507378993,0.8100752070637796,0.007345664510497526,0.16811703555021942,0.00492237936812465,
0.3271312491663485,0.016643936818664735,0.014149701438510421,0.6325933021389711,0.009481810437505256,
0.3654980332135934,0.00553523135359182,0.004705729894298503,0.6211076641749732,0.003153341363543088,
0.006810591409383506,0.006168639146935723,0.29132430606613224,0.17723811688690697,0.5184583464906416,
0.9122222979986033,0.006965743339277923,0.005921867501776691,0.07092180777769423,0.003968283382647858,
0.6965822828780639,0.02407820999947583,0.020469885603283125,0.24515261301470792,0.01371700850446927,
0.9466751594420114,0.004231680078944827,0.0035975268563393386,0.0038347773957865157,0.04166085622691786,
0.6766054261972824,0.00799941867890686,0.006800637807110843,0.00724912785395477,0.30134538946274503,
0.9657756165705536,0.010289848074180383,0.008747826892373684,0.009324730618762548,0.00586197784412968,
0.5508478926901782,0.4156151080828729,0.012257428831283846,0.01306578460417628,0.008213785791488765,
0.9446417020590625,0.016643936818664735,0.014149701438510421,0.015082849246257166,0.009481810437505256,
0.04804320238021339,0.4471273825265419,0.4406063275094365,0.039433363239143676,0.024789724344664678,
0.02658395900126898,0.02407820999947583,0.9138009841056765,0.02181983838910962,0.01371700850446927,
0.114681035204444,0.005834795389025102,0.059079916562173804,0.8170802541760658,0.0033239986682912785,
0.8359873033814004,0.005264925014069629,0.1509773088444145,0.004771111014493223,0.0029993517456222145,
0.052102271402894106,0.005019789647865741,0.9354692696105286,0.004548967671024565,0.002859701667687097,
0.04804320238021339,0.04351474947365348,0.036993694456548154,0.8466586293449204,0.024789724344664678,
0.0034524697232357344,0.0031270470665762788,0.0026584324885567476,0.9889806171679312,0.0017814335537000578,
0.32146750421472875,0.003425072783367222,0.0029117965189261095,0.6702444119824441,0.0019512145005337682,
0.02658395900126898,0.4707437592506724,0.020469885603283125,0.46848538764030623,0.01371700850446927,
0.008831894821030079,0.00799941867890686,0.006800637807110842,0.9718108953974304,0.004557153295521738,
0.6038287930904206,0.3665901513080721,0.010811572059147291,0.011524576132705421,0.007244907409654492,
0.034228248769547165,0.8936601303623735,0.026356056924399473,0.028094192308155023,0.01766137163552488,
0.008221857197140546,0.9053843315209935,0.006330903394184562,0.006748415286503448,0.07331449260117792,
0.3423598119067489,0.03411004387449597,0.6186307521867557,0.0030082562660458004,0.0018911357659536288,
0.12860064414526112,0.8561801073400094,0.005562479048066294,0.005929314712542809,0.003727454754120355,
0.6038287930904206,0.3665901513080721,0.010811572059147291,0.011524576132705421,0.007244907409654492,
0.862789365929393,0.04525819945375542,0.003744498922846347,0.08569872169227073,0.0025092140017343965,
0.1023384578091407,0.594134689113475,0.003007335350985706,0.29850428200966134,0.002015235716737261,
0.2499701196746336,0.7299317383413613,0.007345664510497525,0.007830098105383005,0.00492237936812465,
0.42556335862915307,0.4602846622771511,0.003218542257966988,0.0034307994328065957,0.10750263740292224,
0.9657756165705536,0.010289848074180383,0.008747826892373684,0.009324730618762548,0.00586197784412968,
0.039295166750816665,0.038901180228056796,0.003218542257966988,0.9164283438725109,0.002156766890648669,
0.15231420797319586,0.00526492501406963,0.5904814416068318,0.24894007366028062,0.002999351745622215,
0.0058128303857234165,0.005264925014069629,0.05330972378609954,0.9326131690684852,0.0029993517456222145,
0.14464103726309024,0.6358611131309404,0.21391028328251413,0.0034307994328065957,0.002156766890648669,
0.6358864756127055,0.016643936818664735,0.3229049278848674,0.015082849246257166,0.009481810437505256,
0.008221857197140548,0.8363122200147581,0.006330903394184562,0.07582052679273893,0.07331449260117794,
0.3301135883970518,0.24907092600685196,0.007345664510497525,0.408547441717474,0.00492237936812465,
0.009539713507378991,0.008640519839597361,0.08748913323291573,0.007830098105383005,0.886500535314725,
0.015918554301034272,0.014418104291014974,0.41345443262314185,0.5479951229933202,0.008213785791488765,
0.5587888037368641,0.17496716449901928,0.003903991172134971,0.13194270112459963,0.13039733946738188,
0.004862929269584073,0.04525819945375542,0.9025245754235987,0.04484508185132745,0.0025092140017343965,
0.9768317015765513,0.0069657433392779225,0.0059218675017766904,0.0063124041997461525,0.003968283382647858,
0.03796211603089578,0.9535305141475556,0.003109356308934477,0.003314412863363881,0.0020836006492502665,
0.15231420797319584,0.8354393980097466,0.004475931256942075,0.004771111014493223,0.0029993517456222145,
0.975231418284437,0.007446881939932344,0.006330903394184562,0.006748415286503448,0.004242381094942452,
0.28451030322208243,0.007446881939932344,0.006330903394184562,0.42118108432391627,0.2805308271198843,
0.5541738674526181,0.39673297206833813,0.0035975268563393386,0.04308490659472584,0.002410727027978534,
0.005542184497799561,0.09813996345805481,0.004267531508637623,0.8891906188678209,0.002859701667687097,
0.37802287973855586,0.051579876552960285,0.5629885743697721,0.004548967671024565,0.002859701667687097,
0.16982665095221536,0.00864051983959736,0.0073456645104975245,0.7291213166071467,0.08506584809054284,
0.3679136118500635,0.13067497006771497,0.24672675329950444,0.24743975737306256,0.007244907409654492,
0.01136068251498981,0.9647047821297443,0.008747826892373684,0.009324730618762548,0.00586197784412968,
0.6794511363538845,0.2966143282908495,0.008747826892373684,0.009324730618762548,0.00586197784412968,
0.8703341231649974,0.010289848074180385,0.008747826892373686,0.10476622402431894,0.005861977844129682,
0.015918554301034272,0.014418104291014974,0.27972209802585585,0.6817274575906062,0.008213785791488765,
0.005295619971700816,0.9835476380567242,0.004077674623783562,0.004346590060086135,0.0027324772877053397,
0.6017566688453135,0.059954310238010615,0.004960401713188307,0.33000462053519636,0.003323998668291279,
0.005812830385723417,0.6401042278931169,0.004475931256942076,0.34660765871859556,0.002999351745622215,
0.9264737579392265,0.05995431023801061,0.004960401713188306,0.005287531441283272,0.0033239986682912785,
0.9833040095047849,0.005019789647865741,0.004267531508637623,0.004548967671024565,0.002859701667687097,
0.9712613381763974,0.008640519839597361,0.007345664510497525,0.007830098105383005,0.00492237936812465,
0.481508862389527,0.17102155004184325,0.3229049278848674,0.015082849246257166,0.009481810437505256,
0.007223915063574906,0.9775568364216957,0.005562479048066294,0.005929314712542809,0.003727454754120355,
0.7344592965559689,0.03519367219423185,0.0029117965189261095,0.16194682140861014,0.065488413322263,
0.012559367284888451,0.011375547296460072,0.43171757013798673,0.22133197131010776,0.32301554397055693,
0.021730766601430272,0.019682469479201995,0.016732884157009482,0.017836388300630297,0.924017491461728,
0.8219357260884498,0.004404559612812133,0.04459813876378963,0.003991442010384169,0.12507013352456425,
0.9637492968352416,0.0028767339353454446,0.029128219507313317,0.002606915944294505,0.0016388337778052372,
0.9889588535999072,0.0033196133176789096,0.0028221410504145335,0.0030082562660458004,0.0018911357659536288,
0.8060920336492862,0.18275122437913877,0.004077674623783562,0.004346590060086135,0.0027324772877053397,
0.222920064902415,0.005834795389025102,0.004960401713188306,0.7629607393270803,0.0033239986682912785,
0.008221857197140546,0.007446881939932343,0.1444751264066555,0.835613753361329,0.004242381094942451,
0.012559367284888451,0.3279106062553848,0.00967082485942034,0.11582028499046616,0.5340389166098402,
0.9061593067782017,0.007446881939932344,0.07540301490042003,0.006748415286503448,0.004242381094942452,
0.7896746426462541,0.1219820676757628,0.082097785254218,0.0038347773957865157,0.002410727027978534,
0.008221857197140546,0.007446881939932344,0.9733404644814811,0.006748415286503448,0.004242381094942452,
0.790264088835884,0.016643936818664735,0.1685273146616889,0.015082849246257166,0.009481810437505256,
0.4346061125634548,0.011375547296460072,0.11518251117906193,0.43235534394939096,0.006480485011632181,
0.9712613381763974,0.008640519839597361,0.007345664510497525,0.007830098105383005,0.00492237936812465,
0.9621645441616626,0.011375547296460072,0.00967082485942034,0.010308598670824579,0.006480485011632181,
0.18928900868610427,0.4313615555541077,0.005562479048066296,0.3700595019576015,0.0037274547541203554,
0.004862929269584073,0.33123367834035844,0.003744498922846347,0.6576496794654768,0.0025092140017343965,
0.0072239150635749075,0.006543003768205875,0.85519958261987,0.12730604379422905,0.0037274547541203554,
0.006810591409383506,0.9788409448726066,0.005244216146817272,0.0055900629353179765,0.0035141846358745688,
0.006442005506473002,0.9258665478217787,0.004960401713188306,0.005287531441283272,0.05744351351727678,
0.06791227960441801,0.006543003768205874,0.9158879471607129,0.005929314712542809,0.003727454754120355,
0.0344555063385784,0.0033196133176789096,0.0028221410504145335,0.9575116035273745,0.0018911357659536288,
0.018376022719991506,0.016643936818664735,0.014149701438510421,0.9413485285853281,0.009481810437505256,
0.014040839989527786,0.8384205137887863,0.12876916267932587,0.011524576132705421,0.007244907409654492,
0.0058128303857234165,0.9331069830680616,0.05330972378609954,0.004771111014493223,0.0029993517456222145,
0.015918554301034272,0.9505444464720169,0.012257428831283846,0.01306578460417628,0.008213785791488765,
0.005542184497799561,0.005019789647865741,0.004267531508637623,0.9357507057729154,0.04941978857278164,
0.08055704235679075,0.7497264484581103,0.06202964131503609,0.06612038655513752,0.0415664813149254,
0.1862982443422282,0.8045751641679132,0.0033356754700119362,0.003555657373214829,0.0022352586466318418,
0.1463660802096115,0.6290958854960517,0.006330903394184562,0.21396474980520988,0.004242381094942452,
0.006111266716654887,0.05687619799601162,0.8261611961730152,0.10769799775077518,0.003153341363543088,
0.06402660939324652,0.8071928909210179,0.005244216146817273,0.12002209890304398,0.0035141846358745696,
0.006442005506473002,0.9799860626707642,0.004960401713188306,0.005287531441283272,0.0033239986682912785,
0.007223915063574906,0.006543003768205874,0.9765763117015561,0.005929314712542809,0.003727454754120355,
0.0960363674522125,0.0033196133176789096,0.0028221410504145335,0.8959307424137404,0.0018911357659536288,
0.018376022719991506,0.016643936818664735,0.014149701438510421,0.7869709153621496,0.16385942366068376,
0.014040839989527786,0.956378104408965,0.010811572059147291,0.011524576132705421,0.007244907409654492,
0.0058128303857234165,0.981940775597219,0.004475931256942075,0.004771111014493223,0.0029993517456222145,
0.015918554301034272,0.9505444464720169,0.012257428831283846,0.01306578460417628,0.008213785791488765,
0.005542184497799561,0.005019789647865741,0.004267531508637623,0.98231079267801,0.002859701667687097,
0.08055704235679075,0.7497264484581103,0.06202964131503609,0.06612038655513752,0.0415664813149254,
0.004672058667467595,0.9069846516545493,0.0035975268563393386,0.0038347773957865157,0.08091098542585717,
0.31415706657117365,0.6729677977050492,0.004705729894298503,0.0050160644659356015,0.003153341363543088,
0.002869811262311091,0.00259930878728367,0.19508486312760173,0.7979652281453359,0.0014807886774676352,
0.7945053463871123,0.18364543984898565,0.0079856632645693,0.00851230364642608,0.0053512468529065,
0.004862929269584073,0.984891915795451,0.003744498922846347,0.003991442010384169,0.0025092140017343965,
0.015918554301034272,0.9505444464720169,0.012257428831283846,0.01306578460417628,0.008213785791488765,
0.004038078289201268,0.9535305141475556,0.003109356308934477,0.003314412863363881,0.03600763839094478,
0.054646622914880885,0.9331069830680616,0.004475931256942075,0.004771111014493223,0.0029993517456222145,
0.008221857197140546,0.5600237739898162,0.2826193494191265,0.006748415286503448,0.14238660410741338,
0.4133993276790169,0.5355018775450748,0.003744498922846347,0.04484508185132745,0.0025092140017343965,
0.07729396870337603,0.1455911049524033,0.6279799069503038,0.1448926382989744,0.004242381094942452,
0.015918554301034272,0.014418104291014974,0.9483837710122858,0.01306578460417628,0.008213785791488765,
0.7321969897525314,0.003923670899468327,0.0033356754700119362,0.2583084052313564,0.0022352586466318418,
0.5438477000907811,0.28934246748114884,0.1299861941623846,0.003103824354287033,0.03371981391139839,
0.018376022719991506,0.9429096161577356,0.014149701438510421,0.015082849246257166,0.009481810437505256,
0.3579232214579215,0.004231680078944827,0.0035975268563393386,0.6318368445788157,0.002410727027978534,
0.8370871952719663,0.0074468819399323444,0.006330903394184562,0.1448926382989744,0.004242381094942452,
0.011360682514989812,0.869263288724188,0.008747826892373686,0.10476622402431894,0.005861977844129682,
0.847612894420655,0.006965743339277922,0.13514067465767282,0.0063124041997461525,0.003968283382647857,
0.7519745048809002,0.019682469479201995,0.19929381872687696,0.017836388300630297,0.011212818612390539,
0.28338322349560624,0.014418104291014974,0.6809191018177138,0.01306578460417628,0.008213785791488765,
0.14965088889832026,0.014418104291014974,0.012257428831283846,0.8154597921878922,0.008213785791488765,
0.16982665095221536,0.00864051983959736,0.08748913323291571,0.7291213166071467,0.004922379368124649,
0.8568610186353783,0.12791973284989208,0.005562479048066294,0.005929314712542809,0.003727454754120355,
0.8848210959105578,0.005264925014069629,0.10214351631525703,0.004771111014493223,0.0029993517456222145,
0.24921939410677635,0.22572848938559698,0.19190115690600207,0.20455669912002575,0.12859426048159894,
