0.0021699260885473574,0.0015265171672990026,0.003799924639777586,7.298149337861543E-4,0.9917738171705899,
0.0018485816631843646,0.0013004551901093424,0.0032371936756969374,6.217366163924768E-4,0.9929920328546168,
0.00453484019220924,0.0031902060816270217,0.007941307805265157,0.0015252105184944634,0.982808435402404,
0.002051077780179725,0.00144290879741711,0.003591800216671369,6.898424799962718E-4,0.9922243707257354,
0.0019445722526653625,0.0013679834269074854,0.0034052901874079902,6.540212946936933E-4,0.9926281328383254,
0.008794959382225133,0.006187149209147402,0.015401530512374854,0.002958023654846006,0.9666583372414066,
0.0030550360210138414,0.002149181466321951,0.9843066802340106,0.001027505463507806,0.009461596815145749,
0.0021699260885473574,0.0015265171672990026,0.003799924639777586,7.298149337861543E-4,0.9917738171705899,
0.0021699260885473574,0.0015265171672990026,0.003799924639777586,7.298149337861543E-4,0.9917738171705899,
0.0021699260885473574,0.0015265171672990026,0.003799924639777586,7.298149337861543E-4,0.9917738171705899,
0.6488492270374097,0.0010032982491140893,0.0024974876270799145,4.7966839871217877E-4,0.3471703186876842,
0.9023456579900503,0.011667481408279449,0.029043597436846813,0.005578124081304078,0.05136513908351935,
0.0036506788114946983,0.0025682090774677337,0.981246941261041,0.0012278390167976326,0.011306331833198967,
0.0014826410585091032,0.9116475205443683,0.04218786691773467,0.04009015919936836,0.004591812280019757,
0.35957492435047783,7.265869793548694E-4,0.0018086765251892761,3.473750833513488E-4,0.6375424370616266,
0.0028246054669679964,0.00198707631514757,0.00494638410415513,9.500043631565693E-4,0.9892919297505727,
0.0036506788114946983,0.0025682090774677337,0.006392984738479909,0.0012278390167976326,0.98616028835576,
0.0023033947312054103,0.001620410768278752,0.9881677630589425,7.747046694864258E-4,0.007133726772087008,
0.0030550360210138414,0.002149181466321951,0.9843066802340106,0.001027505463507806,0.009461596815145749,
0.0021699260885473574,0.0015265171672990026,0.5832431301393661,7.298149337861543E-4,0.4123306116710013,
0.027845025255721582,7.070854490174399E-4,0.9143171281646142,3.380515668021556E-4,0.05679270956384458,
0.7563398710728814,4.855427378085412E-4,0.24080488985731666,2.3213387221257496E-4,0.002137562459780793,
0.14517905430212477,0.10213173614258378,0.25423421955886233,0.04882831837538383,0.44962667162104536,
0.04880285381716732,0.8950226827106398,0.05012614381024074,5.924893601567122E-4,0.0054558303017956675,
0.0021699260885473574,0.754802684316764,0.003799924639777586,0.23250709713362155,0.006720367821289374,
0.8835979783194796,0.02830674771456549,0.08454915873082114,3.473750833513488E-4,0.0031987401517823088,
0.001944572252665363,0.9879736803574125,0.0034052901874079907,6.540212946936935E-4,0.006022435907820686,
0.002051077780179725,0.00144290879741711,0.003591800216671369,6.898424799962718E-4,0.9922243707257354,
0.005984146284068143,0.004209775661241004,0.1702761201705741,0.002012658102561238,0.8175172997815555,
0.0010621284665691814,7.47194730111857E-4,0.001859974932799345,0.8795916365934757,0.11673906527704393,
0.0016101364967619754,0.0011327118545531917,0.0028196339864953257,0.9464547889656614,0.0479827286965282,
0.0010328347927397604,7.265869793548696E-4,0.8016333378462974,3.473750833513489E-4,0.19625986529825667,
0.0071222609397410055,0.005010425770665825,0.5830372630254905,0.0023954421413609145,0.4024346081227418,
0.001682476345221243,0.0011836020766375786,0.9913573394543782,5.658701321510999E-4,0.00521071199161198,
0.0036506788114946983,0.8799367699477726,0.103878380390736,0.0012278390167976326,0.011306331833198967,
0.6521368738962308,0.002845614979631054,0.3311294579119076,0.0013604644300299206,0.012527588782200555,
0.005159650532159538,0.0036297527165442315,0.009035461296711659,0.0017353540433299082,0.9804397814112547,
0.0028246054669679964,0.00198707631514757,0.00494638410415513,9.500043631565693E-4,0.9892919297505727,
0.0026264980177383435,0.001847710083359772,0.004599462897195865,8.833745476503314E-4,0.9900429544540557,
7.924269143763012E-4,5.574628993169971E-4,0.8054852462788634,2.6651829253459164E-4,0.1928983456149086,
0.016585186749169277,0.011667481408279449,0.9148040686777279,0.005578124081304078,0.05136513908351935,
0.00230339473120541,0.0016204107682787517,0.4961007074574227,0.4928417602710062,0.007133726772087006,
0.0011609067744966057,0.12481713668985747,0.8700361214063974,3.9044975090756303E-4,0.0035953853783409918,
0.0026264980177383435,0.001847710083359772,0.004599462897195865,8.833745476503314E-4,0.9900429544540557,
0.0036506788114946983,0.0025682090774677337,0.006392984738479909,0.0012278390167976326,0.98616028835576,
0.6029259168840001,9.322882598122409E-4,0.0023207240676527546,4.4571912401638155E-4,0.3933753516645186,
0.004045008018604951,0.002845614979631054,0.007083524973094681,0.0013604644300299206,0.9846653875986393,
0.9942365357984622,6.886033947356288E-4,0.001714124847557564,3.2921545312399866E-4,0.0030315205061205264,
0.969619740474459,0.0036297527165442315,0.009035461296711659,0.0017353540433299082,0.01597969146895521,
0.0013252367286458095,9.322882598122409E-4,0.7100862301327754,4.4571912401638155E-4,0.2872105257547502,
0.003326403090152313,0.0023400849684577342,0.9829127031546385,0.0011187748116392063,0.010302033975112174,
9.788415767003548E-4,6.886033947356288E-4,0.9949718190693194,3.2921545312399866E-4,0.0030315205061205264,
0.0021699260885473574,0.0015265171672990026,0.003799924639777586,7.298149337861543E-4,0.9917738171705899,
0.002051077780179725,0.00144290879741711,0.003591800216671369,6.898424799962718E-4,0.9922243707257354,
0.0019445722526653625,0.0013679834269074854,0.0034052901874079902,6.540212946936933E-4,0.9926281328383254,
0.008794959382225133,0.006187149209147402,0.015401530512374854,0.47266798138772126,0.49694837950853143,
0.0030550360210138414,0.002149181466321951,0.9843066802340106,0.001027505463507806,0.009461596815145749,
0.0019445722526653625,0.0013679834269074854,0.0034052901874079902,6.540212946936933E-4,0.9926281328383254,
0.0018485816631843646,0.0013004551901093424,0.0032371936756969374,6.217366163924768E-4,0.9929920328546168,
