0.9552509748237145,0.016646371582043462,0.010215639637200635,0.00650745417754819,0.011379559779493295,
0.006100360062539896,0.17188712692510344,0.006934638894985839,0.004417427243873469,0.8106604468734974,
0.371140319497799,0.5782514714763256,0.003531733227311879,0.0022497457780680193,0.04482673002049551,
0.0039053426907770424,0.7268693998943201,0.0044394332537865695,0.2598405835405907,0.004945240620525475,
0.002984788652033525,0.7126786172654369,0.003392985211939475,0.12001965408792971,0.16092395478266033,
0.0027673517514322744,0.6607611625547303,0.0031458118692750405,0.0020039104077191412,0.33132176341684316,
0.0039053426907770424,0.007234050747747622,0.05584195819282746,0.10563300872346802,0.8273856396451797,
0.49468716692389064,0.004945944450891208,0.4950523264103945,0.0019334848270233236,0.0033810773878003592,
0.008036102052376811,0.12065765888708559,0.009135110925450116,0.8519952072372995,0.010175920897788057,
0.9783250190331506,0.008062964182717035,0.004948125547500354,0.00315200040415068,0.005511890832481252,
0.007267413172225991,0.9700062206872822,0.008261296961718673,0.0052625203447597396,0.009202548834013616,
0.0033835704911188273,0.0062675474547061565,0.0038463040363341675,0.002450130208021125,0.9840524478098197,
0.007267413172225991,0.013461772718919062,0.7734968553364091,0.0052625203447597396,0.20051143842768623,
0.8975552914887925,0.08478580127337625,0.006419217036692912,0.004089098892045754,0.007150591309092607,
0.010192201218732466,0.01887949577938208,0.011586075948362431,0.4098328582941511,0.5495093687593718,
0.003541281109665565,0.9853845651030911,0.004025582993365293,0.002564332513438231,0.004484238280439671,
0.008036102052376811,0.8610617109946131,0.11490711836938261,0.005819147685839513,0.010175920897788057,
0.06539177460457779,0.920168946494269,0.005248844895751667,0.003343561329217123,0.005846872676184366,
0.8458534068921377,0.057341617093803365,0.0351897284977421,0.022416173029980672,0.03919907448633609,
0.8837250905854389,0.10465934598379373,0.004222391661123282,0.0026897014019917798,0.004703470367652194,
0.005256270591643573,0.9783065285545892,0.005975112634942664,0.0038062004004120837,0.006655887818412515,
0.002028490805160886,0.11055429354486641,0.8566804987089307,0.001468882238884391,0.02926783470215754,
0.00411696509156961,0.9830086250130071,0.004679996911757836,0.002981200055592077,0.005213212928073293,
0.010192201218732466,0.6896335355809158,0.011586075948362431,0.2756820503338444,0.012906136918144928,
0.011771335369295146,0.021804600562030187,0.9429943819509532,0.008523925968960896,0.014905756148760455,
0.06919411366955125,0.2056209171518959,0.7217832253115881,0.0012375845622524264,0.002164159304712252,
0.008036102052376811,0.014885651443153096,0.009135110925450116,0.6404511923494345,0.3274919432295856,
0.002579443567634984,0.17453254200968285,0.34244123924151504,0.0018678412704972091,0.4785789339106698,
0.2609179673859815,0.7268693998943201,0.0044394332537865695,0.002827958845386235,0.004945240620525475,
0.05224220644032448,0.09677070682071694,0.05938679570171429,0.72544725355741,0.06615303747983418,
0.5368961392720393,0.014885651443153092,0.43222314070118006,0.005819147685839512,0.010175920897788054,
0.004352836237259642,0.9820351469786079,0.004948125547500354,0.00315200040415068,0.005511890832481252,
0.00461737723642137,0.008552985971922692,0.005248844895751667,0.9757339192197197,0.005846872676184366,
0.7287424982112412,0.2521806978305147,0.006934638894985839,0.004417427243873469,0.007724737819384852,
0.9794995411871655,0.007626048917411197,0.004679996911757836,0.002981200055592077,0.005213212928073293,
0.9638118611405889,0.013461772718919062,0.008261296961718673,0.0052625203447597396,0.009202548834013616,
0.004352836237259642,0.008062964182717035,0.9789203083433913,0.00315200040415068,0.005511890832481252,
0.008986636651136765,0.016646371582043462,0.010215639637200635,0.00650745417754819,0.9576438979520709,
0.006632942719064644,0.01228651312724354,0.00754005699602719,0.9651413528523957,0.008399134305269043,
0.971880986899639,0.0104601058625298,0.006419217036692912,0.004089098892045754,0.007150591309092607,
0.008036102052376811,0.014885651443153096,0.9610831779208426,0.005819147685839513,0.010175920897788057,
0.003239308207161589,0.006000323611431855,0.984312844668221,0.0023456661867366523,0.004101857326448789,
0.004116965091569611,0.22437773249421034,0.004679996911757837,0.0029812000555920776,0.7638441054468702,
0.002205115287437526,0.9908991356727495,0.0025066845372116327,0.001596780558318839,0.002792283944282503,
0.008986636651136765,0.016646371582043462,0.2467817241803451,0.7162057078069816,0.011379559779493295,
0.037814172243607114,0.040090020964759165,0.0030352552162430046,0.0019334848270233234,0.9171270667483673,
0.005256270591643573,0.009736438314015768,0.9745452028755162,0.0038062004004120837,0.006655887818412515,
0.9783250190331506,0.008062964182717035,0.004948125547500354,0.00315200040415068,0.005511890832481252,
0.0029847886520335256,0.005528865016405406,0.0033929852119394754,0.5914528222539508,0.39664053886567086,
0.004916153502931377,0.00910642336405227,0.65265769678725,0.3270945205381302,0.0062252058076362055,
0.004916153502931377,0.00910642336405227,0.9761923044356038,0.0035599128897764176,0.0062252058076362055,
0.005256270591643573,0.7707557949316093,0.2135258462579227,0.0038062004004120837,0.006655887818412515,
0.0031068444453563023,0.782714513172127,0.20799477492311338,0.002249745778068019,0.003934121681335204,
0.0023410057841489933,0.9903382938061226,0.002661159275471908,0.0016951823536559495,0.0029643587806004452,
0.6721381668983086,0.007234050747747622,0.05584195819282746,0.2598405835405907,0.004945240620525475,
0.003239308207161589,0.9866308556856522,0.0036823125940007068,0.0023456661867366523,0.004101857326448789,
0.008986636651136765,0.016646371582043462,0.010215639637200635,0.7162057078069816,0.24794564432263774,
0.0028719605310340945,0.005319868158073239,0.003264726835661754,0.002079660309073167,0.9864637841661577,
0.006100360062539896,0.011299985114280944,0.970457489759921,0.004417427243873469,0.007724737819384852,
0.6345701309875421,0.008062964182717037,0.2914105322521742,0.0031520004041506807,0.06280437217341603,
0.017056719207076756,0.4805995759620751,0.468393987449126,0.012351208017887052,0.02159850936383513,
0.00461737723642137,0.008552985971922692,0.005248844895751667,0.003343561329217123,0.9782372305666871,
0.006100360062539896,0.011299985114280944,0.006934638894985839,0.9679402781088086,0.007724737819384852,
0.008036102052376811,0.014885651443153096,0.009135110925450116,0.005819147685839513,0.9621239878931805,
0.005256270591643573,0.07892001618834243,0.005975112634942664,0.0038062004004120837,0.9060424001846593,
0.010192201218732466,0.01887949577938208,0.011586075948362431,0.2756820503338444,0.6836601767196786,
0.49081255618167274,0.008552985971922694,0.005248844895751668,0.0033435613292171237,0.4920420516214357,
0.09393642170469793,0.01228651312724354,0.531360930909827,0.3540169999529627,0.008399134305269043,
0.004352836237259643,0.4664028149101952,0.5205804576159133,0.0031520004041506807,0.005511890832481253,
0.007267413172225989,0.49173399670310053,0.10391574175855495,0.005262520344759739,0.39182032802135874,
0.0037144125091419862,0.9357805419447408,0.053111873776473105,0.0026897014019917798,0.004703470367652194,
0.0026700957297391523,0.004945944450891207,0.3193319438410546,0.0019334848270233234,0.6711185311512916,
0.014451492220352257,0.2839424204118003,0.3772296172063232,7.3892245362109E-4,0.32363754770790304,
0.04374684312140032,0.255840547116366,0.25469486964157134,0.0011593460485402752,0.44455839407212205,
0.0039053426907770424,0.007234050747747622,0.9296848821565227,0.002827958845386235,0.056347765559566367,
0.21353455481294692,0.004945944450891207,0.7762049385213381,0.0019334848270233234,0.003381077387800359,
0.004916153502931377,0.00910642336405227,0.19970924607955476,0.0035599128897764176,0.7827082641636852,
0.0027673517514322744,0.005126096374079311,0.03956998221264454,0.0020039104077191412,0.9505326592541247,
0.013929511722997945,0.025802292570505016,0.015834497110363152,0.01008671684100672,0.9343469817551272,
0.00461737723642137,0.008552985971922692,0.005248844895751667,0.003343561329217123,0.9782372305666871,
0.006100360062539896,0.332474268735926,0.006934638894985839,0.004417427243873469,0.6500733050626748,
0.021994545320696595,0.3302360185802078,0.02500249622887467,0.015926814601137235,0.6068401252690838,
0.006100360062539896,0.011299985114280944,0.006934638894985839,0.004417427243873469,0.9712475886843199,
0.017056719207076756,0.031594966717126735,0.019389378204177587,0.012351208017887052,0.9196077278537319,
0.00461737723642137,0.008552985971922692,0.005248844895751667,0.003343561329217123,0.9782372305666871,
0.9210325376922158,0.008062964182717035,0.06224060688843511,0.00315200040415068,0.005511890832481252,
0.008036102052376811,0.014885651443153096,0.9610831779208426,0.005819147685839513,0.010175920897788057,
0.004617377236421371,0.008552985971922694,0.18757203700022096,0.0033435613292171237,0.7959140384622179,
0.00411696509156961,0.007626048917411197,0.058867917805957605,0.002981200055592077,0.9264078681294694,
0.0039053426907770424,0.007234050747747622,0.9296848821565227,0.05423048378442712,0.004945240620525475,
0.0039053426907770424,0.007234050747747622,0.0044394332537865695,0.002827958845386235,0.9815932144623024,
0.005256270591643573,0.009736438314015768,0.3518930020065761,0.0038062004004120837,0.6293080886873526,
0.1162750863328173,0.11872299395985644,0.11666785263744496,0.002079660309073167,0.646254406760808,
0.0039053426907770432,0.007234050747747624,0.3642571078270729,0.0028279588453862356,0.6217755398890162,
0.0037144125091419862,0.006880381753094082,0.004222391661123282,0.0026897014019917798,0.9824931126746488,
0.006100360062539896,0.011299985114280944,0.16752178070580837,0.004417427243873469,0.8106604468734974,
0.002028490805160886,0.003757469340790058,0.18920034743345351,0.001468882238884391,0.8035448101817111,
0.0031068444453563027,0.12843277974556228,0.33067259994059434,0.0022497457780680193,0.5355380300904191,
0.0031068444453563036,0.619144079815486,0.04442434156647219,0.0022497457780680193,0.33107498839461763,
0.002767351751432275,0.04155026671744881,0.4766600263330786,0.0020039104077191417,0.47701844479032124,
0.16723785183847334,0.3097825729867255,0.19010912473748293,0.12110121949270028,0.211769230944618,
0.004916153502931377,0.20322718795306452,0.005588481490542484,0.7153360497161547,0.07093212733730696,
0.2705930017609768,0.718826030840994,0.0038463040363341675,0.002450130208021125,0.00428453315367387,
0.007267413172225989,0.6830428862967731,0.29522463135222754,0.005262520344759739,0.009202548834013615,
0.1666875018733624,0.8142356941683935,0.006934638894985838,0.004417427243873468,0.0077247378193848505,
0.15811291750789971,0.778271924833361,0.0044394332537865695,0.05423048378442712,0.004945240620525475,
0.007267413172225989,0.6830428862967731,0.008261296961718671,0.005262520344759739,0.2961658832245225,
0.0037144125091419867,0.05576986386844392,0.688675141276021,0.00268970140199178,0.24915088094440138,
0.6009835119176445,0.33023601858020774,0.02500249622887467,0.01592681460113723,0.02785115867213583,
0.9638118611405889,0.013461772718919062,0.008261296961718673,0.0052625203447597396,0.009202548834013616,
0.013929511722997943,0.942510671864615,0.01583449711036315,0.01008671684100672,0.017638602461017137,
0.004916153502931376,0.26793410948273527,0.0055884814905424835,0.3918014420678009,0.3297598134559899,
0.004352836237259642,0.008062964182717035,0.9789203083433913,0.00315200040415068,0.005511890832481252,
0.006632942719064643,0.5361073870410432,0.09484353598166045,0.004803084010429539,0.35761305024780216,
0.007267413172225991,0.8743517758904458,0.008261296961718673,0.10091696514159604,0.009202548834013616,
0.16668072777416892,0.8204448623304078,0.004679996911757836,0.002981200055592077,0.005213212928073293,
0.0028719605310340945,0.9125448745723389,0.07886681070351723,0.002079660309073167,0.003636693884036551,
0.0037144125091419862,0.9357805419447408,0.053111873776473105,0.0026897014019917798,0.004703470367652194,
0.003541281109665565,0.006559682283416609,0.9828504658130398,0.002564332513438231,0.004484238280439671,
0.0037144125091419862,0.006880381753094082,0.004222391661123282,0.8338108973629389,0.15137191671370168,
0.002142919292651288,0.31422801282482454,0.002435982683528358,0.001551742842673879,0.6796413423563219,
0.0027673517514322744,0.005126096374079311,0.0031458118692750405,0.0020039104077191412,0.9869568295974942,
0.12616617197273422,0.008552985971922694,0.005248844895751668,0.0033435613292171237,0.8566884358303744,
0.004916153502931377,0.00910642336405227,0.005588481490542484,0.0035599128897764176,0.9768290287526975,
0.0026700957297391523,0.9186919338114582,0.0030352552162430046,0.07222163785475924,0.003381077387800359,
0.004352836237259642,0.008062964182717035,0.06224060688843511,0.00315200040415068,0.9221915922874374,
0.008986636651136765,0.016646371582043462,0.010215639637200635,0.00650745417754819,0.9576438979520709,
0.002984788652033525,0.005528865016405405,0.9855454188911499,0.0021613620464244576,0.003779565393986663,
0.005256270591643573,0.14810359406266912,0.3518930020065761,0.0038062004004120837,0.4909409329386993,
0.0029847886520335256,0.31981764379375277,0.08196517990627632,0.0021613620464244576,0.5930710256015129,
0.00411696509156961,0.06181396981161096,0.004679996911757836,0.002981200055592077,0.9264078681294694,
0.973826360832217,0.009736438314015768,0.005975112634942664,0.0038062004004120837,0.006655887818412515,
0.6123613509179856,0.3731993701808613,0.005248844895751668,0.0033435613292171237,0.0058468726761843675,
0.00461737723642137,0.31242497281270476,0.491444023841003,0.003343561329217123,0.18817006478065362,
0.24816182308589113,0.006880381753094082,0.004222391661123282,0.6871424510168894,0.053592952483002027,
0.9638118611405889,0.013461772718919062,0.008261296961718673,0.0052625203447597396,0.009202548834013616,
0.9599841690477693,0.014885651443153096,0.009135110925450116,0.005819147685839513,0.010175920897788057,
0.38988519235957114,0.013461772718919058,0.008261296961718671,0.5791891891257774,0.009202548834013615,
0.5225715257402974,0.00910642336405227,0.19970924607955476,0.0035599128897764176,0.26505289192631926,
0.004916153502931377,0.9797102463091136,0.005588481490542484,0.0035599128897764176,0.0062252058076362055,
0.017056719207076753,0.03159496671712673,0.019389378204177583,0.46135581726283537,0.47060311860878346,
0.0056469465586350635,0.3077628875059157,0.006419217036692912,0.004089098892045754,0.6760818500067106,
0.003541281109665565,0.8455524389859947,0.14385770911046167,0.002564332513438231,0.004484238280439671,
0.08437896020305012,0.1410185838223822,0.00236915976094514,0.4678465156271906,0.30438678058643187,
0.006100360062539896,0.974822835979216,0.006934638894985839,0.004417427243873469,0.007724737819384852,
0.24555272119428118,0.7263446252114767,0.010215639637200631,0.006507454177548188,0.011379559779493294,
0.006100360062539896,0.011299985114280944,0.006934638894985839,0.004417427243873469,0.9712475886843199,
0.0056469465586350635,0.08478580127337625,0.006419217036692912,0.004089098892045754,0.89905893623925,
0.007267413172225991,0.10911621751575536,0.008261296961718673,0.0052625203447597396,0.8700925520055403,
0.8975552914887925,0.0104601058625298,0.08074491244753937,0.004089098892045754,0.007150591309092607,
0.9162333377587677,0.06932738334007911,0.005248844895751668,0.0033435613292171237,0.0058468726761843675,
0.2705930017609768,0.0062675474547061565,0.716404787422622,0.002450130208021125,0.00428453315367387,
0.6484489273058299,0.2521806978305147,0.0872282098003971,0.004417427243873469,0.007724737819384852,
0.7491550936694116,0.23723288954645613,0.004948125547500355,0.0031520004041506807,0.005511890832481253,
0.9815040548161386,0.006880381753094082,0.004222391661123282,0.0026897014019917798,0.004703470367652194,
0.8369679325521422,0.01664637158204346,0.010215639637200631,0.12479049644912038,0.011379559779493294,
0.9289083389648861,0.06398978753282784,0.0025816131635057337,0.0016445107660700892,0.0028757495727101206,
0.9599841690477693,0.014885651443153096,0.009135110925450116,0.005819147685839513,0.010175920897788057,
0.9108130549183219,0.00910642336405227,0.005588481490542484,0.0035599128897764176,0.07093212733730696,
0.8461403051241483,0.07604052539646909,0.0015860282572073023,0.0010103142411649686,0.07522282698101024,
0.9770077351269241,0.008552985971922692,0.005248844895751667,0.003343561329217123,0.005846872676184366,
0.9638118611405889,0.013461772718919062,0.008261296961718673,0.0052625203447597396,0.009202548834013616,
0.9770077351269241,0.008552985971922692,0.005248844895751667,0.003343561329217123,0.005846872676184366,
0.5459961740335674,0.007626048917411199,0.3839954431711563,0.0029812000555920776,0.05940113382227308,
0.9794995411871655,0.007626048917411197,0.004679996911757836,0.002981200055592077,0.005213212928073293,
0.6426681467159717,0.014885651443153092,0.009135110925450114,0.323135170017637,0.010175920897788054,
0.973826360832217,0.009736438314015768,0.005975112634942664,0.0038062004004120837,0.006655887818412515,
0.9896220311645381,0.003860542767611283,0.00236915976094514,0.0015091760409694968,0.002639090265935912,
0.5639545392994639,0.025802292570505012,0.01583449711036315,0.01008671684100672,0.3843219541786611,
0.9306378910171079,0.025802292570505012,0.01583449711036315,0.01008671684100672,0.017638602461017137,
0.24816182308589113,0.3002172744451931,0.29755928435322226,0.14935814774804126,0.004703470367652194,
0.8495467695123357,0.0062675474547061565,0.13745101967126314,0.002450130208021125,0.00428453315367387,
0.9599841690477693,0.014885651443153096,0.009135110925450116,0.005819147685839513,0.010175920897788057,
0.24771496670904702,0.7378457543897997,0.005248844895751667,0.003343561329217123,0.005846872676184366,
0.6345701309875421,0.2945253708873909,0.004948125547500355,0.0031520004041506807,0.06280437217341603,
0.0039053426907770424,0.9838820245895246,0.0044394332537865695,0.002827958845386235,0.004945240620525475,
0.9492478569408795,0.01887949577938208,0.011586075948362431,0.007380434413230951,0.012906136918144928,
0.6809462410202661,0.01887949577938208,0.2798876918689759,0.007380434413230951,0.012906136918144928,
0.7489039006670996,0.23343719209506916,0.006419217036692912,0.004089098892045754,0.007150591309092607,
0.16723785183847334,0.3097825729867255,0.19010912473748293,0.12110121949270028,0.211769230944618,
0.9875773997457175,0.00462113351147505,0.0028359233984386143,0.0018065086692342545,0.0031590346751345756,
0.011771335369295147,0.02180460056203019,0.01338117082614462,0.6282660667188333,0.3247768265236967,
0.971880986899639,0.0104601058625298,0.006419217036692912,0.004089098892045754,0.007150591309092607,
0.6207356419592678,0.007234050747747624,0.3642571078270729,0.0028279588453862356,0.004945240620525476,
0.9879723410204247,0.004474217703008506,0.002745763272617492,0.0017490758595170442,0.0030586021444321465,
0.5587248935862569,0.009736438314015768,0.42107657988090275,0.0038062004004120837,0.006655887818412515,
0.9851372223312439,0.005528865016405405,0.003392985211939475,0.0021613620464244576,0.003779565393986663,
0.2838227078406828,0.39153078610343883,0.3193319438410547,0.0019334848270233236,0.0033810773878003592,
0.00197574011278634,0.6537821561176038,0.0022459402546818534,0.3394943317846608,0.002501831730267072,
0.004352836237259642,0.06535544552365179,0.9216278270024565,0.00315200040415068,0.005511890832481252,
0.4151255422031042,0.5726618250771975,0.00443943325378657,0.0028279588453862356,0.004945240620525476,
0.9890196117474414,0.004084639212745556,0.0025066845372116327,0.001596780558318839,0.002792283944282503,
0.5639545392994639,0.025802292570505012,0.01583449711036315,0.01008671684100672,0.3843219541786611,
0.7484401541599042,0.014885651443153092,0.009135110925450114,0.005819147685839512,0.22171993578565302,
0.9515601616041741,0.004945944450891207,0.0030352552162430046,0.0019334848270233234,0.03852515390166832,
0.8495467695123357,0.0062675474547061565,0.0038463040363341675,0.0915199406313071,0.04881943836531686,
0.9381519952144429,0.05566954869154542,0.0022459402546818534,0.0014306841090626096,0.002501831730267072,
0.008986636651136765,0.016646371582043462,0.9564799778097784,0.00650745417754819,0.011379559779493295,
0.00461737723642137,0.008552985971922692,0.491444023841003,0.4895387402744684,0.005846872676184366,
0.006100360062539896,0.011299985114280944,0.16752178070580837,0.004417427243873469,0.8106604468734974,
0.1029218579690623,0.013461772718919062,0.008261296961718673,0.0052625203447597396,0.8700925520055403,
0.011771335369295147,0.02180460056203019,0.01338117082614462,0.008523925968960896,0.9445189672735692,
0.9783250190331506,0.008062964182717035,0.004948125547500354,0.00315200040415068,0.005511890832481252,
0.007267413172225991,0.9700062206872822,0.008261296961718673,0.0052625203447597396,0.009202548834013616,
0.004352836237259642,0.008062964182717035,0.004948125547500354,0.00315200040415068,0.9794840736283722,
0.003541281109665565,0.9853845651030911,0.004025582993365293,0.002564332513438231,0.004484238280439671,
0.008036102052376811,0.9668337184385457,0.009135110925450116,0.005819147685839513,0.010175920897788057,
0.0017895879218071636,0.02686967980377912,0.11980803788157321,0.8492665826618975,0.0022661117309430504,
0.010192201218732466,0.9579351515015292,0.011586075948362431,0.007380434413230951,0.012906136918144928,
0.013929511722997945,0.209143968429327,0.015834497110363152,0.7434534202762948,0.017638602461017137,
0.011771335369295146,0.7964822764993708,0.1683167060136127,0.008523925968960896,0.014905756148760455,
0.0037144125091419862,0.006880381753094082,0.004222391661123282,0.9804793437089884,0.004703470367652194,
0.011771335369295147,0.02180460056203019,0.16831670601361273,0.7832016019063015,0.014905756148760456,
0.002871960531034095,0.5345344552330616,0.4568772300427946,0.002079660309073167,0.0036366938840365513,
0.008986636651136765,0.9629107097546213,0.010215639637200635,0.00650745417754819,0.011379559779493295,
0.18123990069033122,0.09958999211287682,0.00754005699602719,0.441320478938596,0.2703095712621689,
0.002494744730366046,0.7926872575237561,0.0028359233984386143,0.19882303967230452,0.0031590346751345756,
0.8290115491479038,0.004474217703008506,0.002745763272617492,0.0017490758595170442,0.1620193940169532,
0.004352836237259642,0.9820351469786079,0.004948125547500354,0.00315200040415068,0.005511890832481252,
0.004916153502931377,0.00910642336405227,0.005588481490542484,0.9741637358348377,0.0062252058076362055,
0.9696232109274749,0.011299985114280944,0.006934638894985839,0.004417427243873469,0.007724737819384852,
0.9253116202929658,0.007626048917411197,0.058867917805957605,0.002981200055592077,0.005213212928073293,
0.9638118611405889,0.013461772718919062,0.008261296961718673,0.0052625203447597396,0.009202548834013616,
0.004352836237259642,0.06535544552365179,0.9216278270024565,0.00315200040415068,0.005511890832481252,
0.008986636651136765,0.016646371582043462,0.010215639637200635,0.00650745417754819,0.9576438979520709,
0.007267413172225991,0.013461772718919062,0.008261296961718673,0.9618069683131227,0.009202548834013616,
0.971880986899639,0.0104601058625298,0.006419217036692912,0.004089098892045754,0.007150591309092607,
0.008036102052376811,0.12065765888708559,0.8553111704769102,0.005819147685839513,0.010175920897788057,
0.003239308207161589,0.006000323611431855,0.984312844668221,0.0023456661867366523,0.004101857326448789,
0.0023410057841489933,0.4357122035646363,0.002661159275471908,0.0016951823536559495,0.5575904490220869,
0.008986636651136764,0.01664637158204346,0.24678172418034505,0.006507454177548188,0.7210778134089265,
0.004916153502931377,0.00910642336405227,0.005588481490542484,0.9741637358348377,0.0062252058076362055,
0.002205115287437526,0.5265158432209829,0.40884206543250734,0.001596780558318839,0.06084019550075332,
0.002494744730366046,0.00462113351147505,0.0028359233984386143,0.3630034821748631,0.6270447161848571,
0.0032393082071615893,0.006000323611431856,0.6432239639467532,0.0023456661867366528,0.3451907380479167,
0.00461737723642137,0.008552985971922692,0.005248844895751667,0.003343561329217123,0.9782372305666871,
0.006100360062539894,0.4127678396413371,0.006934638894985836,0.40588528177092964,0.16831187963020733,
0.0024154314107942888,0.004474217703008506,0.002745763272617492,0.09712555098302966,0.89323903663055,
0.008986636651136765,0.016646371582043462,0.010215639637200635,0.00650745417754819,0.9576438979520709,
0.00411696509156961,0.007626048917411197,0.004679996911757836,0.002981200055592077,0.9805957890236692,
0.007267413172225991,0.30042510710942794,0.10391574175855497,0.5791891891257775,0.009202548834013616,
0.0056469465586350635,0.0104601058625298,0.9726532573776969,0.004089098892045754,0.007150591309092607,
0.008986636651136765,0.9629107097546213,0.010215639637200635,0.00650745417754819,0.011379559779493295,
0.058304885985769384,0.49531733696520913,0.004679996911757836,0.057169120949791846,0.3845286591874717,
0.7235406918373496,0.11003910062582942,0.15864700807090928,0.0028279588453862356,0.004945240620525476,
0.006632942719064644,0.2741969500841434,0.00754005699602719,0.00480308401042954,0.7068269661903352,
0.03095619218103301,0.46479022444935575,0.4426383358532945,0.02241617302998068,0.0391990744863361,
0.07997264196948152,0.0104601058625298,0.15507060785838583,0.7473460530005104,0.007150591309092607,
0.00461737723642137,0.008552985971922692,0.9776392027862543,0.003343561329217123,0.005846872676184366,
0.004916153502931377,0.00910642336405227,0.9761923044356038,0.0035599128897764176,0.0062252058076362055,
0.16670687055676328,0.02180460056203019,0.01338117082614462,0.008523925968960896,0.789583432086101,
0.1029218579690623,0.013461772718919062,0.008261296961718673,0.0052625203447597396,0.8700925520055403,
0.0031068444453563023,0.9871775548679285,0.0035317332273118785,0.002249745778068019,0.003934121681335204,
0.8263457417154314,0.007234050747747622,0.15864700807090926,0.002827958845386235,0.004945240620525475,
0.006632942719064644,0.7107143450123099,0.00754005699602719,0.00480308401042954,0.2703095712621689,
0.006100360062539896,0.974822835979216,0.006934638894985839,0.004417427243873469,0.007724737819384852,
0.011771335369295147,0.1767401357494983,0.16831670601361273,0.6282660667188333,0.014905756148760456,
0.0039053426907770424,0.9838820245895246,0.0044394332537865695,0.002827958845386235,0.004945240620525475,
0.004352836237259642,0.008062964182717035,0.004948125547500354,0.9771241832000416,0.005511890832481252,
0.004916153502931377,0.9150033247794429,0.005588481490542484,0.06826683441944717,0.0062252058076362055,
0.017056719207076753,0.9296041852070235,0.019389378204177583,0.01235120801788705,0.021598509363835127,
0.002984788652033525,0.9876812986956158,0.003392985211939475,0.0021613620464244576,0.003779565393986663,
0.7489039006670996,0.23343719209506916,0.006419217036692912,0.004089098892045754,0.007150591309092607,
0.007267413172225991,0.9700062206872822,0.008261296961718673,0.0052625203447597396,0.009202548834013616,
0.010192201218732466,0.9579351515015292,0.011586075948362431,0.007380434413230951,0.012906136918144928,
0.011771335369295146,0.9514178116868388,0.013381170826144616,0.008523925968960896,0.014905756148760455,
0.030956192181033,0.872238831804908,0.0351897284977421,0.022416173029980672,0.03919907448633609,
0.24155902382955097,0.031594966717126735,0.6928962920716002,0.012351208017887052,0.02159850936383513,
0.004116965091569611,0.7662569414362081,0.11305583870015741,0.0029812000555920776,0.11358905471647286,
0.0037144125091419867,0.5446646850219423,0.004222391661123283,0.00268970140199178,0.4447088094058007,
0.003541281109665565,0.006559682283416609,0.9828504658130398,0.002564332513438231,0.004484238280439671,
0.030956192181033,0.057341617093803365,0.8500869432088469,0.022416173029980672,0.03919907448633609,
0.002205115287437526,0.8457793567815723,0.14762646342838867,0.001596780558318839,0.002792283944282503,
0.0024154314107942888,0.990031127312639,0.002745763272617492,0.0017490758595170442,0.0030586021444321465,
0.017056719207076756,0.7051018805845494,0.019389378204177587,0.23685351264036125,0.02159850936383513,
0.0056469465586350635,0.6793913645601479,0.30372199868007876,0.004089098892045754,0.007150591309092607,
0.008986636651136765,0.9629107097546213,0.010215639637200635,0.00650745417754819,0.011379559779493295,
0.021994545320696595,0.9092249851771556,0.02500249622887467,0.01592681460113723,0.02785115867213583,
0.14362342634029693,0.009736438314015768,0.8361780471268628,0.0038062004004120837,0.006655887818412515,
0.0023410057841489933,0.12758659787492166,0.8654128552066729,0.0016951823536559495,0.0029643587806004452,
0.0653917746045778,0.19087617807639198,0.7345416133136288,0.0033435613292171237,0.0058468726761843675,
0.008986636651136764,0.4897785406683323,0.010215639637200631,0.47963962326383697,0.011379559779493294,
0.41203292783695933,0.5782514714763256,0.003531733227311879,0.0022497457780680193,0.003934121681335204,
0.002494744730366046,0.16880157601403362,0.0028359233984386143,0.5600200131779334,0.2658477426792282,
0.006100360062539896,0.2521806978305147,0.006934638894985839,0.7270595653925748,0.007724737819384852,
0.0026700957297391523,0.18066632702023103,0.7762049385213381,0.0019334848270233234,0.03852515390166832,
0.007267413172225989,0.5873884414999369,0.008261296961718671,0.3878802995321049,0.009202548834013615,
0.0026700957297391523,0.9186919338114582,0.0030352552162430046,0.0019334848270233234,0.07366923041553627,
0.0037144125091419862,0.0557698638684439,0.93312255185277,0.0026897014019917798,0.004703470367652194,
0.0037144125091419867,0.4468857207912426,0.004222391661123283,0.10046866563269145,0.4447088094058007,
0.0026700957297391523,0.14552225050636305,0.846493091549074,0.0019334848270233234,0.003381077387800359,
0.011771335369295146,0.9514178116868388,0.013381170826144616,0.008523925968960896,0.014905756148760455,
0.005256270591643573,0.07892001618834243,0.9053616250011894,0.0038062004004120837,0.006655887818412515,
0.006100360062539896,0.974822835979216,0.006934638894985839,0.004417427243873469,0.007724737819384852,
0.8090360691166524,0.011299985114280944,0.006934638894985839,0.004417427243873469,0.16831187963020738,
0.010192201218732466,0.6896335355809158,0.011586075948362431,0.2756820503338444,0.012906136918144928,
0.003239308207161589,0.006000323611431855,0.1742267529547347,0.812431757900223,0.004101857326448789,
0.0031068444453563027,0.41468103811968443,0.5760282499755561,0.0022497457780680193,0.003934121681335204,
0.004916153502931377,0.7855894817201013,0.005588481490542484,0.0035599128897764176,0.20034597039664848,
0.002579443567634984,0.24243434874604614,0.13873581903242516,0.34137687495231367,0.27487351370158,
0.0037144125091419867,0.30021727444519314,0.004222391661123283,0.00268970140199178,0.6891562199825498,
0.005256270591643573,0.9091229506802626,0.07515869050926934,0.0038062004004120837,0.006655887818412515,
0.6970920493349103,0.2864707498113225,0.005975112634942664,0.0038062004004120837,0.006655887818412515,
0.002984788652033525,0.437675935835258,0.003392985211939475,0.5521667249067823,0.003779565393986663,
0.003541281109665565,0.9853845651030911,0.004025582993365293,0.002564332513438231,0.004484238280439671,
0.003541281109665565,0.33283464322330814,0.6565755048731483,0.002564332513438231,0.004484238280439671,
0.006100360062539896,0.8945292650738048,0.006934638894985839,0.004417427243873469,0.08801830872479612,
0.008986636651136765,0.9629107097546213,0.010215639637200635,0.00650745417754819,0.011379559779493295,
0.007267413172225991,0.013461772718919062,0.008261296961718673,0.0052625203447597396,0.9657469968023765,
0.007267413172225991,0.8743517758904458,0.008261296961718673,0.0052625203447597396,0.10485699363084992,
0.007267413172225991,0.9700062206872822,0.008261296961718673,0.0052625203447597396,0.009202548834013616,
0.010192201218732466,0.01887949577938208,0.8164909237102028,0.14153124237353767,0.012906136918144928,
0.0033835704911188273,0.0062675474547061565,0.9836142186924799,0.002450130208021125,0.00428453315367387,
0.00411696509156961,0.9830086250130071,0.004679996911757836,0.002981200055592077,0.005213212928073293,
0.0037144125091419867,0.05576986386844392,0.004222391661123283,0.4426950404401403,0.49359829152115053,
0.32924449045676824,0.6578810996478085,0.004679996911757836,0.002981200055592077,0.005213212928073293,
0.003541281109665565,0.9853845651030911,0.004025582993365293,0.002564332513438231,0.004484238280439671,
0.006100360062539896,0.7339421232629822,0.16752178070580837,0.004417427243873469,0.08801830872479612,
0.011771335369295146,0.6415467413119026,0.013381170826144616,0.3183949963438971,0.014905756148760455,
0.00461737723642137,0.008552985971922692,0.9776392027862543,0.003343561329217123,0.005846872676184366,
0.19316838165781955,0.7992781770656138,0.002745763272617492,0.0017490758595170442,0.0030586021444321465,
0.43112413182810677,0.014885651443153092,0.009135110925450114,0.5346791849055019,0.010175920897788054,
0.9306378910171079,0.025802292570505012,0.01583449711036315,0.01008671684100672,0.017638602461017137,
0.0848920611236769,0.25111060476304314,0.0035317332273118785,0.3293906124913504,0.3310749883946176,
0.002028490805160886,0.9916280932284963,0.0023059050763198823,0.001468882238884391,0.0025686286511384503,
0.0023410057841489933,0.8362754909612653,0.002661159275471908,0.0016951823536559495,0.15702716162545777,
0.22605809654933381,0.05080245266634915,0.7164047874226221,0.0024501302080211255,0.00428453315367387,
0.11249280687996915,0.8746327832246076,0.004679996911757836,0.002981200055592077,0.005213212928073293,
0.005256270591643573,0.5632050613086292,0.005975112634942664,0.41890766764637216,0.006655887818412515,
0.008036102052376811,0.3322016737749506,0.6437671555890452,0.005819147685839513,0.010175920897788057,
0.005256270591643573,0.7707557949316093,0.005975112634942664,0.21135693402339212,0.006655887818412515,
0.002984788652033525,0.4769620331824264,0.003392985211939475,0.19859184878226654,0.31806834417133395,
0.005256270591643573,0.07892001618834243,0.005975112634942664,0.9031927127666589,0.006655887818412515,
0.7864490113066357,0.021804600562030187,0.013381170826144616,0.008523925968960896,0.16984129133622858,
0.2195801169402418,0.649517696106748,0.1149071183693826,0.005819147685839512,0.010175920897788054,
0.006100360062539896,0.974822835979216,0.006934638894985839,0.004417427243873469,0.007724737819384852,
0.1138081094963093,0.861061710994613,0.009135110925450114,0.005819147685839512,0.010175920897788054,
0.06539177460457779,0.008552985971922692,0.005248844895751667,0.9149595218515634,0.005846872676184366,
0.0031068444453563023,0.005754954728081356,0.0035317332273118785,0.9427797375787549,0.0448267300204955,
0.00461737723642137,0.2516505754445484,0.7345416133136287,0.003343561329217123,0.005846872676184366,
0.004352836237259642,0.008062964182717035,0.9789203083433913,0.00315200040415068,0.005511890832481252,
0.00411696509156961,0.007626048917411197,0.16724375959435717,0.7616120925743889,0.059401133822273064,
0.00461737723642137,0.19087617807639193,0.795316010681785,0.003343561329217123,0.005846872676184366,
0.0023410057841489933,0.004336355599035792,0.002661159275471908,0.9876971205607429,0.0029643587806004452,
0.011771335369295147,0.02180460056203019,0.32325224120108087,0.6282660667188333,0.014905756148760456,
0.008986636651136765,0.016646371582043462,0.010215639637200635,0.00650745417754819,0.9576438979520709,
0.0037144125091419862,0.006880381753094082,0.004222391661123282,0.05157918351734161,0.933603630559299,
0.010192201218732468,0.018879495779382083,0.011586075948362433,0.007380434413230952,0.9519617926402921,
0.003541281109665565,0.006559682283416609,0.004025582993365293,0.9813892153331127,0.004484238280439671,
0.7398595378876178,0.09677070682071695,0.0593867957017143,0.03782992211011677,0.0661530374798342,
0.07561569243817128,0.3329436294644048,0.0031458118692750405,0.0020039104077191412,0.5862909558204297,
0.07443984846597025,0.07892001618834243,0.6978108913782094,0.14217335614906543,0.006655887818412515,
0.0039053426907770424,0.007234050747747622,0.9810874070955635,0.002827958845386235,0.004945240620525475,
0.004352836237259642,0.008062964182717035,0.9789203083433913,0.00315200040415068,0.005511890832481252,
0.00411696509156961,0.007626048917411197,0.004679996911757836,0.978363776151188,0.005213212928073293,
0.00461737723642137,0.0693273833400791,0.9168648054180979,0.003343561329217123,0.005846872676184366,
0.0023410057841489933,0.004336355599035792,0.002661159275471908,0.9876971205607429,0.0029643587806004452,
0.011771335369295147,0.02180460056203019,0.01338117082614462,0.9381371370937697,0.014905756148760456,
0.008986636651136764,0.37149549839676005,0.010215639637200631,0.006507454177548188,0.6027947711373542,
0.0037144125091419862,0.006880381753094082,0.004222391661123282,0.0026897014019917798,0.9824931126746488,
0.010192201218732468,0.018879495779382083,0.011586075948362433,0.007380434413230952,0.9519617926402921,
0.003541281109665565,0.006559682283416609,0.004025582993365293,0.9813892153331127,0.004484238280439671,
0.05224220644032448,0.09677070682071694,0.05938679570171429,0.03782992211011677,0.7537703689271275,
0.002984788652033525,0.005528865016405405,0.9855454188911499,0.0021613620464244576,0.003779565393986663,
0.0039053426907770424,0.2642466754429521,0.724074782400359,0.002827958845386235,0.004945240620525475,
0.00183275806435352,0.5823457390463249,0.41217357871595184,0.001327147139169557,0.0023207770342001223,
0.2685433796759645,0.7107143450123098,0.0075400569960271885,0.004803084010429539,0.008399134305269043,
0.0031068444453563023,0.16932538808472256,0.0035317332273118785,0.002249745778068019,0.8217862884645412,
0.010192201218732466,0.8237843435412224,0.011586075948362431,0.007380434413230951,0.14705694487845167,
0.002579443567634984,0.10663073527331954,0.002932205559698569,0.0018678412704972091,0.8859897743288496,
0.0037144125091419867,0.49577520290659244,0.004222391661123283,0.00268970140199178,0.49359829152115053,
0.005256270591643573,0.009736438314015768,0.6978108913782094,0.07298977827473876,0.21420662144139255,
0.0031068444453563027,0.3328958214413638,0.2079947749231134,0.0022497457780680193,0.4537528134120985,
0.07443984846597024,0.4940214834343024,0.005975112634942662,0.003806200400412083,0.42175735506437245,
0.010192201218732468,0.018879495779382083,0.011586075948362433,0.007380434413230952,0.9519617926402921,
0.0027673517514322744,0.9521545253016862,0.03956998221264454,0.0020039104077191412,0.0035042303265177136,
0.0024154314107942888,0.6403173851930927,0.002745763272617492,0.12891770935753388,0.2256037107659616,
0.011771335369295147,0.1767401357494983,0.01338117082614462,0.7832016019063015,0.014905756148760456,
0.002984788652033525,0.2019593517522475,0.003392985211939475,0.7093111142954559,0.0823517600883235,
0.07443984846597025,0.07892001618834243,0.005975112634942664,0.8340091348923322,0.006655887818412515,
0.007267413172225991,0.9700062206872822,0.008261296961718673,0.0052625203447597396,0.009202548834013616,
0.06962307503260212,0.9150033247794428,0.0055884814905424835,0.003559912889776417,0.006225205807636205,
0.013929511722997943,0.39248564428814897,0.01583449711036315,0.01008671684100672,0.5676636300374831,
0.14434300917903922,0.28718111169999555,0.011586075948362433,0.40983285829415117,0.14705694487845167,
0.010192201218732466,0.9579351515015292,0.011586075948362431,0.007380434413230951,0.012906136918144928,
0.006100360062539896,0.17188712692510344,0.006934638894985839,0.807353136297986,0.007724737819384852,
0.673135748286142,0.31242497281270487,0.005248844895751668,0.0033435613292171237,0.0058468726761843675,
0.0037144125091419862,0.9357805419447408,0.004222391661123282,0.05157918351734161,0.004703470367652194,
