0.013937633593267157,0.007584657997958836,0.015463767939114319,0.8374964518756695,0.1255174885939903,
0.009461177478582336,0.005148635523587195,0.3316747808521462,0.3276281050372101,0.3260873011084743,
0.4137466989516199,0.0026221284888051774,0.005346053370941176,0.4939990410055798,0.08428607818305404,
0.006056855897456468,0.003296053108134451,0.9833745525017127,0.004129465118834125,0.003143073373862202,
0.004629147238422254,0.002519114768707165,0.9872934661683878,0.003156076745864071,0.002402195078618725,
0.4413840295113223,0.0023356005706268524,0.5511270108864481,0.0029261607053994235,0.002227198326203419,
0.9827113426568637,0.0032960531081344512,0.006720065742305637,0.004129465118834126,0.0031430733738622026,
0.004141083698949679,0.4591285954019524,0.004594521509586905,0.0028233230208046566,0.5293124763687063,
0.4355572373958546,0.00678240248709982,0.3311484883541432,0.008497343208230264,0.21801452855467213,
0.006750885662965409,0.9776531561506606,0.007490089947982318,0.004602643242372666,0.0035032249960190104,
0.011271207297878217,0.9626899458746604,0.012505374953481144,0.0076845244747002425,0.005848947399280102,
0.8068805520707654,0.04739084484551971,0.005822228082371243,0.13718323347803257,0.002723141523311239,
0.8721718938424392,0.10178925933009929,0.012505374953481144,0.0076845244747002425,0.005848947399280102,
0.008757962102334534,0.004765955917895592,0.009716935996615782,0.15462385928090303,0.822135286702251,
0.015807410942044155,0.8135210200939638,0.017538281006617206,0.14493037653224072,0.008202911425134183,
0.09871420491076405,0.0029887885075193243,0.8917024285350768,0.003744508199492854,0.0028500698471470576,
0.012463401879517971,0.00678240248709982,0.9657892416286483,0.008497343208230264,0.006467610796503783,
0.189485799537741,0.003897004770322619,0.7980186943120744,0.004882368317204011,0.003716133062657974,
0.04801265116598831,0.026127788209702626,0.4607400566426215,0.03273423895324304,0.43238526502844465,
0.005760737471229154,0.9809307538071904,0.006391523124576973,0.00392757642726673,0.0029894091697367747,
0.21570464599884126,0.0044362270760601695,0.7700708646870397,0.005557933798034757,0.004230328440024188,
0.0031460074296634786,0.0017120116017802138,0.6976722488066586,0.29583718016568766,0.0016325519962098474,
0.006385066633002781,0.0034746606288243212,0.9824736477345231,0.004353233821113233,0.0033133911825365928,
0.5524199818680675,0.41106159189944624,0.017538281006617206,0.010777233800734877,0.008202911425134183,
0.01825658984535919,0.009934971332073777,0.020255638580182183,0.9420789407991432,0.009473859443241597,
0.5200374312716348,0.001442428750958118,0.3628621158063866,0.1142825428750301,0.0013754812959903431,
0.8586510729121914,0.006782402487099821,0.11960157059597488,0.008497343208230266,0.0064676107965037834,
0.004000489547193153,0.002177008373539589,0.2760469559249927,0.7156995792844871,0.0020759668697875318,
0.006056855897456468,0.10610178855649309,0.8805688170533541,0.004129465118834125,0.003143073373862202,
0.7687086045210224,0.04409531103674114,0.08990249227568826,0.055244877086773045,0.042048715079775256,
0.012463401879517971,0.00678240248709982,0.01382811171689071,0.9604584731199878,0.006467610796503783,
0.006750885662965407,0.0036737340377243732,0.9814695120609185,0.004602643242372665,0.0035032249960190096,
0.12871092299372563,0.003897004770322619,0.007945299239874512,0.004882368317204011,0.8545644046788731,
0.009461177478582335,0.005148635523587194,0.010497151613330374,0.006450475798394303,0.9684425595861058,
0.006385066633002783,0.9788640936702424,0.0070842146931050015,0.004353233821113234,0.003313391182536593,
0.011271207297878217,0.9626899458746604,0.012505374953481144,0.0076845244747002425,0.005848947399280102,
0.006750885662965407,0.0036737340377243732,0.9814695120609185,0.004602643242372665,0.0035032249960190096,
0.2505073483469733,0.007584657997958836,0.015463767939114319,0.7192115944988163,0.007232631217137227,
0.01028718054318532,0.6167294090626656,0.3606314710797189,0.007013631155080355,0.005338308159350008,
0.008757962102334534,0.004765955917895592,0.009716935996615782,0.005971035075945782,0.9707881109072083,
0.012463401879517971,0.00678240248709982,0.01382811171689071,0.9604584731199878,0.006467610796503783,
0.005023887084411582,0.0027339264661134085,0.9862099458244856,0.003425203905668454,0.002607036719320883,
0.9275861978387866,0.0034746606288243217,0.06127251652873934,0.004353233821113234,0.003313391182536593,
0.03244400226701816,0.0018610802101432392,0.9615885584860684,0.002331657154483415,0.0017747018822866845,
0.9602164926080917,0.007584657997958836,0.015463767939114319,0.009502450237697952,0.007232631217137227,
0.8827470024118913,0.0022535176712227697,0.1100272317551399,0.0028233230208046566,0.0021489251409414238,
0.008152049510907047,0.0044362270760601695,0.009044677564614223,0.9741367174083944,0.004230328440024188,
0.006750885662965409,0.9776531561506606,0.007490089947982318,0.004602643242372666,0.0035032249960190104,
0.1617743375489892,0.0025191147687071654,0.04442232430498616,0.31744645736699795,0.47383776601031957,
0.5252842688475405,0.3276864936895214,0.0084594194101611,0.06990575871695824,0.06866405933581866,
0.7841141277439354,0.06885663479312662,0.0084594194101611,0.13461322344105697,0.0039565946117199715,
0.008152049510907047,0.07362042590537156,0.839255063516351,0.0055579337980347565,0.07341452726933559,
0.004818446147640292,0.0026221284888051774,0.9867738601004922,0.003285137640804217,0.002500427622258112,
0.003630692089528271,0.0019757699620019447,0.9900341230270563,0.002475346383464415,0.0018840685379489745,
0.16026545906999445,0.8257419366950036,0.006720065742305637,0.004129465118834126,0.0031430733738622026,
0.005023887084411582,0.0027339264661134085,0.9862099458244856,0.003425203905668454,0.002607036719320883,
0.9602164926080917,0.007584657997958836,0.015463767939114319,0.009502450237697952,0.007232631217137227,
0.7982799333567842,0.0024238891387086438,0.004941878613540299,0.19204290973456445,0.00231138915640256,
0.009461177478582335,0.005148635523587194,0.010497151613330374,0.9699833635148417,0.004909671869658442,
0.006750885662965409,0.9776531561506606,0.007490089947982318,0.004602643242372666,0.0035032249960190104,
0.02645412159091006,0.014395949180382901,0.9273861526394119,0.018035986691533296,0.01372778989776192,
0.2502606760817564,0.00389700477032262,0.06872017578388989,0.6734060103013731,0.0037161330626579747,
0.17004999209799024,0.005148635523587194,0.010497151613330374,0.006450475798394303,0.8078537449666978,
0.012463401879517971,0.00678240248709982,0.01382811171689071,0.9604584731199878,0.006467610796503783,
0.9767308331212666,0.0044362270760601695,0.009044677564614223,0.005557933798034757,0.004230328440024188,
0.9548794100625851,0.008602163704928665,0.017538281006617206,0.010777233800734877,0.008202911425134183,
0.43258530571380255,0.00389700477032262,0.007945299239874514,0.5518562572133424,0.0037161330626579747,
0.35950505177447395,0.6167294090626655,0.011413599848430205,0.007013631155080353,0.005338308159350007,
0.006750885662965409,0.5193098986857495,0.46583334741289356,0.004602643242372666,0.0035032249960190104,
0.011271207297878217,0.10178925933009929,0.5864391659831885,0.0076845244747002425,0.29281584291413376,
0.005760737471229153,0.0031349097565892543,0.9841873671751781,0.003927576427266729,0.002989409169736774,
0.496160398178197,0.0022535176712227697,0.0045945215095869055,0.494842637500052,0.0021489251409414238,
0.7402920873487832,0.027723390616520745,0.2300842767311086,0.0010789900536481553,8.212552499392818E-4,
0.4239423456006148,0.4649564647290033,0.06597383218339556,0.04383883259763293,0.0012885248893533693,
0.36587692996671173,0.0032960531081344512,0.006720065742305637,0.6209638778089861,0.0031430733738622026,
0.004141083698949679,0.705138252641576,0.0045945215095869055,0.28397721700894596,0.0021489251409414238,
0.007624551054750924,0.004149170069027915,0.0084594194101611,0.9758102648543401,0.0039565946117199715,
0.0042919199497700854,0.0023356005706268524,0.004761873934507844,0.9863834072188918,0.002227198326203419,
0.021603863239479923,0.011756508951798318,0.02396942963725653,0.9314593441458503,0.011210854025614994,
0.979559194609941,0.00389700477032262,0.007945299239874514,0.004882368317204012,0.0037161330626579747,
0.009461177478582336,0.005148635523587195,0.09079155892303432,0.8896889562051379,0.0049096718696584425,
0.03411273148612025,0.01856365357627211,0.3273533424099568,0.6022682139251404,0.017702058602510437,
0.812405250575622,0.005148635523587195,0.17108596623273828,0.006450475798394304,0.0049096718696584425,
0.026454121590910058,0.23890479269900633,0.029350778564918006,0.6915625172474036,0.013727789897761918,
0.007161169905694895,0.00389700477032262,0.007945299239874514,0.9772803930214501,0.0037161330626579747,
0.006750885662965409,0.9776531561506606,0.007490089947982318,0.004602643242372666,0.0035032249960190104,
0.9644245317912754,0.00678240248709982,0.01382811171689071,0.008497343208230264,0.006467610796503783,
0.2502606760817564,0.00389700477032262,0.007945299239874514,0.7341808868453886,0.0037161330626579747,
0.11476167030427148,0.0034746606288243217,0.16964912020000802,0.7088011576843597,0.003313391182536593,
0.006056855897456469,0.0032960531081344512,0.006720065742305637,0.9807839518782413,0.0031430733738622026,
0.006056855897456469,0.0032960531081344512,0.006720065742305637,0.9807839518782413,0.0031430733738622026,
0.008152049510907047,0.0044362270760601695,0.009044677564614223,0.9741367174083944,0.004230328440024188,
0.004454159791398987,0.0024238891387086438,0.19394801517672722,0.7968625467367626,0.00231138915640256,
0.8285027394843257,0.0032960531081344512,0.16092866891484361,0.004129465118834126,0.0031430733738622026,
0.005760737471229154,0.0031349097565892547,0.006391523124576973,0.981723420477868,0.0029894091697367747,
0.009461177478582335,0.005148635523587194,0.010497151613330374,0.9699833635148417,0.004909671869658442,
0.003146007429663479,0.001712011601780214,0.0034904869970571227,0.9900189419752893,0.0016325519962098476,
0.6182108253536096,0.24797908017119294,0.12802452921213503,0.003285137640804217,0.002500427622258112,
0.004818446147640292,0.0026221284888051774,0.7005240831377065,0.28953491460358993,0.002500427622258112,
0.0042919199497700854,0.0023356005706268524,0.29615661364220935,0.6949886675111904,0.002227198326203419,
0.25944410966835735,0.14118572053508405,0.28785255963535084,0.17688474338845822,0.13463286677274955,
0.2664544099511457,0.7159312820341137,0.0084594194101611,0.005198293992859547,0.0039565946117199715,
0.005247626712197581,0.002855682325599281,0.9855958035206206,0.003577745918271265,0.0027231415233112386,
0.011271207297878219,0.5800674185215222,0.3951279023066194,0.007684524474700243,0.005848947399280103,
0.9729940651950297,0.005148635523587194,0.010497151613330374,0.006450475798394303,0.004909671869658442,
0.9827113426568637,0.0032960531081344512,0.006720065742305637,0.004129465118834126,0.0031430733738622026,
0.8721718938424391,0.006133627491814733,0.012505374953481143,0.007684524474700241,0.10150457923756465,
0.05465052967375921,0.0031349097565892547,0.006391523124576973,0.9328336282753379,0.0029894091697367747,
0.9026288002081045,0.01856365357627211,0.03784798616929536,0.023257501443817465,0.017702058602510434,
0.2982381028127319,0.006133627491814733,0.012505374953481143,0.007684524474700241,0.6754383702672719,
0.021603863239479923,0.011756508951798318,0.9406996137717287,0.014729160011378055,0.011210854025614994,
0.13703948050294834,0.004149170069027915,0.8496564608234443,0.005198293992859547,0.0039565946117199715,
0.0640437928460793,0.003673734037724374,0.9241766048778048,0.004602643242372666,0.0035032249960190104,
0.010287180543185318,0.005598134407910422,0.011413599848430205,0.007013631155080353,0.9656874540453937,
0.20258247097444734,0.006133627491814735,0.7777504296597577,0.0076845244747002425,0.005848947399280102,
0.060573368468637125,0.0034746606288243217,0.9282853458988889,0.004353233821113234,0.003313391182536593,
0.004454159791398987,0.5316410715156321,0.3829541517399142,0.0030367731713775345,0.07791384378167733,
0.10354032187628927,0.0031349097565892543,0.886407782770118,0.003927576427266729,0.002989409169736774,
0.47160212938845736,0.189432750746366,0.28575955125882513,0.05035549875920452,0.002850069847147058,
0.9835565815218303,0.0031349097565892547,0.006391523124576973,0.00392757642726673,0.0029894091697367747,
0.003323476407176269,0.0018085876446697466,0.2857416769814755,0.7074016133120837,0.0017246456545947603,
0.0042919199497700854,0.0023356005706268524,0.004761873934507844,0.9863834072188918,0.002227198326203419,
0.979559194609941,0.00389700477032262,0.007945299239874514,0.004882368317204012,0.0037161330626579747,
0.007624551054750924,0.004149170069027915,0.0084594194101611,0.9758102648543401,0.0039565946117199715,
0.004141083698949679,0.0022535176712227692,0.9886331504680814,0.0028233230208046566,0.0021489251409414238,
0.7515586790434461,0.003673734037724374,0.007490089947982318,0.23377427197482825,0.0035032249960190104,
0.013937633593267157,0.007584657997958836,0.015463767939114319,0.9557813092525225,0.007232631217137227,
0.004629147238422254,0.08109170992399065,0.005136026727344426,0.9067409210316241,0.0024021950786187254,
0.9075466342919553,0.0044362270760601695,0.009044677564614223,0.07474213262734615,0.004230328440024188,
0.31891952785955613,0.0025191147687071654,0.005136026727344426,0.6710231355657736,0.0024021950786187254,
0.981774499674421,0.0034746606288243217,0.0070842146931050015,0.004353233821113234,0.003313391182536593,
0.008152049510907047,0.9730150106864198,0.009044677564614223,0.005557933798034757,0.004230328440024188,
0.007161169905694895,0.00389700477032262,0.12949505232790529,0.004882368317204012,0.8545644046788733,
0.8580094415219103,0.00389700477032262,0.12949505232790529,0.004882368317204012,0.0037161330626579747,
0.20131990628134938,0.0031349097565892547,0.3486200685422874,0.00392757642726673,0.44299753899250727,
0.011271207297878217,0.006133627491814735,0.1081610067917657,0.0076845244747002425,0.8667496339438411,
0.012463401879517971,0.00678240248709982,0.01382811171689071,0.008497343208230264,0.9584287407082612,
0.011271207297878217,0.006133627491814735,0.012505374953481144,0.0076845244747002425,0.9624052657821256,
0.0076245510547509245,0.32768649368952146,0.008459419410161102,0.6522729412338466,0.003956594611719972,
0.007624551054750924,0.004149170069027915,0.9790713902716417,0.005198293992859547,0.0039565946117199715,
0.02645412159091006,0.014395949180382901,0.7028773091207884,0.24254483021015674,0.01372778989776192,
0.08308437420481317,0.0047659559178955925,0.009716935996615784,0.8978879803056894,0.004544753574986262,
0.0054922237913407135,0.0029887885075193243,0.8917024285350768,0.003744508199492854,0.09607205096657037,
0.03066401361445729,0.907005267536627,0.03101794284400965,0.029635440322576697,0.0016773356823292882,
0.08975558478828628,0.8883871159303306,0.010497151613330374,0.006450475798394303,0.004909671869658442,
0.013937633593267157,0.007584657997958836,0.015463767939114319,0.3643570223682572,0.5986569181014025,
0.009461177478582335,0.005148635523587194,0.010497151613330374,0.9699833635148417,0.004909671869658442,
0.008757962102334533,0.004765955917895591,0.00971693599661578,0.8978879803056891,0.07887116567746487,
0.011271207297878217,0.006133627491814735,0.012505374953481144,0.9642408428575459,0.005848947399280102,
0.008757962102334536,0.8966829011476392,0.0840433480990944,0.005971035075945783,0.004544753574986262,
0.007161169905694895,0.00389700477032262,0.007945299239874514,0.004882368317204012,0.976114157766904,
0.005247626712197581,0.13646116988536056,0.005822228082371242,0.003577745918271265,0.8488912294017993,
0.009461177478582335,0.005148635523587194,0.572558002781258,0.006450475798394303,0.40638170841817817,
0.006750885662965409,0.003673734037724374,0.12207590431421012,0.004602643242372666,0.8628968327427275,
0.005760737471229154,0.0031349097565892547,0.006391523124576973,0.00392757642726673,0.9807852532203379,
0.013937633593267157,0.007584657997958836,0.015463767939114319,0.009502450237697952,0.9535114902319617,
0.003522164741276215,0.0019167109535692035,0.15336604268555343,0.0024013542154759653,0.8387937274041252,
0.012463401879517971,0.00678240248709982,0.01382811171689071,0.008497343208230264,0.9584287407082612,
0.007624551054750924,0.004149170069027915,0.0084594194101611,0.005198293992859547,0.9745685654732005,
0.0021638580601192146,0.29500261778496034,0.020764862197240386,0.0014752829739804116,0.6805933789836996,
0.007161169905694895,0.00389700477032262,0.007945299239874514,0.004882368317204012,0.976114157766904,
0.011271207297878217,0.006133627491814735,0.20381663863005026,0.0076845244747002425,0.7710940021055565,
0.007161169905694895,0.00389700477032262,0.007945299239874514,0.004882368317204012,0.976114157766904,
0.2773265758111745,0.0034746606288243217,0.0070842146931050015,0.004353233821113234,0.707761315045783,
0.006385066633002783,0.057662962464458664,0.22383742203564236,0.004353233821113234,0.707761315045783,
0.012463401879517971,0.00678240248709982,0.22537502947505902,0.008497343208230264,0.746881822950093,
0.07733624834021846,0.00443622707606017,0.009044677564614224,0.07474213262734616,0.834440714391761,
0.00323230778002694,0.13891750417257714,0.003586237009579298,0.0022037344881463473,0.8520602165496702,
0.021603863239479923,0.011756508951798318,0.39066150329104543,0.014729160011378055,0.5612489645062984,
0.021603863239479923,0.9284866930862706,0.02396942963725653,0.014729160011378055,0.011210854025614994,
0.2502096984838795,0.0031349097565892547,0.05528131532710703,0.00392757642726673,0.6874465000051576,
0.005247626712197582,0.0028556823255992815,0.005822228082371243,0.0035777459182712652,0.9824967169615607,
0.012463401879517971,0.00678240248709982,0.01382811171689071,0.11427080208731442,0.852655281829177,
0.18948579953774106,0.30777138749039956,0.06872017578388989,0.004882368317204012,0.4291402688707657,
0.006750885662965409,0.003673734037724374,0.007490089947982318,0.004602643242372666,0.9774826471089553,
0.006056855897456468,0.003296053108134451,0.9833745525017127,0.004129465118834125,0.003143073373862202,
0.015807410942044155,0.9476741628254697,0.017538281006617206,0.010777233800734877,0.008202911425134183,
0.14996055367355002,0.008602163704928665,0.017538281006617206,0.81569609018977,0.008202911425134183,
0.008757962102334534,0.07909236802037421,0.0840433480990944,0.22895027138338167,0.5991560503948151,
0.25944410966835735,0.14118572053508405,0.28785255963535084,0.17688474338845822,0.13463286677274955,
0.0038691285587886407,0.0677779803899374,0.03712901637468175,0.0026379084617998336,0.8885859662147922,
0.1731952393367042,0.7846282187887988,0.020255638580182183,0.012447043851073215,0.009473859443241597,
0.008757962102334536,0.0047659559178955925,0.3070225844065303,0.005971035075945783,0.6734824624972939,
0.006056855897456469,0.0032960531081344512,0.006720065742305637,0.15833806829137212,0.8255889569607314,
0.03553840960499602,0.0020385842126222128,0.004156310435726396,0.0025540433123039247,0.9557126524343514,
0.008152049510907047,0.9730150106864198,0.009044677564614223,0.005557933798034757,0.004230328440024188,
0.004629147238422254,0.5525272808556915,0.005136026727344425,0.003156076745864071,0.4345514684326777,
0.004141083698949679,0.9862921466297173,0.0045945215095869055,0.0028233230208046566,0.0021489251409414238,
0.003064195557710381,0.10568742559927186,0.8875691630056464,0.0020891183292251077,0.0015900975081462319,
0.0640437928460793,0.003673734037724374,0.007490089947982318,0.9212891581721951,0.0035032249960190104,
0.006056855897456469,0.5173247303499278,0.4693458752599196,0.004129465118834126,0.0031430733738622026,
0.003419937202658019,0.0018610802101432392,0.0037944113621837896,0.002331657154483415,0.9885929140705316,
0.021603863239479923,0.011756508951798318,0.20731546646415097,0.014729160011378055,0.7445950013331928,
0.01246340187951797,0.21832932024526813,0.013828111716890709,0.008497343208230262,0.7468818229500928,
0.004141083698949679,0.24826317491084643,0.0045945215095869055,0.0028233230208046566,0.7401778968598124,
0.005247626712197582,0.0028556823255992815,0.005822228082371243,0.0035777459182712652,0.9824967169615607,
0.10708413038901392,0.0016674907679683107,0.0033997169395662743,0.0020891183292251077,0.8857595435742264,
0.013937633593267157,0.007584657997958836,0.015463767939114319,0.9557813092525225,0.007232631217137227,
0.18948579953774106,0.064671881314338,0.007945299239874514,0.7341808868453886,0.0037161330626579747,
0.009461177478582336,0.005148635523587195,0.25138037354244225,0.7291001415857299,0.0049096718696584425,
0.3938937346510165,0.006133627491814736,0.10816100679176571,0.4859626836661231,0.005848947399280103,
0.6380111878107392,0.009934971332073777,0.17519428807152718,0.012447043851073215,0.16441250893458662,
0.006750885662965407,0.8630673417844328,0.007490089947982316,0.004602643242372665,0.1180890393622468,
0.011271207297878217,0.9626899458746604,0.012505374953481144,0.0076845244747002425,0.005848947399280102,
0.9807303077759018,0.003673734037724374,0.007490089947982318,0.004602643242372666,0.0035032249960190104,
0.05210321435105238,0.002988788507519325,0.9383134190947885,0.0037445081994928542,0.002850069847147058,
0.012463401879517971,0.11255586136618398,0.8600157827495641,0.008497343208230264,0.006467610796503783,
0.0027754893376799364,0.0015103810315011265,0.9923815667655174,0.0018922831584054045,0.0014402797068960552,
0.28411369640505585,0.008602163704928664,0.6883039946641464,0.010777233800734877,0.008202911425134182,
0.021603863239479923,0.011756508951798318,0.9406996137717287,0.014729160011378055,0.011210854025614994,
0.7929498373020842,0.009934971332073777,0.17519428807152718,0.012447043851073215,0.009473859443241597,
0.005760737471229153,0.0031349097565892543,0.9841873671751781,0.003927576427266729,0.002989409169736774,
0.9478884867934293,0.009934971332073777,0.020255638580182183,0.012447043851073215,0.009473859443241597,
0.004454159791398986,0.0024238891387086433,0.8365688794915628,0.15424168242192704,0.00231138915640256,
0.013937633593267157,0.007584657997958836,0.7251729122002327,0.009502450237697952,0.24380234597084338,
0.010287180543185318,0.09290260221573257,0.8844582779266519,0.007013631155080353,0.005338308159350007,
0.06954158531932576,0.42897649257289155,0.4968362136984416,0.002637908461799834,0.002007799947541317,
0.00374612010352924,0.0020385842126222128,0.035948599937193175,0.9563227283563074,0.0019439673903480536,
0.006750885662965407,0.0036737340377243732,0.9814695120609185,0.004602643242372665,0.0035032249960190096,
0.07233201577884962,0.004149170069027915,0.0084594194101611,0.005198293992859547,0.9098611007491018,
0.009461177478582335,0.005148635523587194,0.010497151613330374,0.006450475798394303,0.9684425595861058,
0.006385066633002783,0.9788640936702424,0.0070842146931050015,0.004353233821113234,0.003313391182536593,
0.10692683913616277,0.8670343140363758,0.012505374953481144,0.0076845244747002425,0.005848947399280102,
0.006750885662965407,0.0036737340377243732,0.9814695120609185,0.004602643242372665,0.0035032249960190096,
0.2505073483469733,0.007584657997958836,0.015463767939114319,0.7192115944988163,0.007232631217137227,
0.011271207297878219,0.6757230503598068,0.10816100679176571,0.007684524474700243,0.19716021107584925,
0.008757962102334534,0.004765955917895592,0.009716935996615782,0.005971035075945782,0.9707881109072083,
0.012463401879517971,0.00678240248709982,0.01382811171689071,0.9604584731199878,0.006467610796503783,
0.005023887084411582,0.0027339264661134085,0.9862099458244856,0.003425203905668454,0.002607036719320883,
0.003630692089528271,0.0019757699620019447,0.21971702953462666,0.7727924398758941,0.0018840685379489745,
0.013937633593267157,0.007584657997958836,0.015463767939114319,0.9557813092525225,0.007232631217137227,
0.07233201577884962,0.004149170069027915,0.0084594194101611,0.005198293992859547,0.9098611007491018,
0.17756432758881885,0.0018610802101432392,0.2069628668127048,0.6118370235060464,0.0017747018822866845,
0.003869128558788641,0.002105523629400286,0.10280147313521888,0.889216074729051,0.002007799947541317,
0.9003871515073008,0.002733926466113409,0.005573989551797599,0.046061549830567934,0.04524338264422037,
0.979559194609941,0.00389700477032262,0.007945299239874514,0.004882368317204012,0.0037161330626579747,
0.33063880671739815,0.005148635523587195,0.5725580027812581,0.08674488310809826,0.0049096718696584425,
0.9893070946489995,0.0020385842126222128,0.004156310435726396,0.0025540433123039247,0.0019439673903480536,
0.8419316352312388,0.007584657997958838,0.1337486253159674,0.009502450237697954,0.007232631217137229,
0.38570317948244315,0.0034746606288243217,0.0070842146931050015,0.600424554013091,0.003313391182536593,
0.6808606301658701,0.29310052300666845,0.012505374953481144,0.0076845244747002425,0.005848947399280102,
0.008757962102334536,0.5993772527377247,0.38134899650900894,0.005971035075945783,0.004544753574986262,
0.013937633593267154,0.5990089448822241,0.015463767939114316,0.24607216499140405,0.12551748859399028,
0.006385066633002783,0.057662962464458664,0.6573438367207172,0.2752947429992849,0.003313391182536593,
0.006056855897456469,0.877144804419183,0.006720065742305637,0.10693520056719279,0.0031430733738622026,
0.010287180543185318,0.005598134407910422,0.011413599848430205,0.9673627770411241,0.005338308159350007,
0.0480126511659883,0.026127788209702622,0.05326991062034717,0.03273423895324303,0.8398554110507189,
0.008757962102334533,0.004765955917895591,0.00971693599661578,0.8978879803056891,0.07887116567746487,
0.007161169905694893,0.003897004770322619,0.9803433239441205,0.004882368317204011,0.003716133062657974,
0.007624551054750924,0.004149170069027915,0.9790713902716417,0.005198293992859547,0.0039565946117199715,
0.9478884867934293,0.009934971332073777,0.020255638580182183,0.012447043851073215,0.009473859443241597,
0.9678275256807238,0.006133627491814735,0.012505374953481144,0.0076845244747002425,0.005848947399280102,
0.25017539783002807,0.04351495376920314,0.7005240831377065,0.0032851376408042175,0.0025004276222581126,
0.6228912685876082,0.36311612717738967,0.006720065742305636,0.004129465118834125,0.003143073373862202,
0.8833318586214067,0.005598134407910421,0.011413599848430203,0.007013631155080352,0.09264277596717216,
0.08975558478828628,0.005148635523587194,0.8937356320200739,0.006450475798394303,0.004909671869658442,
0.48307253831939423,0.009934971332073776,0.48507158705421716,0.012447043851073213,0.009473859443241596,
0.006056855897456468,0.003296053108134451,0.9833745525017127,0.004129465118834125,0.003143073373862202,
0.06404379284607929,0.6911886202350911,0.007490089947982316,0.004602643242372665,0.23267485372847457,
0.007624551054750924,0.26297902896542275,0.7202415313752469,0.005198293992859547,0.0039565946117199715,
0.02645412159091006,0.9124313232548769,0.029350778564918013,0.018035986691533296,0.01372778989776192,
0.12248803997134745,0.002519114768707165,0.8301482758578208,0.042442374323505797,0.002402195078618725,
0.008757962102334536,0.0047659559178955925,0.3070225844065303,0.005971035075945783,0.6734824624972939,
0.011271207297878217,0.006133627491814735,0.9690616933363269,0.0076845244747002425,0.005848947399280102,
0.015807410942044155,0.008602163704928665,0.017538281006617206,0.010777233800734877,0.9472749105456751,
0.01825658984535919,0.009934971332073777,0.3301329375628722,0.6322016418164532,0.009473859443241597,
0.4554827971882627,0.026127788209702626,0.05326991062034718,0.03273423895324304,0.43238526502844465,
0.02645412159091006,0.014395949180382901,0.029350778564918013,0.9160713607660271,0.01372778989776192,
0.006385066633002781,0.0034746606288243212,0.9824736477345231,0.004353233821113233,0.0033133911825365928,
0.69021782830665,0.0031349097565892547,0.29973027633975735,0.00392757642726673,0.0029894091697367747,
0.005492223791340714,0.002988788507519325,0.0527045984602668,0.9359643193937262,0.002850069847147058,
0.8629529432105368,0.026127788209702615,0.05326991062034716,0.032734238953243025,0.024915119006170217,
0.003419937202658019,0.0018610802101432392,0.9906126235504286,0.002331657154483415,0.0017747018822866845,
0.0037461201035292394,0.0020385842126222128,0.9897172849811966,0.0025540433123039242,0.0019439673903480534,
0.25096296510953353,0.014395949180382901,0.7028773091207884,0.018035986691533296,0.01372778989776192,
0.008757962102334534,0.004765955917895592,0.8273074691238806,0.15462385928090303,0.004544753574986262,
0.4870770631006795,0.007584657997958838,0.4886031974465267,0.009502450237697954,0.007232631217137229,
0.6131234439674431,0.01856365357627211,0.03784798616929536,0.023257501443817465,0.3072074148431719,
0.5616256401453982,0.0044362270760601695,0.009044677564614221,0.0055579337980347565,0.41933552141589253,
0.003630692089528271,0.0019757699620019447,0.46621849945220417,0.5262909699583166,0.0018840685379489745,
0.7364596884338794,0.00389700477032262,0.06872017578388989,0.004882368317204012,0.18604076269470413,
0.013937633593267157,0.007584657997958836,0.7251729122002327,0.009502450237697952,0.24380234597084338,
0.004818446147640292,0.0026221284888051774,0.5369527820161146,0.003285137640804217,0.4523215057066356,
0.726266152924697,0.002105523629400286,0.26698261503656173,0.002637908461799834,0.002007799947541317,
0.3306388067173981,0.005148635523587194,0.2513803735424422,0.006450475798394303,0.40638170841817817,
0.60159310842375,0.0022535176712227697,0.18031570525217522,0.21368874351191064,0.0021489251409414238,
0.10692683913616277,0.006133627491814735,0.8734060614980422,0.0076845244747002425,0.005848947399280102,
0.004141083698949679,0.0022535176712227692,0.9886331504680814,0.0028233230208046566,0.0021489251409414238,
0.005760737471229154,0.29647366297176964,0.006391523124576973,0.6883846672626875,0.0029894091697367747,
0.005760737471229154,0.0031349097565892547,0.44639965294734757,0.5417152906550974,0.0029894091697367747,
0.35558345118412626,0.49427283215047,0.004594521509586905,0.1434002700148753,0.0021489251409414238,
0.01825658984535919,0.009934971332073777,0.020255638580182183,0.9420789407991432,0.009473859443241597,
0.008152049510907047,0.9730150106864198,0.009044677564614223,0.005557933798034757,0.004230328440024188,
0.2503443994076942,0.406620672072107,0.25138037354244225,0.006450475798394304,0.0852040791793624,
0.009461177478582335,0.005148635523587194,0.010497151613330374,0.006450475798394303,0.9684425595861058,
0.015807410942044155,0.4110615918994462,0.5541508519326406,0.010777233800734877,0.008202911425134182,
0.30347830855870794,0.6849154612645051,0.005573989551797599,0.0034252039056684547,0.0026070367193208833,
0.004818446147640293,0.0026221284888051774,0.5369527820161147,0.4531062157251818,0.0025004276222581126,
0.6546991982957381,0.2629790289654228,0.07316688413425981,0.005198293992859548,0.003956594611719972,
0.34351101862001987,0.17193227290995297,0.20814485011042733,0.27433589148981236,0.0020759668697875318,
0.9835565815218303,0.0031349097565892547,0.006391523124576973,0.00392757642726673,0.0029894091697367747,
0.008152049510907049,0.6962782153691743,0.28578147288185984,0.005557933798034757,0.004230328440024189,
0.14652044716952986,0.834646613027797,0.009044677564614223,0.005557933798034757,0.004230328440024188,
0.7903550987912569,0.08109170992399063,0.005136026727344425,0.003156076745864071,0.12026108781154392,
0.0054922237913407135,0.0029887885075193243,0.9849244096545,0.003744508199492854,0.0028500698471470576,
0.09871420491076406,0.002988788507519325,0.006093607900555137,0.8893533288340145,0.002850069847147058,
0.009461177478582335,0.005148635523587194,0.8937356320200739,0.08674488310809825,0.004909671869658442,
0.013937633593267157,0.244154372751665,0.7251729122002327,0.009502450237697952,0.007232631217137227,
0.9678275256807238,0.006133627491814735,0.012505374953481144,0.0076845244747002425,0.005848947399280102,
0.29823810281273194,0.1974448911683839,0.490783534144904,0.007684524474700243,0.005848947399280103,
0.29823810281273194,0.006133627491814735,0.6820947978214731,0.0076845244747002425,0.005848947399280102,
0.015807410942044155,0.2769084491679404,0.6883039946641464,0.010777233800734877,0.008202911425134182,
0.9850212021504471,0.0028556823255992815,0.005822228082371243,0.0035777459182712652,0.002723141523311239,
0.2773265758111745,0.0034746606288243217,0.0070842146931050015,0.22110644116365058,0.49100810770324566,
0.5924382439015898,0.0031349097565892547,0.006391523124576973,0.3950459140475072,0.0029894091697367747,
0.006385066633002783,0.5453576789851677,0.22383742203564236,0.004353233821113234,0.22006659852507396,
0.14532519547047573,0.7487646374629059,0.0527045984602668,0.05035549875920452,0.002850069847147058,
0.009461177478582335,0.9686815232400346,0.010497151613330374,0.006450475798394303,0.004909671869658442,
0.018256589845359186,0.009934971332073776,0.6400102365455621,0.3223243428337632,0.009473859443241596,
0.979559194609941,0.00389700477032262,0.007945299239874514,0.004882368317204012,0.0037161330626579747,
0.35346130461966385,0.0020385842126222128,0.640002100465062,0.0025540433123039247,0.0019439673903480536,
0.012463401879517971,0.00678240248709982,0.11960157059597487,0.008497343208230264,0.852655281829177,
0.021603863239479923,0.011756508951798318,0.02396942963725653,0.014729160011378055,0.9279410381600872,
0.8635677770359975,0.0026221284888051774,0.005346053370941176,0.04417796292120218,0.08428607818305404,
0.7240270677704036,0.13520850425747283,0.13698697965274972,0.0021448963231639625,0.0016325519962098476,
0.4041955807055917,0.0019757699620019447,0.46621849945220417,0.002475346383464415,0.12513480349673772,
0.9850212021504471,0.0028556823255992815,0.005822228082371243,0.0035777459182712652,0.002723141523311239,
0.006385066633002781,0.111851264300093,0.8740970440632544,0.004353233821113233,0.0033133911825365928,
0.008152049510907047,0.0044362270760601695,0.9776234611749739,0.005557933798034757,0.004230328440024188,
0.5413306962749388,0.00678240248709982,0.01382811171689071,0.008497343208230264,0.42956144631284043,
0.008152049510907047,0.0044362270760601695,0.8392550635163512,0.14392633145665756,0.004230328440024188,
0.4760647181701231,0.0025191147687071654,0.515857895236687,0.0031560767458640713,0.0024021950786187254,
0.008152049510907047,0.0044362270760601695,0.009044677564614223,0.9741367174083944,0.004230328440024188,
0.9478884867934293,0.009934971332073777,0.020255638580182183,0.012447043851073215,0.009473859443241597,
0.22401031963768628,0.006782402487099819,0.013828111716890709,0.008497343208230262,0.7468818229500928,
0.9729940651950297,0.005148635523587194,0.010497151613330374,0.006450475798394303,0.004909671869658442,
0.11823686075860214,0.4298762380034365,0.22537502947505902,0.008497343208230264,0.21801452855467213,
0.7972345649778948,0.00389700477032262,0.12949505232790529,0.06565724486121939,0.0037161330626579747,
0.004818446147640293,0.2888719054515909,0.5778456072965127,0.08507078820160015,0.043393252902656075,
0.7364596884338794,0.00389700477032262,0.25104480541593605,0.004882368317204012,0.0037161330626579747,
0.9807303077759018,0.003673734037724374,0.007490089947982318,0.004602643242372666,0.0035032249960190104,
0.981774499674421,0.0034746606288243217,0.0070842146931050015,0.004353233821113234,0.003313391182536593,
0.007161169905694895,0.00389700477032262,0.007945299239874514,0.9772803930214501,0.0037161330626579747,
0.003630692089528271,0.0019757699620019447,0.9900341230270563,0.002475346383464415,0.0018840685379489745,
0.01825658984535919,0.009934971332073777,0.3301329375628722,0.012447043851073215,0.6292284574086217,
0.8419316352312386,0.007584657997958836,0.015463767939114319,0.127787307614551,0.007232631217137227,
0.9835565815218303,0.0031349097565892547,0.006391523124576973,0.00392757642726673,0.0029894091697367747,
0.9548794100625851,0.008602163704928665,0.017538281006617206,0.010777233800734877,0.008202911425134183,
0.005492223791340714,0.04959977906723099,0.8917024285350769,0.05035549875920452,0.002850069847147058,
0.7687086045210224,0.04409531103674114,0.08990249227568826,0.055244877086773045,0.042048715079775256,
0.7327787692190236,0.25730599781486563,0.004761873934507843,0.002926160705399423,0.002227198326203419,
0.35407304365746406,0.6270940165398629,0.009044677564614223,0.005557933798034757,0.004230328440024188,
0.725697004035967,0.0032960531081344512,0.2637344043632023,0.004129465118834126,0.0031430733738622026,
0.9807303077759018,0.003673734037724374,0.007490089947982318,0.004602643242372666,0.0035032249960190104,
0.9275861978387866,0.057662962464458664,0.0070842146931050015,0.004353233821113234,0.003313391182536593,
0.007161169905694895,0.00389700477032262,0.007945299239874514,0.9772803930214501,0.0037161330626579747,
0.003630692089528271,0.0019757699620019447,0.9900341230270563,0.002475346383464415,0.0018840685379489745,
0.3281338888280492,0.009934971332073776,0.02025563858018218,0.012447043851073213,0.6292284574086215,
0.9602164926080917,0.007584657997958836,0.015463767939114319,0.009502450237697952,0.007232631217137227,
0.9835565815218303,0.0031349097565892547,0.006391523124576973,0.00392757642726673,0.0029894091697367747,
0.9548794100625851,0.008602163704928665,0.017538281006617206,0.010777233800734877,0.008202911425134183,
0.28515816714961073,0.002988788507519325,0.6586474757365185,0.0037445081994928542,0.04946106040685873,
0.0810299275955017,0.04409531103674114,0.7775811692012089,0.055244877086773045,0.042048715079775256,
0.004629147238422254,0.9846765542097505,0.005136026727344426,0.0031560767458640713,0.0024021950786187254,
0.4172797976908911,0.0032960531081344512,0.5721516107082782,0.004129465118834126,0.0031430733738622026,
0.002842442541744862,0.001546815993813905,0.6062293560531125,0.38790636179826177,0.0014750236130668462,
0.010287180543185318,0.09290260221573257,0.8844582779266519,0.007013631155080353,0.005338308159350007,
0.6182108253536097,0.0026221284888051774,0.33248865561412494,0.04417796292120218,0.0025004276222581126,
0.6865731245995734,0.008602163704928665,0.2858445664696289,0.010777233800734877,0.008202911425134183,
0.9885810238583908,0.002177008373539589,0.004438532666731272,0.0027274682315509688,0.0020759668697875318,
0.6902178283066499,0.2964736629717696,0.0063915231245769725,0.003927576427266729,0.002989409169736774,
0.008152049510907049,0.6270940165398629,0.35496567171117127,0.005557933798034757,0.004230328440024189,
0.45463952423201787,0.0026221284888051774,0.33248865561412494,0.207749264042794,0.0025004276222581126,
0.008152049510907049,0.00443622707606017,0.4933340693697941,0.48984732560321465,0.004230328440024189,
0.015807410942044155,0.008602163704928665,0.017538281006617206,0.9498492329212758,0.008202911425134183,
0.2592623171940089,0.0023356005706268524,0.7332487232037616,0.0029261607053994235,0.002227198326203419,
0.4170458836225974,0.0020385842126222128,0.512832942459195,0.0025540433123039247,0.06552854639328162,
0.48307253831939423,0.009934971332073776,0.17519428807152718,0.012447043851073213,0.3193511584259316,
0.5153510157477649,0.0025191147687071654,0.47657159765904533,0.0031560767458640713,0.0024021950786187254,
0.4232572424867755,0.00443622707606017,0.4933340693697941,0.07474213262734616,0.004230328440024189,
0.011271207297878217,0.9626899458746604,0.012505374953481144,0.0076845244747002425,0.005848947399280102,
0.007624551054750924,0.9100536762064098,0.0084594194101611,0.06990575871695824,0.0039565946117199715,
0.20494990006637437,0.011756508951798318,0.7573535769448343,0.014729160011378055,0.011210854025614994,
0.015807410942044155,0.008602163704928664,0.5541508519326406,0.4132366619952524,0.008202911425134182,
0.015807410942044155,0.008602163704928665,0.9566102801271582,0.010777233800734877,0.008202911425134183,
0.08975558478828627,0.005148635523587193,0.8134412247103698,0.006450475798394301,0.08520407917936237,
0.12871092299372563,0.003897004770322619,0.007945299239874512,0.004882368317204011,0.8545644046788731,
