0.0102195458257808,0.12892427397896838,0.012082623973374285,0.8319309936053051,0.01684256261657151,
0.0069489694066767835,0.9677510289395167,0.008215803889400583,0.005631785460784711,0.011452412303621278,
0.003545221709496756,0.0039062281635733774,0.6981039153787257,0.0028732214678651876,0.291571413280339,
0.0044543102471192005,0.004907888296515136,0.0565516404507542,0.0036099913842543526,0.930476169621357,
0.003406186702224984,0.04297061289292876,0.12167988545648382,0.0027605406821732954,0.8291827742661892,
0.2577152906617555,0.003480075125567403,0.07646478096855569,0.0025597651089118395,0.6597800881352096,
0.9275894492072618,0.056193173794300846,0.0052663549529684914,0.0036099913842543526,0.00734103066121428,
0.0030476252621722774,0.5296964621613116,0.3895847905486624,0.002469944913691912,0.07520117711416172,
0.009143664891881353,0.010074755331455453,0.9583016737413504,0.007410474270746807,0.01506943176456592,
0.0049634100500366134,0.00546882923369222,0.005868266387041452,0.9755194297760111,0.008180064553218538,
0.00827273766332754,0.009115142436305172,0.009780902216241175,0.006704632149977339,0.9661265855341489,
0.04830724343186259,0.6709565726139363,0.22679850430988702,0.003128632891135424,0.050809046753178655,
0.00827273766332754,0.009115142436305172,0.9622734080681435,0.006704632149977339,0.013634079682246355,
0.006434184039623537,0.007089370697992106,0.0816879925770995,0.8941844445012299,0.010604008184054974,
0.011582375391412793,0.012761797332398196,0.2804043023720139,0.00938692481046682,0.6858646000937083,
0.00403993210438871,0.004451314433400425,0.9815764894116835,0.0032741590236665696,0.0066581050268606935,
0.009143664891881353,0.010074755331455453,0.11608738966987829,0.007410474270746807,0.8572837158360381,
0.005264245201366487,0.005800298133809166,0.0062239454038449495,0.004266402375951694,0.9784451088850277,
0.03475852636509307,0.03829795305831735,0.04109519259442712,0.028170013704931288,0.8576783142772312,
0.004237013785473156,0.004668464749025038,0.05379285835240896,0.9303187529910908,0.0069829101220020276,
0.005990409573160131,0.0066004071122929275,0.2829679600278942,0.0048549215810122165,0.6995863017056405,
0.002316171212766508,0.7759107186503478,0.0027384216773325976,0.0018771386945830074,0.21715754976497015,
0.004695099779765041,0.0051731971914131,0.005551041711977368,0.003805139025537826,0.9807755222913066,
0.011582375391412793,0.1461169961704904,0.2804043023720139,0.00938692481046682,0.5525094012556162,
0.013364616479420798,0.014725522284664372,0.6313021197550409,0.010831340357528023,0.3297764011233461,
0.13678700637526325,0.0021505714835647577,0.24950548922473303,0.0015818502903589735,0.60997508262608,
0.6408043779454856,0.010074755331455453,0.32664096068774634,0.007410474270746807,0.01506943176456592,
0.0029443116245329733,0.4100407466785811,0.10518023013457883,0.0023862144770895057,0.4794484970852176,
0.15831016674047632,0.004907888296515136,0.7232603519219684,0.0036099913842543526,0.10991160165678569,
0.05794989006497367,0.06385087060744468,0.06851446658099986,0.04696543173846946,0.7627193410081122,
0.009143664891881353,0.2206283263493235,0.010810604160944256,0.21796404528861485,0.5414533593092361,
0.0049634100500366134,0.00546882923369222,0.005868266387041452,0.004022590821719686,0.9796769035075099,
0.005264245201366487,0.005800298133809166,0.9759931912960838,0.004266402375951694,0.008675862992788825,
0.0069489694066767835,0.007656576154731874,0.008215803889400583,0.7257026250493733,0.2514760254998175,
0.004695099779765041,0.0051731971914131,0.005551041711977368,0.9768427918087637,0.007737869508080815,
0.00827273766332754,0.009115142436305172,0.009780902216241175,0.9591971380018798,0.013634079682246355,
0.0049634100500366134,0.9769656681879836,0.005868266387041452,0.004022590821719686,0.008180064553218538,
0.0102195458257808,0.9525728466626682,0.012082623973374285,0.008282420921605362,0.01684256261657151,
0.007553292238189093,0.008322436588233192,0.7046568682748742,0.006121558308663588,0.2733458445900399,
0.006434184039623537,0.007089370697992106,0.007607170382282411,0.9682652666960471,0.010604008184054974,
0.009143664891881353,0.9575658249118618,0.010810604160944256,0.007410474270746807,0.01506943176456592,
0.003696090102574838,0.9828470819514115,0.004369907199639191,0.0029954926095128566,0.006091428136861527,
0.5993292209250698,0.005173197191413101,0.059608689088823254,0.0038051390255378265,0.3320837537691561,
0.0025175845844466454,0.002773947756666433,0.0029765537895328612,0.0020403739647147103,0.9896915399046393,
0.9515322003214377,0.011260192167011279,0.012082623973374285,0.008282420921605362,0.01684256261657151,
0.9855461589761003,0.0033579619574215353,0.0036032237324764333,0.002469944913691912,0.0050227104203097025,
0.005990409573160131,0.9721995401534412,0.007082493444708969,0.0048549215810122165,0.009872635247677494,
0.0049634100500366134,0.00546882923369222,0.005868266387041452,0.9755194297760111,0.008180064553218538,
0.0034061867022249837,0.39592881071000424,0.5922908158792511,0.002760540682173295,0.005613646026346222,
0.005603900871504871,0.006174540608139575,0.5873167540743919,0.004541675981692497,0.3963631284642712,
0.1346463968594259,0.006174540608139575,0.8454017460502339,0.004541675981692497,0.009235640500508178,
0.005990409573160131,0.0066004071122929275,0.007082493444708969,0.0048549215810122165,0.9754717682888258,
0.0035452217094967555,0.003906228163573377,0.00419153468738614,0.002873221467865187,0.9854837939716785,
0.0026725187289549555,0.0029446586933495494,0.0031597332615606526,0.0021659401906334256,0.9890571491255014,
0.0044543102471192005,0.004907888296515136,0.31297806793968275,0.6703187028554685,0.00734103066121428,
0.003696090102574838,0.0040724593373405935,0.004369907199639191,0.0029954926095128566,0.9848660507509325,
0.7162040366975234,0.24658835579092547,0.012082623973374285,0.008282420921605362,0.01684256261657151,
0.9844552524262301,0.0036114048095678064,0.0038751777662800755,0.002656364501378644,0.005401800496543192,
0.0069489694066767835,0.9677510289395167,0.008215803889400583,0.005631785460784711,0.011452412303621278,
0.0049634100500366134,0.00546882923369222,0.005868266387041452,0.9755194297760111,0.008180064553218538,
0.019306069670479258,0.021271987834419775,0.022825669967025623,0.015646585286536577,0.9209496872415387,
0.005264245201366487,0.49068492107992856,0.4304979904816994,0.06487698024421662,0.008675862992788825,
0.0069489694066767835,0.007656576154731874,0.9683102566741854,0.005631785460784711,0.011452412303621278,
0.009143664891881353,0.7470122538939937,0.22136417517881232,0.007410474270746807,0.01506943176456592,
0.9715895426143084,0.0066004071122929275,0.007082493444708969,0.0048549215810122165,0.009872635247677494,
0.8117135684199659,0.012761797332398196,0.1470491035339217,0.00938692481046682,0.01908860590324742,
0.8538123353570753,0.005800298133809166,0.1274451011403748,0.004266402375951694,0.008675862992788825,
0.007553292238189093,0.008322436588233192,0.008930298022130809,0.006121558308663588,0.9690724148427834,
0.004963410050036614,0.5769375580303343,0.005868266387041453,0.004022590821719687,0.40820817471086795,
0.6750174917596592,0.00911514243630517,0.009780902216241175,0.006704632149977338,0.29938183143781705,
0.004237013785473156,0.15101870727192504,0.005009444178108953,0.003433883679390618,0.8363009510851022,
0.6346538255068402,0.35425029542668157,0.0036032237324764333,0.002469944913691912,0.0050227104203097025,
0.7797021798347591,0.0012845552489920708,0.0013783777236117058,9.448530816711466E-4,0.21669003411096596,
0.5702643125271043,0.0020147423996869055,0.4232254294661039,0.0014819413696774706,0.0030135742374275114,
0.0044543102471192005,0.9280430272566579,0.0052663549529684914,0.05489527688204006,0.00734103066121428,
0.2135830253437283,0.49460722881438557,0.07378169042632844,0.21300534499524792,0.0050227104203097025,
0.005603900871504871,0.9739932605175472,0.006625522128747302,0.004541675981692497,0.009235640500508178,
0.003158452954922853,0.9853421634233505,0.003734255909460635,0.002559765108911839,0.005205362603354159,
0.015795090172706545,0.5629800184516635,0.018674620030657924,0.012801115385680347,0.38974915595929166,
0.9144229132253403,0.005800298133809166,0.06683452327210987,0.004266402375951694,0.008675862992788825,
0.16696471153747428,0.8077352868087193,0.008215803889400583,0.005631785460784711,0.011452412303621278,
0.0248240283236798,0.598981249538639,0.029349582149018803,0.020118609481440536,0.32672653050722184,
0.9670434221914617,0.007656576154731874,0.008215803889400583,0.005631785460784711,0.011452412303621278,
0.2415890360469285,0.6881208869637675,0.02282566996702563,0.01564658528653658,0.031817821735741936,
0.005264245201366487,0.9755695440260479,0.0062239454038449495,0.004266402375951694,0.008675862992788825,
0.0049634100500366134,0.00546882923369222,0.06301513926670566,0.9183725568963469,0.008180064553218538,
0.009143664891881353,0.010074755331455453,0.4319177461966804,0.5337944018154169,0.01506943176456592,
0.18709597880616124,0.7331272325529882,0.06683452327210987,0.004266402375951694,0.008675862992788825,
0.004695099779765041,0.9782108499746388,0.005551041711977368,0.003805139025537826,0.007737869508080815,
0.0044543102471192005,0.9280430272566579,0.0052663549529684914,0.05489527688204006,0.00734103066121428,
0.0044543102471192005,0.9793283127544435,0.0052663549529684914,0.0036099913842543526,0.00734103066121428,
0.005990409573160131,0.9721995401534412,0.007082493444708969,0.0048549215810122165,0.009872635247677494,
0.003277645390009303,0.7961010104926693,0.003875177766280076,0.0026563645013786444,0.1940898018496626,
0.9788747347050475,0.004907888296515136,0.0052663549529684914,0.0036099913842543526,0.00734103066121428,
0.05302042795977316,0.9315533340607252,0.005009444178108953,0.003433883679390618,0.0069829101220020276,
0.0069489694066767835,0.9677510289395167,0.008215803889400583,0.005631785460784711,0.011452412303621278,
0.0023161712127665085,0.9359159656831159,0.002738421677332598,0.0018771386945830078,0.057152302732202155,
0.4933657257269128,0.4937267321809894,0.0041915346873861396,0.0028732214678651867,0.0058427859368462435,
0.0035452217094967555,0.003906228163573377,0.00419153468738614,0.002873221467865187,0.9854837939716785,
0.0758889780140179,0.8762463758347078,0.0037342559094606345,0.0025597651089118386,0.04157062513290167,
0.17413542456140715,0.1918674642760585,0.20588124866680318,0.14112788456231012,0.28698797793342096,
0.005603900871504871,0.13521703659606057,0.006625522128747302,0.7787966519092185,0.07375688849446868,
0.0038603697524716295,0.1820409621406357,0.271245377989278,0.0031286328911354242,0.5397246572264792,
0.00827273766332754,0.2948628941918759,0.009780902216241175,0.006704632149977339,0.6803788337785781,
0.0069489694066767835,0.007656576154731874,0.9683102566741854,0.005631785460784711,0.011452412303621278,
0.004454310247119201,0.004907888296515137,0.7745456374197541,0.003609991384254353,0.21248217265235714,
0.00827273766332754,0.009115142436305172,0.009780902216241175,0.006704632149977339,0.9661265855341489,
0.3457209130055731,0.638852849014925,0.005009444178108952,0.003433883679390617,0.006982910122002027,
0.3106387356868259,0.02735183481234687,0.600978996875311,0.020118609481440536,0.04091182314407576,
0.2940204894188983,0.009115142436305172,0.6765256563125729,0.006704632149977339,0.013634079682246355,
0.015795090172706545,0.017403488733449508,0.018674620030657924,0.012801115385680347,0.9353256856775056,
0.39273138883526787,0.006174540608139574,0.0711467701227078,0.1335841719696135,0.3963631284642712,
0.0049634100500366134,0.9769656681879836,0.005868266387041452,0.004022590821719686,0.008180064553218538,
0.007553292238189093,0.9649464706857555,0.008930298022130809,0.006121558308663588,0.012448380745261122,
0.00827273766332754,0.009115142436305172,0.009780902216241175,0.006704632149977339,0.9661265855341489,
0.004695099779765041,0.0051731971914131,0.005551041711977368,0.003805139025537826,0.9807755222913066,
0.7202920505318631,0.003611404809567807,0.003875177766280076,0.0026563645013786444,0.26956500239091036,
0.0042370137854731565,0.10223529309762505,0.10257627252670898,0.0034338836793906184,0.7875175369108023,
0.00403993210438871,0.143994179571214,0.7955193358945988,0.0032741590236665696,0.053172393406131876,
0.8335550547485732,0.004668464749025038,0.15135968670100897,0.003433883679390618,0.0069829101220020276,
0.002446664252122193,0.7069455532577431,0.0028927042993352253,0.0019828966507298325,0.2857321815400697,
0.03952371548447037,0.9126116383642554,0.003734255909460635,0.002559765108911839,0.041570625132901676,
0.9750334910936052,0.005800298133809166,0.0062239454038449495,0.004266402375951694,0.008675862992788825,
0.005603900871504871,0.9739932605175472,0.006625522128747302,0.004541675981692497,0.009235640500508178,
0.0030476252621722774,0.0033579619574215353,0.0036032237324764333,0.002469944913691912,0.9875212441342378,
0.6335790117263427,0.29120319363201314,0.0058682663870414506,0.061169463701383875,0.008180064553218538,
0.0102195458257808,0.9525728466626682,0.012082623973374285,0.008282420921605362,0.01684256261657151,
0.0034061867022249837,0.9841924737384634,0.004027152850791966,0.002760540682173295,0.005613646026346222,
0.3508472428021417,0.4893999736328671,0.07605386009050528,0.0048549215810122165,0.07884400189347379,
0.5524522721954537,0.04297061289292876,0.20011504052694506,0.0027605406821732954,0.2017015337024993,
0.9236751051861448,0.05923084456825898,0.005551041711977368,0.003805139025537826,0.007737869508080815,
0.005990409573160131,0.0066004071122929275,0.007082493444708969,0.9704540546221605,0.009872635247677494,
0.005264245201366487,0.005800298133809166,0.0062239454038449495,0.9740356482681906,0.008675862992788825,
0.005264245201366487,0.127021453870339,0.8547720355595537,0.004266402375951694,0.008675862992788825,
0.05302042795977316,0.004668464749025038,0.687977242618309,0.24735095455089062,0.0069829101220020276,
0.00827273766332754,0.009115142436305172,0.009780902216241175,0.9591971380018798,0.013634079682246355,
0.8513579489633536,0.010074755331455453,0.010810604160944256,0.11268725977968085,0.01506943176456592,
0.2940204894188983,0.009115142436305172,0.4860271551421924,0.19720313332035783,0.013634079682246355,
0.005603900871504871,0.9739932605175472,0.006625522128747302,0.004541675981692497,0.009235640500508178,
0.005603900871504871,0.006174540608139575,0.006625522128747302,0.004541675981692497,0.9770543604099158,
0.01930606967047926,0.24355495421086903,0.6896745690963734,0.01564658528653658,0.031817821735741936,
0.006434184039623537,0.9701400592306142,0.007607170382282411,0.005214578163424963,0.010604008184054974,
0.00403993210438871,0.004451314433400425,0.004776433446988532,0.0032741590236665696,0.9834581609915557,
0.19416691357981733,0.0026219454981589604,0.002813449456550869,0.1663176690134187,0.6340800224520542,
0.7270198089952654,0.007656576154731874,0.008215803889400583,0.005631785460784711,0.2514760254998175,
0.9515322003214377,0.011260192167011279,0.012082623973374285,0.008282420921605362,0.01684256261657151,
0.0069489694066767835,0.9677510289395167,0.008215803889400583,0.005631785460784711,0.011452412303621278,
0.006434184039623537,0.007089370697992106,0.007607170382282411,0.37561868913751034,0.6032505857425916,
0.00827273766332754,0.009115142436305172,0.20027940338662167,0.006704632149977339,0.7756280843637683,
0.006434184039623537,0.007089370697992106,0.007607170382282411,0.9682652666960471,0.010604008184054974,
0.06587482306963141,0.0058002981338091675,0.006223945403844951,0.7922039146633958,0.1298970187293187,
0.003860369752471629,0.004253467423071827,0.09345788327171413,0.8031723591201727,0.09525592043256963,
0.0069489694066767835,0.007656576154731874,0.008215803889400583,0.4056711407877784,0.5715075097614124,
0.004963410050036614,0.0054688292336922215,0.23445575790569828,0.632638192498026,0.12247381031254696,
0.9799052972714731,0.004668464749025038,0.005009444178108953,0.003433883679390618,0.0069829101220020276,
0.0102195458257808,0.011260192167011279,0.012082623973374285,0.9495950754172622,0.01684256261657151,
0.0025927391218932045,0.0028567552070461024,0.0030654094032108075,0.9872120716390294,0.004273024628820484,
0.9566347344722876,0.010074755331455453,0.010810604160944256,0.007410474270746807,0.01506943176456592,
0.005603900871504871,0.07069578860210009,0.07114677012270781,0.8433178999031791,0.009235640500508178,
0.0015936794863640798,0.001755962307425958,0.0018842158248599324,0.9370925278211312,0.057673614560218835,
0.9750334910936052,0.005800298133809166,0.0062239454038449495,0.004266402375951694,0.008675862992788825,
0.10352198824851779,0.009115142436305172,0.009780902216241175,0.8639478874166896,0.013634079682246355,
0.005264245201366487,0.005800298133809166,0.0062239454038449495,0.9740356482681906,0.008675862992788825,
0.05875274715661091,0.2214037866987966,0.005551041711977368,0.7065545549245341,0.007737869508080815,
0.004695099779765041,0.0051731971914131,0.05960868908882324,0.9227851444319177,0.007737869508080815,
0.009143664891881353,0.010074755331455453,0.010810604160944256,0.9549015438511531,0.01506943176456592,
0.005990409573160131,0.0066004071122929275,0.007082493444708969,0.9704540546221605,0.009872635247677494,
0.3859541970632997,0.0026219454981589604,0.002813449456550869,0.6046886026899498,0.003921805292040699,
0.19765393341211124,0.01740348873344951,0.018674620030657927,0.7402364883432991,0.02603146948048232,
0.015795090172706548,0.01740348873344951,0.018674620030657927,0.9220953315827038,0.02603146948048232,
0.05302042795977316,0.004668464749025038,0.9318943134898091,0.003433883679390618,0.0069829101220020276,
0.003860369752471629,0.09314721478185374,0.0045641359129322155,0.8920661064789547,0.006362173073787699,
0.009143664891881353,0.010074755331455453,0.11608738966987829,0.8496247583422191,0.01506943176456592,
0.005264245201366487,0.005800298133809166,0.4304979904816994,0.549761603190336,0.008675862992788825,
0.0049634100500366134,0.1197625749930206,0.005868266387041452,0.8612256840166826,0.008180064553218538,
0.0044543102471192005,0.004907888296515136,0.0052663549529684914,0.0036099913842543526,0.9817614551191428,
0.011582375391412793,0.012761797332398196,0.013693904695829512,0.9428733166771122,0.019088605903247423,
0.011582375391412792,0.9462481891990435,0.01369390469582951,0.00938692481046682,0.01908860590324742,
0.006434184039623537,0.007089370697992106,0.007607170382282411,0.8941844445012299,0.08468483037887205,
0.17413542456140715,0.1918674642760585,0.20588124866680318,0.14112788456231012,0.28698797793342096,
0.9864939900458355,0.0031377588523112693,0.0033669372395503587,0.0023079747823018886,0.004693339080000905,
0.936616209237861,0.01472552228466437,0.015801057916080656,0.010831340357528021,0.02202587020386598,
0.006434184039623537,0.007089370697992106,0.007607170382282411,0.8201036223064129,0.15876565257368916,
0.0044543102471192005,0.004907888296515136,0.0052663549529684914,0.9780304158421829,0.00734103066121428,
0.19324099069922002,0.03478541470354111,0.003260046170121044,0.7641692100554053,0.004544338371712476,
0.005990409573160131,0.21351450704968183,0.007082493444708969,0.625597221393179,0.14781536853927013,
0.0034061867022249837,0.0037530353576981364,0.004027152850791966,0.9831999790629387,0.005613646026346222,
0.0030476252621722774,0.5296964621613116,0.038692457079402436,0.3884515117298779,0.0401119437672357,
0.0022560089998775812,0.002485736186538175,0.0026672915695826814,0.13170265848752813,0.8608883047564734,
0.0049634100500366134,0.5769375580303342,0.40589637654469085,0.004022590821719686,0.008180064553218538,
0.004454310247119201,0.004907888296515137,0.3129780679396828,0.46517756086432577,0.21248217265235714,
0.0025175845844466454,0.002773947756666433,0.0029765537895328612,0.9875827494418029,0.0041491644275510765,
0.015795090172706548,0.01740348873344951,0.20053346327006263,0.7402364883432991,0.02603146948048232,
0.11442045040081537,0.010074755331455453,0.010810604160944256,0.8496247583422191,0.01506943176456592,
0.0030476252621722774,0.0033579619574215353,0.038692457079402436,0.949879245280694,0.0050227104203097025,
0.003860369752471629,0.004253467423071827,0.5379266200656236,0.447597369685045,0.006362173073787699,
0.0022560089998775812,0.002485736186538175,0.0026672915695826814,0.9888728946045781,0.0037180686394235104,
0.0102195458257808,0.011260192167011279,0.8357311966570741,0.12594650273356248,0.01684256261657151,
0.005264245201366488,0.7331272325529884,0.006223945403844951,0.06487698024421663,0.19050759659758362,
0.08695684047207551,0.7277274157433206,0.16823154602019805,0.005631785460784711,0.011452412303621278,
0.19877123883370806,0.5806106459474467,0.20027940338662167,0.006704632149977339,0.013634079682246355,
0.782740943778121,0.01472552228466437,0.015801057916080656,0.010831340357528021,0.175901135663606,
0.0049634100500366134,0.00546882923369222,0.005868266387041452,0.9755194297760111,0.008180064553218538,
0.00827273766332754,0.009115142436305172,0.10503015280143144,0.006704632149977339,0.8708773349489586,
0.9764602490043278,0.00546882923369222,0.005868266387041452,0.004022590821719686,0.008180064553218538,
0.00403993210438871,0.004451314433400425,0.9350622010324123,0.0032741590236665696,0.053172393406131876,
0.009143664891881353,0.010074755331455453,0.010810604160944256,0.007410474270746807,0.9625605013449722,
0.002043672597134357,0.28461288904106696,0.14359680073161904,0.0016562924579991238,0.5680903451721805,
0.011582375391412792,0.012761797332398196,0.01369390469582951,0.00938692481046682,0.9525749977698926,
0.015795090172706545,0.017403488733449508,0.018674620030657924,0.012801115385680347,0.9353256856775056,
0.32111514739890085,0.16860078774440437,0.015801057916080656,0.01083134035752802,0.483651666583086,
0.6384213980513733,0.004668464749025039,0.005009444178108954,0.0034338836793906184,0.3484668093421021,
0.782740943778121,0.01472552228466437,0.015801057916080656,0.010831340357528021,0.175901135663606,
0.003277645390009303,0.3432498072451828,0.003875177766280076,0.0026563645013786444,0.6469410050971492,
0.0102195458257808,0.12892427397896838,0.012082623973374285,0.008282420921605362,0.8404911353002712,
0.007553292238189093,0.008322436588233192,0.4437594044300955,0.26701902215344236,0.2733458445900399,
0.002847772924816397,0.33101983122598433,0.0033669372395503587,0.26461363268124033,0.3981518259284086,
0.002757363905649136,0.7967199218778247,0.03500731730238286,0.1609710585424308,0.004544338371712476,
0.0049634100500366134,0.00546882923369222,0.005868266387041452,0.004022590821719686,0.9796769035075099,
0.005603900871504871,0.006174540608139575,0.9744442420381548,0.004541675981692497,0.009235640500508178,
0.0069489694066767835,0.007656576154731874,0.008215803889400583,0.9657262382455696,0.011452412303621278,
0.004695099779765041,0.0051731971914131,0.005551041711977368,0.9768427918087637,0.007737869508080815,
0.00827273766332754,0.009115142436305172,0.009780902216241175,0.9591971380018798,0.013634079682246355,
0.0049634100500366134,0.8626719224286552,0.06301513926670566,0.004022590821719686,0.06532693743288273,
0.0102195458257808,0.9525728466626682,0.012082623973374285,0.008282420921605362,0.01684256261657151,
0.19877123883370806,0.009115142436305172,0.7717749068977631,0.006704632149977339,0.013634079682246355,
0.08051500623444062,0.007089370697992106,0.007607170382282411,0.8941844445012299,0.010604008184054974,
0.009143664891881353,0.8522890394029278,0.11608738966987829,0.007410474270746807,0.01506943176456592,
0.003696090102574838,0.9828470819514115,0.004369907199639191,0.0029954926095128566,0.006091428136861527,
0.0026725187289549555,0.4645005845562066,0.0031597332615606526,0.0021659401906334256,0.5275012232626445,
0.0102195458257808,0.011260192167011279,0.953395278469031,0.008282420921605362,0.01684256261657151,
0.005603900871504871,0.006174540608139575,0.9744442420381548,0.004541675981692497,0.009235640500508178,
0.4373156914125738,0.002773947756666433,0.03196309424474134,0.0020403739647147103,0.5259068926213037,
0.002847772924816396,0.3965962457007189,0.5935546675121618,0.002307974782301888,0.004693339080000905,
0.003696090102574838,0.0040724593373405935,0.9831445298137101,0.0029954926095128566,0.006091428136861527,
0.9750334910936052,0.005800298133809166,0.0062239454038449495,0.004266402375951694,0.008675862992788825,
0.5670040668644679,0.007656576154731874,0.008215803889400583,0.005631785460784711,0.41149176763061496,
0.9869227690057654,0.0030381435712792887,0.003260046170121044,0.0022347028811217275,0.004544338371712476,
0.9515322003214377,0.011260192167011279,0.012082623973374285,0.008282420921605362,0.01684256261657151,
0.004695099779765041,0.38357672882933425,0.600185162857282,0.003805139025537826,0.007737869508080815,
0.00827273766332754,0.009115142436305172,0.10503015280143144,0.006704632149977339,0.8708773349489586,
0.006434184039623537,0.007089370697992106,0.007607170382282411,0.005214578163424963,0.973654696716677,
0.24554770944969503,0.011260192167011279,0.012082623973374285,0.008282420921605362,0.7228270534883141,
0.1668680419103027,0.005173197191413101,0.005551041711977369,0.0038051390255378265,0.818602580160769,
0.004454310247119201,0.004907888296515137,0.005266354952968492,0.5164628463621115,0.4689086001412857,
0.007553292238189093,0.7910148281225696,0.008930298022130809,0.006121558308663588,0.186380023308447,
0.03475852636509307,0.03829795305831735,0.8414889008095191,0.028170013704931288,0.057284606062139164,
0.37683829501370897,0.5256551260617117,0.0816879925770995,0.005214578163424963,0.010604008184054974,
0.005264245201366487,0.9755695440260479,0.0062239454038449495,0.004266402375951694,0.008675862992788825,
0.005603900871504871,0.9739932605175472,0.006625522128747302,0.004541675981692497,0.009235640500508178,
0.782740943778121,0.01472552228466437,0.1696763233758207,0.010831340357528021,0.02202587020386598,
0.9607652435152301,0.009115142436305172,0.009780902216241175,0.006704632149977339,0.013634079682246355,
0.0035452217094967555,0.003906228163573377,0.0858282853569555,0.002873221467865187,0.9038470433021092,
0.0044543102471192005,0.004907888296515136,0.0052663549529684914,0.8754598448466114,0.10991160165678569,
0.007553292238189093,0.008322436588233192,0.7046568682748742,0.006121558308663588,0.2733458445900399,
0.246972582602873,0.007656576154731874,0.16823154602019805,0.005631785460784711,0.5715075097614124,
0.013364616479420796,0.01472552228466437,0.015801057916080656,0.010831340357528021,0.9452774629623061,
0.0044543102471192005,0.056193173794300846,0.0052663549529684914,0.0036099913842543526,0.930476169621357,
0.062110282929700805,0.00546882923369222,0.005868266387041452,0.8612256840166826,0.06532693743288273,
0.005603900871504871,0.006174540608139575,0.006625522128747302,0.004541675981692497,0.9770543604099158,
0.019306069670479258,0.021271987834419775,0.022825669967025623,0.015646585286536577,0.9209496872415387,
0.0034061867022249837,0.0037530353576981364,0.004027152850791966,0.002760540682173295,0.9860530844071116,
0.006434184039623537,0.007089370697992106,0.007607170382282411,0.8941844445012299,0.08468483037887205,
0.00827273766332754,0.009115142436305172,0.29552865397181194,0.006704632149977339,0.6803788337785781,
0.011582375391412792,0.012761797332398196,0.01369390469582951,0.00938692481046682,0.9525749977698926,
0.013364616479420796,0.01472552228466437,0.015801057916080656,0.010831340357528021,0.9452774629623061,
0.03475852636509307,0.03829795305831735,0.8414889008095191,0.028170013704931288,0.057284606062139164,
0.019306069670479258,0.243554954210869,0.022825669967025623,0.015646585286536577,0.6986667208650896,
0.004695099779765041,0.0051731971914131,0.005551041711977368,0.003805139025537826,0.9807755222913066,
0.1993706704826732,0.004668464749025039,0.005009444178108954,0.14978412620229065,0.6411672943879022,
0.004039932104388711,0.7951942168810108,0.004776433446988533,0.0032741590236665704,0.19271525854394547,
0.03475852636509307,0.43849480716586337,0.04109519259442712,0.028170013704931288,0.45748146016968516,
0.0025175845844466454,0.002773947756666433,0.06094963469994982,0.0020403739647147103,0.9317184589942223,
0.002757363905649136,0.0030381435712792887,0.003260046170121044,0.0022347028811217275,0.9887097434718287,
0.019306069670479258,0.021271987834419775,0.24510863634347485,0.015646585286536577,0.6986667208650896,
0.006434184039623537,0.08117019289280919,0.22984963696673366,0.005214578163424963,0.6773314079374086,
0.24554770944969503,0.011260192167011279,0.012082623973374285,0.008282420921605362,0.7228270534883141,
0.0248240283236798,0.02735183481234687,0.029349582149018803,0.8775627315708787,0.04091182314407576,
0.005990409573160131,0.07557177375808924,0.9037102598400609,0.0048549215810122165,0.009872635247677494,
0.0026725187289549555,0.6491229549013494,0.09547091843413205,0.0021659401906334256,0.2505676677449302,
0.30831713454269116,0.0058002981338091675,0.49110856834996436,0.004266402375951695,0.19050759659758362,
0.010219545825780798,0.48191651941483965,0.12974670578533137,0.00828242092160536,0.3698348080524428,
0.0035452217094967555,0.003906228163573377,0.00419153468738614,0.002873221467865187,0.9854837939716785,
0.7897647466216317,0.035925966089678574,0.0033669372395503587,0.06788438925703649,0.10305796079210282,
0.08695684047207551,0.007656576154731874,0.2482394170855968,0.005631785460784711,0.6515153808268112,
0.42411842542528433,0.0033579619574215353,0.45976325724251443,0.10773764495446991,0.0050227104203097025,
0.00827273766332754,0.009115142436305172,0.5812764057273827,0.006704632149977339,0.39463108202300734,
0.03813685860909828,0.0033579619574215357,0.24922785716095847,0.0024699449136919125,0.7068073773588299,
0.004237013785473156,0.8339865057121251,0.005009444178108953,0.14978412620229062,0.0069829101220020276,
0.4920711555284733,0.004668464749025039,0.005009444178108954,0.0034338836793906184,0.49481705186500213,
0.003047625262172277,0.21389336203897752,0.7755663573648484,0.0024699449136919116,0.005022710420309702,
0.013364616479420796,0.01472552228466437,0.015801057916080656,0.010831340357528021,0.9452774629623061,
0.005990409573160131,0.0066004071122929275,0.9726816264858572,0.0048549215810122165,0.009872635247677494,
0.0069489694066767835,0.007656576154731874,0.16823154602019805,0.005631785460784711,0.8115311229576087,
0.0069489694066767835,0.007656576154731874,0.488263030281793,0.48567901185317713,0.011452412303621278,
0.011582375391412793,0.012761797332398196,0.5471147000481983,0.00938692481046682,0.41915420241752405,
0.0036960901025748383,0.004072459337340594,0.004369907199639192,0.6413267682273852,0.34653477513306014,
0.003545221709496756,0.697818608854913,0.004191534687386141,0.0028732214678651876,0.291571413280339,
0.32821014084130745,0.006174540608139575,0.006625522128747302,0.004541675981692497,0.6544481204401132,
0.0029443116245329733,0.0032441279932587832,0.5119768488199011,0.0023862144770895057,0.4794484970852176,
0.8335550547485732,0.004668464749025038,0.005009444178108953,0.003433883679390618,0.15333315264490205,
0.7646754426769196,0.0066004071122929275,0.007082493444708969,0.21176902151840113,0.009872635247677494,
0.005990409573160131,0.21351450704968183,0.7657675265484684,0.0048549215810122165,0.009872635247677494,
0.43479953958976175,0.0037530353576981372,0.004027152850791966,0.0027605406821732954,0.5546597315195748,
0.00403993210438871,0.004451314433400425,0.051290721826259725,0.0032741590236665696,0.9369438726122845,
0.004039932104388711,0.7021656401224684,0.004776433446988533,0.0032741590236665704,0.28574383530248787,
0.0069489694066767835,0.007656576154731874,0.008215803889400583,0.16564752759158216,0.8115311229576087,
0.0102195458257808,0.011260192167011279,0.24741078759728852,0.008282420921605362,0.7228270534883141,
0.9607652435152301,0.009115142436305172,0.009780902216241175,0.006704632149977339,0.013634079682246355,
0.00827273766332754,0.009115142436305172,0.009780902216241175,0.006704632149977339,0.9661265855341489,
0.00827273766332754,0.009115142436305172,0.009780902216241175,0.006704632149977339,0.9661265855341489,
0.14493757422950496,0.546182592684767,0.28040430237201386,0.00938692481046682,0.01908860590324742,
0.003860369752471629,0.004253467423071827,0.9823953568595334,0.003128632891135424,0.006362173073787699,
0.004695099779765042,0.005173197191413101,0.3839545733498986,0.0038051390255378265,0.6023719906533855,
0.24815408465697322,0.29736894979482514,0.005009444178108954,0.0034338836793906184,0.44603363769070214,
0.004695099779765042,0.005173197191413101,0.16772398384251502,0.22003572853292136,0.6023719906533855,
0.004039932104388711,0.004451314433400426,0.5164336056189717,0.0032741590236665704,0.4718009888195726,
0.0069489694066767835,0.007656576154731874,0.8082945145433879,0.005631785460784711,0.17146815443441876,
0.013364616479420796,0.3224760532041444,0.1696763233758207,0.010831340357528021,0.4836516665830861,
0.005264245201366487,0.005800298133809166,0.9759931912960838,0.004266402375951694,0.008675862992788825,
0.002757363905649136,0.5109944816874684,0.06675458843464468,0.002234702881121728,0.4172588630911161,
0.5355275924365515,0.010074755331455451,0.010810604160944254,0.42851761630648283,0.015069431764565919,
0.015795090172706548,0.19926233197285423,0.7461099929882767,0.012801115385680349,0.02603146948048232,
0.0035452217094967555,0.003906228163573377,0.9838325427222183,0.002873221467865187,0.005842785936846244,
0.21565650058979052,0.0025520246586357305,0.24274629222648458,0.028544679866711012,0.5105005026583782,
0.0026725187289549555,0.0029446586933495494,0.3724044739518462,0.0021659401906334256,0.6198124084352159,
0.09275411711125353,0.13759408846124468,0.7601609884625784,0.0031286328911354234,0.006362173073787698,
0.32904098404084037,0.005173197191413101,0.005551041711977369,0.0038051390255378265,0.6564296380302314,
0.005990409573160131,0.0066004071122929275,0.7657675265484684,0.0048549215810122165,0.21678673518506644,
0.009143664891881353,0.010074755331455453,0.9583016737413504,0.007410474270746807,0.01506943176456592,
0.07496177621895643,0.4204286069870708,0.007082493444708969,0.0048549215810122165,0.49267220176825166,
0.2779292294488393,0.0037530353576981372,0.51385566080879,0.0027605406821732954,0.2017015337024993,
0.005990409573160131,0.0066004071122929275,0.9726816264858572,0.0048549215810122165,0.009872635247677494,
0.013364616479420798,0.014725522284664372,0.3235515888355608,0.6263324021964882,0.02202587020386598,
0.009143664891881353,0.010074755331455453,0.9583016737413504,0.007410474270746807,0.01506943176456592,
0.16696471153747428,0.007656576154731874,0.8082945145433879,0.005631785460784711,0.011452412303621278,
0.009143664891881353,0.010074755331455453,0.9583016737413504,0.007410474270746807,0.01506943176456592,
0.7325911796205455,0.005800298133809166,0.24866625687690463,0.004266402375951694,0.008675862992788825,
0.1668187230486355,0.08554297883314273,0.0858282853569555,0.0028732214678651876,0.6589367912934012,
0.005264245201366487,0.005800298133809166,0.0062239454038449495,0.004266402375951694,0.9784451088850277,
0.0049634100500366134,0.00546882923369222,0.9773651053413328,0.004022590821719686,0.008180064553218538,
0.9236751051861448,0.0051731971914131,0.05960868908882324,0.003805139025537826,0.007737869508080815,
0.005264245201366488,0.9149589661577832,0.006223945403844951,0.004266402375951695,0.06928644086105376,
0.0026725187289549555,0.0029446586933495494,0.0031597332615606526,0.0021659401906334256,0.9890571491255014,
0.013364616479420798,0.014725522284664372,0.9390526506745209,0.010831340357528023,0.02202587020386598,
0.1278836276377379,0.011260192167011279,0.8357311966570741,0.008282420921605362,0.01684256261657151,
0.9799052972714731,0.004668464749025038,0.005009444178108953,0.003433883679390618,0.0069829101220020276,
0.9450687672580581,0.012761797332398196,0.01369390469582951,0.00938692481046682,0.01908860590324742,
0.00403993210438871,0.004451314433400425,0.004776433446988532,0.0032741590236665696,0.9834581609915557,
0.05794989006497367,0.06385087060744468,0.7357281296772287,0.04696543173846946,0.09550567791188347,
0.6940984410163257,0.07621060018466244,0.18556056855719824,0.03892502763845936,0.005205362603354159,
0.005990409573160131,0.2824858736954782,0.2829679600278942,0.0048549215810122165,0.4237008351224553,
0.0044543102471192005,0.004907888296515136,0.0052663549529684914,0.0036099913842543526,0.9817614551191428,
0.0049634100500366134,0.00546882923369222,0.9773651053413328,0.004022590821719686,0.008180064553218538,
0.9777327525629906,0.0051731971914131,0.005551041711977368,0.003805139025537826,0.007737869508080815,
0.005264245201366487,0.9149589661577829,0.06683452327210987,0.004266402375951694,0.008675862992788825,
0.0026725187289549555,0.0029446586933495494,0.0031597332615606526,0.0021659401906334256,0.9890571491255014,
0.013364616479420798,0.16860078774440443,0.7851773852147809,0.010831340357528023,0.02202587020386598,
0.24554770944969503,0.011260192167011279,0.718067114845117,0.008282420921605362,0.01684256261657151,
0.9799052972714731,0.004668464749025038,0.005009444178108953,0.003433883679390618,0.0069829101220020276,
0.6783583695818737,0.27947219500858256,0.01369390469582951,0.00938692481046682,0.01908860590324742,
0.00403993210438871,0.004451314433400425,0.051290721826259725,0.0032741590236665696,0.9369438726122845,
0.05794989006497367,0.06385087060744468,0.7357281296772287,0.04696543173846946,0.09550567791188347,
0.8661928924772984,0.04297061289292875,0.004027152850791966,0.08119569575263451,0.005613646026346222,
0.004454310247119201,0.004907888296515137,0.4155486389352542,0.003609991384254353,0.5714791711368571,
0.002092919179237499,0.43605383171485906,0.0988628679590718,0.0016962043023102142,0.4612941768445215,
0.007553292238189093,0.008322436588233192,0.008930298022130809,0.09308737959025652,0.8821065935611905,
0.9831862297443289,0.003906228163573377,0.00419153468738614,0.002873221467865187,0.005842785936846244,
0.6783583695818737,0.012761797332398194,0.013693904695829508,0.009386924810466818,0.2857990035794318,
0.9860361401140617,0.003244127993258783,0.0034810754632482567,0.0023862144770895053,0.004852441952341575,
0.9799052972714731,0.004668464749025038,0.005009444178108953,0.003433883679390618,0.0069829101220020276,
0.6267327093853269,0.14454314040388552,0.007082493444708969,0.0048549215810122165,0.21678673518506644,
0.1668187230486355,0.0039062281635733774,0.3715569127004482,0.0028732214678651876,0.45484491461947774,
0.005990409573160131,0.9721995401534412,0.007082493444708969,0.0048549215810122165,0.009872635247677494,
0.011582375391412792,0.8128929903609513,0.01369390469582951,0.00938692481046682,0.1524438047413396,
0.0031584529549228534,0.003480075125567403,0.6583089814413161,0.0025597651089118395,0.33249272536928187,
0.002757363905649136,0.003038143571279289,0.7334472822121428,0.002234702881121728,0.25852250742980704,
0.013364616479420798,0.014725522284664372,0.3235515888355608,0.010831340357528023,0.6375269320428262,
0.003406186702224984,0.0037530353576981372,0.16089746299171442,0.0027605406821732954,0.8291827742661892,
0.005990409573160131,0.0066004071122929275,0.007082493444708969,0.0048549215810122165,0.9754717682888258,
0.00827273766332754,0.009115142436305172,0.009780902216241175,0.006704632149977339,0.9661265855341489,
0.005603900871504871,0.006174540608139575,0.9744442420381548,0.004541675981692497,0.009235640500508178,
0.015795090172706545,0.9266977049304729,0.018674620030657924,0.012801115385680347,0.026031469480482315,
0.011582375391412793,0.012761797332398196,0.2804043023720139,0.00938692481046682,0.6858646000937083,
0.011582375391412792,0.012761797332398196,0.01369390469582951,0.00938692481046682,0.9525749977698926,
0.0069489694066767835,0.007656576154731874,0.08822367495479932,0.005631785460784711,0.8915389940230074,
0.06587482306963141,0.0058002981338091675,0.006223945403844951,0.30731929171727634,0.6147816416754381,
0.0042370137854731565,0.004668464749025039,0.34649334339820903,0.0034338836793906184,0.6411672943879022,
