0.9561441498024889,0.010818938864153426,0.009382458921974934,0.010101394204834848,0.01355305820654797,
0.004883909847859873,0.4095761082809683,0.006363269168972311,0.5699849050803165,0.009191807621883053,
0.0024849790399686825,0.08559849698301539,0.003237690908136685,0.41281131450028546,0.4958675185685937,
0.003124434437232483,0.004694097075241669,0.41579609806511664,0.004382770398110457,0.5720026000242986,
0.002387262298452912,0.20020140258622496,0.7895696568045043,0.003348709260627713,0.004492969050190199,
0.0022132029020379453,0.25851609268525455,0.0028835924965710325,0.00310454911406493,0.7332825628020715,
0.003124434437232483,0.9825415841240926,0.004070840360337309,0.004382770398110457,0.005880370680227066,
0.740780457875597,0.003208123442664439,0.24899719998088404,0.0029953510190817755,0.0040188676817728254,
0.006437574422199944,0.4338303845013679,0.008387546068586844,0.009030245690878475,0.5423142493169669,
0.003482937803401259,0.005232706425639098,0.00453793608650314,0.9801913244339009,0.0065550952505556695,
0.005820382933262941,0.008744444171475876,0.0075834043675220885,0.008164486257604906,0.9696872822701342,
0.0027065511379466413,0.7173828698708384,0.0035263782393300494,0.2712903111933591,0.005093889558525688,
0.005820382933262941,0.8716041233198197,0.10345670205067141,0.008164486257604906,0.010954305438641123,
0.9724711924484979,0.006791168899050294,0.00588947437707136,0.0063407580930340355,0.00850740618234643,
0.008170333332549034,0.012274969621074563,0.6835534682007466,0.280624177561123,0.015377051284506862,
0.002832845886561835,0.004256019403786532,0.9836058035941988,0.003973747359227546,0.005331583756225434,
0.006437574422199944,0.009671702150891005,0.008387546068586844,0.009030245690878475,0.9664729316674437,
0.0036949186940467035,0.005551182904751041,0.004814126988439327,0.005183011710124701,0.9807567597026382,
0.024978724290286674,0.037527609873024254,0.4439942296128839,0.44648799754686425,0.04701143867694095,
0.002971504029445694,0.0044643370356796455,0.003871586610947469,0.9831000257296685,0.005592546594258675,
0.004207019573533925,0.006320554542697428,0.1440773261979483,0.005901356300338268,0.8394937433854821,
0.0016219185567686123,0.002436742811077021,0.3761404048362941,0.6167483870010599,0.003052546794800508,
0.0032939602672187253,0.004948789794421017,0.9809372504766822,0.004620571127908112,0.00619942833377004,
0.008170333332549034,0.012274969621074563,0.01064516582303788,0.011460856610039536,0.9574486746132991,
0.009440906159948699,0.7917364824684522,0.01230060115075367,0.16875366561544178,0.01776834460540373,
0.0013663858249892203,0.11458831265171668,0.4519221819899898,0.0019166845925129884,0.4302064349407914,
0.2185169155974384,0.6459097256766063,0.008387546068586844,0.11506991627849772,0.012115896378870793,
0.0020628005679443947,0.003099116434451892,0.9880621964585857,0.002893573684458601,0.003882312854559472,
0.003124434437232484,0.056159754288339095,0.930452670196091,0.004382770398110458,0.005880370680227068,
0.04244107711807681,0.06376275129861102,0.0552966794916938,0.059533813300877245,0.7789656787907411,
0.11247724500981914,0.009671702150891002,0.00838754606858684,0.857347610391832,0.01211589637887079,
0.003482937803401259,0.005232706425639098,0.9224726813873528,0.004885657551748161,0.06392601683185878,
0.0036949186940467035,0.005551182904751041,0.004814126988439327,0.9789857155697668,0.006954055842996207,
0.8898088415532411,0.0073375029603404565,0.08681099023309788,0.006850857631437534,0.009191807621883053,
0.0032939602672187253,0.004948789794421017,0.058549801592066915,0.9270080200125234,0.00619942833377004,
0.005820382933262939,0.008744444171475874,0.007583404367522086,0.9668974630890979,0.01095430543864112,
0.003482937803401259,0.005232706425639098,0.979843602968656,0.004885657551748161,0.0065550952505556695,
0.007201185791355525,0.01081893886415342,0.00938245892197493,0.959044358215968,0.013553058206547964,
0.0053111823653046,0.00797942991216505,0.006919964546590023,0.0949359603529958,0.8848534628229445,
0.9724711924484979,0.006791168899050294,0.00588947437707136,0.0063407580930340355,0.00850740618234643,
0.006437574422199941,0.009671702150891002,0.00838754606858684,0.9633872809794513,0.01211589637887079,
0.0025910367918159836,0.003892729538943425,0.00337587405309301,0.9425843391199321,0.047556020496215455,
0.0575520454957255,0.9273362386790361,0.004291716363560135,0.004620571127908111,0.006199428333770038,
0.001763239918659663,0.06073720720784173,0.9026635902489292,0.0024733678608130274,0.032362594763756435,
0.0072011857913555286,0.8411440323738951,0.009382458921974934,0.12871926470622655,0.01355305820654797,
0.002135356641008016,0.9880682584221163,0.0027821662360210794,0.002995351019081775,0.0040188676817728254,
0.0042070195735339246,0.006320554542697426,0.005481345638937671,0.9067752299339072,0.07721585031092368,
0.003482937803401259,0.005232706425639098,0.00453793608650314,0.9228204028525977,0.06392601683185878,
0.0023872622984529115,0.6327540074110237,0.003110375304870131,0.0033487092606277126,0.3583996457250255,
0.06874137099409086,0.6539808955920318,0.005126116095574907,0.005518907127839738,0.2666327101904628,
0.133548366714144,0.8484018827521912,0.005126116095574907,0.005518907127839738,0.007404727310250273,
0.0042070195735339246,0.006320554542697426,0.9063552192725065,0.005901356300338267,0.07721585031092368,
0.04341753244187065,0.0037333901792114626,0.8628213123480781,0.04441833388316777,0.04560943114767217,
0.0018719797509758858,0.0028124304895803744,0.9583312769901875,0.03346113599510443,0.0035231767741517456,
0.003124434437232484,0.3134880403538262,0.004070840360337309,0.673436314168377,0.005880370680227068,
0.0025910367918159836,0.003892729538943425,0.9850051969783492,0.0036345519740349753,0.0048764847168564895,
0.0072011857913555286,0.7225261618725035,0.009382458921974934,0.010101394204834848,0.25078879920933134,
0.002296939816563779,0.9871653794102266,0.002992693717335908,0.00322201026666252,0.004322976789211072,
0.004883909847859871,0.007337502960340454,0.006363269168972309,0.9722235104009442,0.009191807621883052,
0.0034829378034012585,0.005232706425639097,0.004537936086503139,0.8080785596899914,0.17866785999446494,
0.013702749793364794,0.02058677786971786,0.46927653111181034,0.019221400664201152,0.47721254056090595,
0.0036949186940467026,0.1881391898784339,0.004814126988439326,0.7355350396048561,0.06781672483422382,
0.004883909847859871,0.007337502960340454,0.006363269168972309,0.9722235104009442,0.009191807621883052,
0.006437574422199944,0.3277907139137487,0.008387546068586844,0.6452682692165939,0.012115896378870793,
0.004207019573533925,0.9764924184557718,0.005481345638937673,0.005901356300338268,0.007917860031418384,
0.008170333332549034,0.9543465929498667,0.01064516582303788,0.011460856610039536,0.015377051284506862,
0.12542025667650197,0.8576285487819378,0.004814126988439327,0.005183011710124701,0.006954055842996207,
0.0053111823653046,0.00797942991216505,0.006919964546590023,0.007450210051532354,0.972339213124408,
0.003482937803401259,0.005232706425639098,0.979843602968656,0.004885657551748161,0.0065550952505556695,
0.005820382933262941,0.008744444171475876,0.0075834043675220885,0.008164486257604906,0.9696872822701342,
0.0029715040294456935,0.004464337035679645,0.7380704193551398,0.0041682487374118905,0.2503254908423228,
0.0021353566410080163,0.7418532246772535,0.24899719998088404,0.0029953510190817755,0.0040188676817728254,
0.014251013626655405,0.6058168221150528,0.0010627130252629864,0.0011441439055652621,0.37772530732746357,
0.0012799611979537678,0.8030963665272418,0.14925223649020875,0.04396247299421553,0.0024089627903802306,
0.003124434437232484,0.41641935478002107,0.004070840360337309,0.5705049997421822,0.005880370680227068,
0.03730893289027416,0.31977030968605974,0.00278216623602108,0.6361197235058723,0.004018867681772826,
0.003934375274037731,0.005910938391500472,0.005126116095574906,0.9776238429286365,0.0074047273102502715,
0.0022132029020379453,0.039780937531460704,0.07579531088116899,0.8780451697292404,0.004165378956092016,
0.01117942430473194,0.016795776639246883,0.014565724638904414,0.9364187356857357,0.021040338731381107,
0.0036949186940467026,0.9793538867643931,0.004814126988439326,0.0051830117101247,0.006954055842996206,
0.004883909847859871,0.007337502960340454,0.006363269168972309,0.9722235104009442,0.009191807621883052,
0.01769721641771163,0.026587996482295127,0.023057786715043813,0.8993497908291225,0.033307209555826944,
0.004883909847859873,0.8922624346657217,0.006363269168972311,0.08729857869556311,0.009191807621883053,
0.013702749793364794,0.02058677786971786,0.01785337731581356,0.9220677082561947,0.025789386764909168,
0.0036949186940467035,0.005551182904751041,0.004814126988439327,0.9789857155697668,0.006954055842996207,
0.003482937803401259,0.005232706425639098,0.00453793608650314,0.9801913244339009,0.0065550952505556695,
0.21851691559743833,0.43383038450136774,0.3265065578314444,0.009030245690878472,0.01211589637887079,
0.0036949186940467035,0.06641385189597868,0.004814126988439327,0.9181230465785392,0.006954055842996207,
0.0032939602672187253,0.004948789794421017,0.004291716363560136,0.9812661052410301,0.00619942833377004,
0.003124434437232484,0.00469409707524167,0.004070840360337309,0.9822302574469615,0.005880370680227068,
0.003124434437232484,0.00469409707524167,0.004070840360337309,0.9822302574469615,0.005880370680227068,
0.0042070195735339246,0.006320554542697426,0.005481345638937671,0.9760732202134125,0.007917860031418382,
0.0022969398165637793,0.00345088325312678,0.002992693717335908,0.9869365064237625,0.0043229767892110724,
0.10605574886342732,0.8796102696978978,0.004070840360337309,0.004382770398110457,0.005880370680227066,
0.002971504029445694,0.0044643370356796455,0.003871586610947469,0.9831000257296685,0.005592546594258675,
0.004883909847859871,0.007337502960340454,0.006363269168972309,0.8113280682726931,0.17008724975013415,
0.05505437562836118,0.0024367428110770206,0.0021132053351460415,0.9373431294306153,0.0030525467948005077,
0.002484979039968683,0.8633170116191529,0.08510279771194063,0.04441833388316777,0.004676877745770202,
0.002484979039968683,0.0037333901792114626,0.8218887589461761,0.16721599408887367,0.004676877745770202,
0.0022132029020379453,0.3678836702621515,0.002883592496571033,0.5863982961908486,0.040621238148391,
0.1410419867092518,0.21189907824873658,0.18376426951264535,0.19784529221472077,0.2654493733146455,
0.003934375274037732,0.005910938391500473,0.06993311181562803,0.005518907127839738,0.914702667390994,
0.49311170920082187,0.004066276324838114,0.4493492492055803,0.003796588613609008,0.049676176655150714,
0.005820382933262941,0.008744444171475876,0.10345670205067141,0.008164486257604906,0.8738139845869849,
0.004883909847859873,0.0073375029603404565,0.16725871129722344,0.006850857631437534,0.8136690182631388,
0.003124434437232484,0.776678955271703,0.004070840360337309,0.004382770398110458,0.21174299953261677,
0.005820382933262941,0.008744444171475876,0.0075834043675220885,0.008164486257604906,0.9696872822701342,
0.002971504029445694,0.20025069243413096,0.787017008204753,0.004168248737411891,0.005592546594258675,
0.01769721641771163,0.9011131869548797,0.023057786715043813,0.02482460035653794,0.033307209555826944,
0.5810601690321586,0.008744444171475874,0.19932999973382065,0.008164486257604905,0.2027009008049397,
0.01117942430473194,0.016795776639246883,0.014565724638904414,0.015681830070371217,0.9417772443467456,
0.45758334531440953,0.005910938391500472,0.2643540989757874,0.005518907127839736,0.26663271019046275,
0.7493049183603415,0.005232706425639098,0.23402162241171556,0.004885657551748161,0.0065550952505556695,
0.0053111823653046,0.00797942991216505,0.006919964546590023,0.007450210051532354,0.972339213124408,
0.005820382933262941,0.008744444171475876,0.0075834043675220885,0.008164486257604906,0.9696872822701342,
0.0032939602672187253,0.004948789794421017,0.8724210800196687,0.004620571127908112,0.1147155987907836,
0.0022969398165637793,0.41963778547343833,0.5326851147250051,0.041057183195781756,0.0043229767892110724,
0.0029715040294456935,0.1023575147349053,0.4933374751070757,0.0041682487374118905,0.39716525739116126,
0.002832845886561835,0.6108699898470364,0.14367876759585269,0.23728681291432366,0.005331583756225434,
0.002971504029445694,0.053410925885292476,0.003871586610947469,0.004168248737411891,0.9355777347369025,
0.0017134736648067007,0.0025742936457956718,0.3127000512960671,0.6797873224621266,0.003224858931204008,
0.0022132029020379453,0.0033250783391617278,0.0028835924965710325,0.9874127473061373,0.004165378956092016,
0.06455758768527434,0.8576285487819378,0.004814126988439327,0.06604568070135233,0.006954055842996207,
0.003934375274037731,0.13552492983160672,0.005126116095574906,0.8480098514885303,0.0074047273102502715,
0.0021353566410080163,0.003208123442664439,0.987642301215473,0.0029953510190817755,0.0040188676817728254,
0.06085385938470435,0.9231674517264886,0.004537936086503139,0.00488565755174816,0.006555095250555668,
0.007201185791355525,0.01081893886415342,0.00938245892197493,0.959044358215968,0.013553058206547964,
0.002387262298452912,0.23952436666120666,0.7502466927295226,0.003348709260627713,0.004492969050190199,
0.004207019573533925,0.9764924184557718,0.005481345638937673,0.005901356300338268,0.007917860031418384,
0.0023872622984529115,0.7113999355609871,0.003110375304870131,0.2786094577854996,0.004492969050190199,
0.0575520454957255,0.9273362386790361,0.004291716363560135,0.004620571127908111,0.006199428333770038,
0.6278889320890817,0.352810505940224,0.005481345638937673,0.005901356300338268,0.007917860031418384,
0.7340469465887782,0.005551182904751041,0.004814126988439327,0.005183011710124701,0.25040473180790673,
0.0036949186940467035,0.4924525348345721,0.3699901409358051,0.005183011710124701,0.12867939382545146,
0.10086468172867137,0.2491972812837438,0.003871586610947469,0.004168248737411891,0.6418982016392255,
0.5810601690321588,0.39223763490407315,0.0075834043675220885,0.008164486257604906,0.010954305438641123,
0.6426755979479151,0.3277907139137486,0.00838754606858684,0.009030245690878472,0.01211589637887079,
0.9645533597647561,0.008744444171475876,0.0075834043675220885,0.008164486257604906,0.010954305438641123,
0.26316235815425026,0.005910938391500473,0.005126116095574907,0.7183958600484243,0.007404727310250273,
0.003934375274037731,0.07071793411155358,0.9124240561763185,0.005518907127839736,0.0074047273102502715,
0.01370274979336479,0.020586777869717857,0.017853377315813556,0.2449329775621995,0.7029241174589042,
0.004520264842661468,0.006791168899050292,0.005889474377071358,0.9742916856988704,0.008507406182346428,
0.002832845886561835,0.004256019403786532,0.9369431904831795,0.05063636047024677,0.005331583756225434,
0.0016664395362604321,0.0025036303722717947,0.002171211929247464,0.35918209251262995,0.6344766256495903,
0.004883909847859873,0.0073375029603404565,0.006363269168972311,0.4090894629520654,0.5723258550707621,
0.24443692679413884,0.010818938864153424,0.009382458921974932,0.010101394204834847,0.7252602812148979,
0.004883909847859871,0.08778522402446601,0.006363269168972309,0.8917757893368187,0.009191807621883052,
0.004520264842661468,0.006791168899050292,0.005889474377071358,0.9742916856988704,0.008507406182346428,
0.005820382933262941,0.29636433722092387,0.0075834043675220885,0.5834042723565008,0.10682760312179045,
0.004520264842661468,0.006791168899050292,0.005889474377071358,0.9742916856988704,0.008507406182346428,
0.8557722845712334,0.005551182904751041,0.004814126988439327,0.06604568070135233,0.06781672483422384,
0.5376939962974469,0.1378131376147132,0.00352637823933005,0.31587259828998415,0.005093889558525689,
0.40712251516848763,0.007337502960340454,0.5694973166178512,0.006850857631437533,0.009191807621883052,
0.9787886046855538,0.005232706425639097,0.004537936086503139,0.00488565755174816,0.006555095250555668,
0.9819032810217022,0.004464337035679645,0.003871586610947468,0.0041682487374118905,0.005592546594258674,
0.9561441498024889,0.010818938864153426,0.009382458921974934,0.010101394204834848,0.01355305820654797,
0.7795504526838083,0.002728302638272653,0.002366053432016694,0.0025473533777510193,0.21280783786815133,
0.6426755979479153,0.11571137273851023,0.008387546068586844,0.009030245690878475,0.22419523755410925,
0.9112323153547816,0.005910938391500473,0.005126116095574907,0.005518907127839738,0.0722117230303034,
0.7727425056126148,0.0016756864393299628,0.0014531978949632468,0.0015645498601948645,0.22256406019289718,
0.9774976225536887,0.005551182904751039,0.004814126988439326,0.0051830117101247,0.006954055842996206,
0.9645533597647561,0.008744444171475876,0.0075834043675220885,0.008164486257604906,0.010954305438641123,
0.9774976225536887,0.005551182904751039,0.004814126988439326,0.0051830117101247,0.006954055842996206,
0.3831005568667662,0.6017877273079956,0.004291716363560136,0.004620571127908112,0.00619942833377004,
0.27458438640975263,0.2762392159369549,0.004291716363560136,0.004620571127908112,0.4402641101618242,
0.5366359273602961,0.009671702150891005,0.008387546068586844,0.009030245690878475,0.4362745787293477,
0.9743788834866083,0.006320554542697428,0.005481345638937673,0.005901356300338268,0.007917860031418384,
0.9898512377290449,0.002503630372271795,0.0021712119292474643,0.00233758205412447,0.003136337915311452,
0.7477689487970236,0.20094315776231977,0.014565724638904414,0.015681830070371217,0.021040338731381107,
0.7477689487970236,0.016795776639246883,0.19871310576197732,0.015681830070371217,0.021040338731381107,
0.5413839813751868,0.20025069243413096,0.0528181754605603,0.004168248737411891,0.20137890199271002,
0.9835168672636971,0.004066276324838114,0.0035263782393300494,0.0037965886136090074,0.005093889558525688,
0.9607946097107729,0.009671702150891005,0.008387546068586844,0.009030245690878475,0.012115896378870793,
0.06455758768527434,0.9184912177731654,0.004814126988439327,0.005183011710124701,0.006954055842996207,
0.9787886046855538,0.005232706425639097,0.004537936086503139,0.00488565755174816,0.006555095250555668,
0.003124434437232484,0.056159754288339095,0.930452670196091,0.004382770398110458,0.005880370680227068,
0.8156602961857995,0.012274969621074563,0.01064516582303788,0.011460856610039536,0.1499587117600486,
0.008170333332549032,0.012274969621074563,0.1452268262985796,0.14604251708558127,0.6882853536622154,
0.30235131949061117,0.006791168899050294,0.00588947437707136,0.6764606310509209,0.00850740618234643,
0.1410419867092518,0.21189907824873658,0.18376426951264535,0.19784529221472077,0.2654493733146455,
0.9878501957526739,0.002997273767838457,0.002599312035844272,0.0027984855306894298,0.003754732912953992,
0.1649514313349681,0.014183856593355278,0.6343427018508312,0.013243140440422376,0.17327886978042312,
0.9724711924484979,0.006791168899050294,0.00588947437707136,0.0063407580930340355,0.00850740618234643,
0.8265749498467911,0.004694097075241669,0.004070840360337309,0.004382770398110457,0.16027734231951932,
0.892787865441845,0.002901911614355904,0.002516611551166828,0.0027094480828727206,0.09908416330975954,
0.0042070195735339246,0.006320554542697426,0.005481345638937671,0.9760732202134125,0.007917860031418382,
0.6708776515731418,0.00358658221131644,0.003110375304870131,0.2786094577854996,0.0438159331251719,
0.0021353566410080163,0.03838169969193058,0.0027821662360210794,0.6712932997551384,0.2854074776759019,
0.0015797145420420947,0.0023733362182772433,0.834731637292657,0.0022159294014373145,0.15909938254558625,
0.11822478096600747,0.3494582359134577,0.520876230318231,0.004885657551748161,0.0065550952505556695,
0.2604527205027196,0.15909106871453396,0.31286478363892184,0.2617110564635976,0.005880370680227068,
0.9021294965636885,0.0026490616178398694,0.0022973336039003394,0.0896055862458158,0.0033185219687555056,
0.9319163299200964,0.016795776639246883,0.014565724638904414,0.015681830070371217,0.021040338731381107,
0.4305962567726767,0.009671702150891002,0.5385858990066827,0.009030245690878472,0.01211589637887079,
0.9869954916204599,0.003208123442664439,0.0027821662360210794,0.002995351019081775,0.0040188676817728254,
0.9835168672636971,0.004066276324838114,0.0035263782393300494,0.0037965886136090074,0.005093889558525688,
0.8342531343093371,0.0023733362182772437,0.0020582175253620874,0.002215929401437315,0.15909938254558628,
0.0072011857913555286,0.9597619028752868,0.009382458921974934,0.010101394204834848,0.01355305820654797,
0.0036949186940467035,0.005551182904751041,0.12653946497089458,0.37035902565749046,0.4938554077728172,
0.004883909847859871,0.007337502960340454,0.006363269168972309,0.9722235104009442,0.009191807621883052,
0.005820382933262939,0.008744444171475874,0.007583404367522086,0.9668974630890979,0.01095430543864112,
0.009440906159948699,0.7917364824684522,0.01230060115075367,0.013243140440422376,0.17327886978042312,
0.003482937803401259,0.005232706425639098,0.00453793608650314,0.9801913244339009,0.0065550952505556695,
0.005820382933262941,0.008744444171475876,0.10345670205067141,0.008164486257604906,0.8738139845869849,
0.0034829378034012585,0.9805383733077917,0.004537936086503139,0.00488565755174816,0.006555095250555668,
0.002832845886561835,0.004256019403786532,0.9836058035941988,0.003973747359227546,0.005331583756225434,
0.006437574422199944,0.009671702150891005,0.008387546068586844,0.009030245690878475,0.9664729316674437,
0.0014307917587051135,0.002149597165420633,0.23754408092633994,0.002007029397444377,0.7568685007520899,
0.008170333332549034,0.012274969621074563,0.01064516582303788,0.011460856610039536,0.9574486746132991,
0.01117942430473194,0.016795776639246883,0.014565724638904414,0.015681830070371217,0.9417772443467456,
0.009440906159948699,0.014183856593355278,0.01230060115075367,0.013243140440422376,0.95083149565552,
0.1498112705782842,0.0044643370356796455,0.003871586610947469,0.004168248737411891,0.8376845570376769,
0.009440906159948699,0.014183856593355278,0.01230060115075367,0.013243140440422376,0.95083149565552,
0.0022969398165637793,0.00345088325312678,0.986707189874436,0.0032220102666625206,0.0043229767892110724,
0.0072011857913555286,0.010818938864153426,0.48385394092754164,0.010101394204834848,0.48802454021211467,
0.0053111823653046,0.00797942991216505,0.3568629657524438,0.0949359603529958,0.5349104616170909,
0.06771869198730801,0.002997273767838457,0.0025993120358442723,0.00279848553068943,0.9238862366783198,
0.0019315392153946248,0.0029019116143559043,0.0025166115511668285,0.8617494769440928,0.13090046067498992,
0.003482937803401259,0.005232706425639098,0.979843602968656,0.004885657551748161,0.0065550952505556695,
0.003934375274037731,0.005910938391500472,0.005126116095574906,0.9776238429286365,0.0074047273102502715,
0.8898088415532411,0.0073375029603404565,0.006363269168972311,0.08729857869556311,0.009191807621883053,
0.0032939602672187253,0.004948789794421017,0.004291716363560136,0.9812661052410301,0.00619942833377004,
0.005820382933262939,0.008744444171475874,0.007583404367522086,0.9668974630890979,0.01095430543864112,
0.003482937803401259,0.005232706425639098,0.979843602968656,0.004885657551748161,0.0065550952505556695,
0.007201185791355525,0.01081893886415342,0.00938245892197493,0.959044358215968,0.013553058206547964,
0.005820382933262941,0.008744444171475876,0.0075834043675220885,0.39165767699020215,0.586194091537537,
0.6746401378005482,0.006791168899050294,0.00588947437707136,0.0063407580930340355,0.30633846083029614,
0.006437574422199941,0.11571137273851019,0.00838754606858684,0.857347610391832,0.01211589637887079,
0.0025910367918159836,0.003892729538943425,0.00337587405309301,0.9852638748992911,0.0048764847168564895,
0.0018719797509758858,0.0028124304895803744,0.0024390112441459405,0.989353401741146,0.0035231767741517456,
0.007201185791355525,0.01081893886415342,0.00938245892197493,0.959044358215968,0.013553058206547964,
0.003934375274037731,0.005910938391500472,0.005126116095574906,0.9776238429286365,0.0074047273102502715,
0.0017632399186596629,0.4673542263378547,0.525090643913917,0.002473367860813027,0.003318521968755505,
0.001995013146924726,0.26589198912937156,0.0025993120358442723,0.7257589527749055,0.003754732912953993,
0.002591036791815983,0.9428425166848405,0.0033758740530930097,0.046314087753393934,0.004876484716856489,
0.0036949186940467035,0.9184912177731654,0.06567679597966695,0.005183011710124701,0.006954055842996207,
0.004883909847859873,0.32912838721684273,0.24770643236134904,0.006850857631437534,0.4114304129425109,
0.0019315392153946246,0.957390832571267,0.002516611551166828,0.0027094480828727206,0.0354515685792988,
0.1258190562927472,0.8411440323738951,0.009382458921974934,0.010101394204834848,0.01355305820654797,
0.0032939602672187253,0.004948789794421017,0.004291716363560136,0.9812661052410301,0.00619942833377004,
0.005820382933262941,0.008744444171475876,0.0075834043675220885,0.008164486257604906,0.9696872822701342,
0.004520264842661468,0.006791168899050292,0.9738404019829076,0.006340758093034034,0.008507406182346428,
0.0072011857913555286,0.010818938864153426,0.009382458921974934,0.010101394204834848,0.9624960222176813,
0.0032939602672187253,0.16772304547994138,0.6553887391056415,0.11313674158492167,0.06045751356227682,
0.003124434437232484,0.00469409707524167,0.004070840360337309,0.9822302574469615,0.005880370680227068,
0.0053111823653046,0.00797942991216505,0.26937721545098037,0.70733621246324,0.009995959808310202,
0.024978724290286674,0.8604262737880571,0.032544897655367486,0.035038665589347796,0.04701143867694095,
0.0789780285046489,0.006791168899050294,0.3781782926870085,0.527545103726946,0.00850740618234643,
0.0036949186940467035,0.005551182904751041,0.004814126988439327,0.9789857155697668,0.006954055842996207,
0.9760393110748347,0.005910938391500473,0.005126116095574907,0.005518907127839738,0.007404727310250273,
0.009440906159948699,0.9472470076434716,0.01230060115075367,0.013243140440422376,0.01776834460540373,
0.005820382933262941,0.7757308256366704,0.0075834043675220885,0.19991108162390353,0.010954305438641123,
0.002484979039968683,0.0037333901792114626,0.0032376909081366853,0.0034857804812658006,0.9870581593914174,
0.41484969214201184,0.36495369756692364,0.004070840360337309,0.21024539925050015,0.005880370680227068,
0.0053111823653046,0.00797942991216505,0.006919964546590023,0.007450210051532354,0.972339213124408,
0.004883909847859873,0.0073375029603404565,0.006363269168972311,0.006850857631437534,0.9745644603913899,
0.009440906159948699,0.014183856593355278,0.94536375220087,0.013243140440422376,0.01776834460540373,
0.2089870632896222,0.00469409707524167,0.004070840360337309,0.004382770398110458,0.7778652288766884,
0.9214176831042508,0.005232706425639097,0.004537936086503139,0.00488565755174816,0.06392601683185876,
0.32796935387430337,0.005910938391500473,0.005126116095574907,0.07032590284789288,0.5906676887907284,
0.013702749793364794,0.02058677786971786,0.01785337731581356,0.019221400664201152,0.9286356943569027,
0.002387262298452912,0.042909546286298145,0.0031103753048701316,0.003348709260627713,0.9482441068497511,
0.6746401378005482,0.08124893256103771,0.1548050017010462,0.08079852175502146,0.00850740618234643,
0.005820382933262941,0.008744444171475876,0.0075834043675220885,0.008164486257604906,0.9696872822701342,
0.008170333332549034,0.012274969621074563,0.01064516582303788,0.011460856610039536,0.9574486746132991,
0.009440906159948699,0.014183856593355278,0.01230060115075367,0.013243140440422376,0.95083149565552,
0.024978724290286674,0.037527609873024254,0.032544897655367486,0.8579373295043805,0.04701143867694095,
0.013702749793364794,0.02058677786971786,0.01785337731581356,0.9220677082561947,0.025789386764909168,
0.0032939602672187253,0.004948789794421017,0.9809372504766822,0.004620571127908112,0.00619942833377004,
0.1498112705782842,0.0044643370356796455,0.003871586610947469,0.004168248737411891,0.8376845570376769,
0.002832845886561835,0.09758124562582499,0.7502927380391027,0.1439615866922852,0.005331583756225434,
0.024978724290286677,0.4489769418305407,0.443994229612884,0.0350386655893478,0.04701143867694096,
0.001763239918659663,0.0026490616178398694,0.9897958086339318,0.0024733678608130274,0.0033185219687555056,
0.0019315392153946248,0.06653450634481665,0.9251892351428477,0.0027094480828727206,0.0036352712140684308,
0.013702749793364794,0.02058677786971786,0.01785337731581356,0.019221400664201152,0.9286356943569027,
0.004520264842661468,0.006791168899050292,0.8249248746589328,0.006340758093034034,0.15742293350632125,
0.007201185791355527,0.3666725503683284,0.009382458921974932,0.010101394204834847,0.6066424107135062,
0.30920561324190654,0.02658799648229513,0.023057786715043816,0.6078413940049276,0.03330720955582695,
0.14280300013254454,0.6993004573377506,0.1440773261979483,0.005901356300338268,0.007917860031418384,
0.0018719797509758863,0.0953181336262941,0.49580276130661916,0.15680207351072273,0.2502050518053883,
0.0036949186940467035,0.7967658797907102,0.004814126988439327,0.005183011710124701,0.1895420628166791,
0.007201185791355527,0.010818938864153424,0.1280003294233666,0.010101394204834847,0.8438781517162895,
0.4527430664608903,0.0037333901792114626,0.0032376909081366853,0.0034857804812658006,0.5368000719704957,
0.03485685256711637,0.4630630256505214,0.29835586681756904,0.03566032495088107,0.16806393001391218,
0.004883909847859873,0.0073375029603404565,0.24770643236134904,0.006850857631437534,0.7332212971990132,
0.002135356641008016,0.5659853434309227,0.0027821662360210794,0.002995351019081775,0.4261017826729664,
0.005820382933262941,0.008744444171475876,0.0075834043675220885,0.008164486257604906,0.9696872822701342,
0.0021353566410080163,0.143902428439729,0.8117744199691423,0.03816892726834792,0.0040188676817728254,
0.1498112705782842,0.0044643370356796455,0.5912306528063015,0.24890119298547606,0.005592546594258675,
0.002971504029445694,0.0044643370356796455,0.73807041935514,0.24890119298547606,0.005592546594258675,
0.0021353566410080163,0.8122003771757857,0.17865004748235178,0.0029953510190817755,0.0040188676817728254,
0.009440906159948699,0.014183856593355278,0.16781112632577305,0.32426419079046115,0.48429992013046186,
0.004207019573533925,0.7685984476172559,0.005481345638937673,0.005901356300338268,0.21581183086993433,
0.004883909847859873,0.0073375029603404565,0.08681099023309788,0.006850857631437534,0.8941167393272643,
0.9702565626173667,0.0073375029603404565,0.006363269168972311,0.006850857631437534,0.009191807621883053,
0.008170333332549032,0.012274969621074563,0.01064516582303788,0.14604251708558127,0.8228670141377572,
0.3867068588060466,0.003892729538943425,0.00337587405309301,0.0036345519740349753,0.6023899856278819,
0.002484979039968683,0.16746360378681932,0.0032376909081366853,0.2900136542945796,0.5368000719704957,
0.19835536243419713,0.005910938391500473,0.005126116095574907,0.07032590284789288,0.7202816802308346,
0.0020628005679443947,0.5807324814630237,0.41042883143001396,0.002893573684458601,0.003882312854559472,
0.0029715040294456935,0.9833961140279363,0.003871586610947468,0.0041682487374118905,0.005592546594258674,
0.004207019573533925,0.006320554542697428,0.07477933591844299,0.005901356300338268,0.9087917336649874,
0.07350500985303925,0.14491653510170807,0.005481345638937673,0.005901356300338268,0.7701957531059768,
0.002387262298452912,0.0035865822113164405,0.0031103753048701316,0.003348709260627713,0.9875670709247328,
0.002832845886561835,0.004256019403786532,0.8902805773721604,0.003973747359227546,0.09865680997826388,
0.002832845886561835,0.004256019403786532,0.8436179642611411,0.003973747359227546,0.1453194230892831,
0.004883909847859871,0.2486806661527171,0.7303927587461022,0.006850857631437533,0.009191807621883052,
0.0072011857913555286,0.010818938864153426,0.48385394092754164,0.010101394204834848,0.48802454021211467,
0.005820382933262941,0.9674774210029691,0.0075834043675220885,0.008164486257604906,0.010954305438641123,
0.005820382933262941,0.008744444171475876,0.0075834043675220885,0.008164486257604906,0.9696872822701342,
0.005820382933262941,0.008744444171475876,0.0075834043675220885,0.008164486257604906,0.9696872822701342,
0.008170333332549034,0.012274969621074563,0.6835534682007466,0.280624177561123,0.015377051284506862,
0.0027065511379466417,0.8511297311607137,0.13727323952920512,0.003796588613609008,0.005093889558525689,
0.003293960267218725,0.11346496025143457,0.7096468243341482,0.004620571127908111,0.16897368401929036,
0.10086468172867137,0.0044643370356796455,0.003871586610947469,0.24890119298547606,0.6418982016392255,
0.16606821595273907,0.004948789794421017,0.004291716363560136,0.004620571127908112,0.8200707067613717,
0.002832845886561835,0.004256019403786532,0.0036909282627950253,0.003973747359227546,0.9852464590876291,
0.004883909847859873,0.0073375029603404565,0.08681099023309788,0.16774629975968866,0.7332212971990132,
0.009440906159948699,0.014183856593355278,0.01230060115075367,0.9463062914905387,0.01776834460540373,
0.0036949186940467035,0.8576285487819378,0.004814126988439327,0.005183011710124701,0.12867939382545146,
0.19282932340677686,0.0029019116143559043,0.0025166115511668285,0.0027094480828727206,0.7990427053448277,
0.9607946097107729,0.009671702150891005,0.008387546068586844,0.009030245690878475,0.012115896378870793,
0.5636215676739506,0.01679577663924688,0.1987131057619773,0.1998292111934441,0.021040338731381104,
0.0024849790399686825,0.0037333901792114617,0.003237690908136685,0.5356089747059913,0.45493496516669174,
0.0016219185567686123,0.29631525670483616,0.002113205335146042,0.0022751306777453045,0.697674488725504,
0.0018719797509758858,0.0028124304895803744,0.0024390112441459405,0.0026259016161998662,0.9902506768990978,
0.0027065511379466413,0.8065474440640885,0.0035263782393300494,0.0037965886136090074,0.18342303794502576,
0.0032939602672187253,0.004948789794421017,0.004291716363560136,0.004620571127908112,0.982844962446892,
0.0042070195735339246,0.14491653510170804,0.8370572289930013,0.005901356300338267,0.007917860031418382,
0.536635927360296,0.22175104332612944,0.008387546068586842,0.009030245690878473,0.22419523755410922,
0.004207019573533925,0.006320554542697428,0.005481345638937673,0.005901356300338268,0.9780897239444928,
0.0023872622984529115,0.16087843851124323,0.16040223160479694,0.0033487092606277126,0.6729833583248791,
0.004207019573533925,0.9764924184557718,0.005481345638937673,0.005901356300338268,0.007917860031418384,
0.3204619565099875,0.6362259572934328,0.01230060115075367,0.013243140440422376,0.01776834460540373,
0.4305962567726767,0.009671702150891002,0.5385858990066827,0.009030245690878472,0.01211589637887079,
0.004883909847859873,0.0073375029603404565,0.08681099023309788,0.3286417418879398,0.5723258550707621,
0.006437574422199944,0.009671702150891005,0.008387546068586844,0.009030245690878475,0.9664729316674437,
0.18628292566772955,0.12727652088720628,0.18740213396212219,0.0051830117101247,0.4938554077728171,
0.002484979039968683,0.0037333901792114626,0.45349577832905835,0.1262834406869717,0.41400241176478986,
0.0036949186940467035,0.005551182904751041,0.9786168308480815,0.005183011710124701,0.006954055842996207,
0.0034829378034012585,0.9805383733077917,0.004537936086503139,0.00488565755174816,0.006555095250555668,
0.0032939602672187253,0.22198113070844813,0.004291716363560136,0.004620571127908112,0.7658126215328649,
0.0036949186940467035,0.005551182904751041,0.9786168308480815,0.005183011710124701,0.006954055842996207,
0.0018719797509758858,0.0028124304895803744,0.9583312769901875,0.03346113599510443,0.0035231767741517456,
0.009440906159948699,0.014183856593355278,0.94536375220087,0.013243140440422376,0.01776834460540373,
0.0072011857913555286,0.010818938864153426,0.009382458921974934,0.010101394204834848,0.9624960222176813,
0.0029715040294456935,0.9833961140279363,0.003871586610947468,0.0041682487374118905,0.005592546594258674,
0.008170333332549034,0.9543465929498667,0.01064516582303788,0.011460856610039536,0.015377051284506862,
0.002832845886561835,0.004256019403786532,0.9836058035941988,0.003973747359227546,0.005331583756225434,
0.04244107711807681,0.7628518090444713,0.0552966794916938,0.059533813300877245,0.07987662104488089,
0.0022132029020379453,0.7688981213774403,0.2216187476503649,0.00310454911406493,0.004165378956092016,
0.004207019573533925,0.9764924184557718,0.005481345638937673,0.005901356300338268,0.007917860031418384,
0.003124434437232484,0.056159754288339095,0.930452670196091,0.004382770398110458,0.005880370680227068,
0.0034829378034012585,0.9805383733077917,0.004537936086503139,0.00488565755174816,0.006555095250555668,
0.0032939602672187253,0.16772304547994138,0.004291716363560136,0.004620571127908112,0.8200707067613717,
0.0036949186940467035,0.005551182904751041,0.9786168308480815,0.005183011710124701,0.006954055842996207,
0.0018719797509758858,0.0028124304895803744,0.989166511369092,0.0026259016161998662,0.0035231767741517456,
0.009440906159948699,0.014183856593355278,0.94536375220087,0.013243140440422376,0.01776834460540373,
0.0072011857913555286,0.010818938864153426,0.009382458921974934,0.010101394204834848,0.9624960222176813,
0.0029715040294456935,0.9833961140279363,0.003871586610947468,0.0041682487374118905,0.005592546594258674,
0.008170333332549034,0.9543465929498667,0.01064516582303788,0.011460856610039536,0.015377051284506862,
0.002832845886561835,0.004256019403786532,0.9836058035941988,0.003973747359227546,0.005331583756225434,
0.04244107711807681,0.7628518090444713,0.0552966794916938,0.059533813300877245,0.07987662104488089,
0.0023872622984529115,0.8293688277859322,0.003110375304870131,0.0033487092606277126,0.161784825350117,
0.003124434437232484,0.6222819836324107,0.004070840360337309,0.004382770398110458,0.36613997117190905,
0.0014653265597673456,0.0022014816622526003,0.9915198876389921,0.0020554727579439663,0.0027578313810438723,
0.0053111823653046,0.00797942991216505,0.006919964546590023,0.007450210051532354,0.972339213124408,
0.002484979039968683,0.617721691207741,0.3716306715252544,0.0034857804812658006,0.004676877745770202,
0.008170333332549034,0.012274969621074563,0.01064516582303788,0.011460856610039536,0.9574486746132991,
0.0020628005679443943,0.9884736803067212,0.0026876325863162717,0.0028935736844586005,0.0038823128545594715,
0.05191809287905853,0.2491972812837438,0.0528181754605603,0.004168248737411891,0.6418982016392255,
0.004207019573533925,0.9764924184557718,0.005481345638937673,0.005901356300338268,0.007917860031418384,
0.0024849790399686825,0.9861146718248586,0.003237690908136685,0.0034857804812658,0.004676877745770201,
0.0042070195735339246,0.21421452538121333,0.005481345638937671,0.5602852785363807,0.21581183086993427,
0.008170333332549034,0.012274969621074563,0.01064516582303788,0.81895081946329,0.1499587117600486,
0.002213202902037945,0.0033250783391617273,0.5497214803810556,0.0031045491140649297,0.44163568926367963,
0.0019315392153946248,0.5437789668232723,0.034332908916397196,0.0027094480828727206,0.4172471369620632,
0.009440906159948699,0.014183856593355278,0.01230060115075367,0.013243140440422376,0.95083149565552,
0.002387262298452912,0.0035865822113164405,0.0031103753048701316,0.003348709260627713,0.9875670709247328,
0.004207019573533925,0.006320554542697428,0.005481345638937673,0.005901356300338268,0.9780897239444928,
0.005820382933262941,0.008744444171475876,0.0075834043675220885,0.6792775700396502,0.2985741984880891,
0.003934375274037732,0.005910938391500473,0.005126116095574907,0.005518907127839738,0.9795096631110471,
0.3794741865508777,0.016795776639246883,0.014565724638904414,0.5681239734395899,0.021040338731381107,
0.008170333332549034,0.4160199510476998,0.01064516582303788,0.5497874985122064,0.015377051284506862,
0.008170333332549032,0.012274969621074563,0.1452268262985796,0.011460856610039535,0.8228670141377572,
0.004883909847859873,0.0073375029603404565,0.006363269168972311,0.006850857631437534,0.9745644603913899,
0.3688709326414125,0.005551182904751041,0.004814126988439327,0.005183011710124701,0.6155807457552724,
