0.00488966574237575,0.010425017627227416,0.002921507236146898,0.9785049502013691,0.0032588591928808864,
0.17171631231687454,0.14301364957501297,0.0025300678257270054,0.679917750747733,0.0028222195346525683,
0.011647086197549037,0.11696418652309772,0.006958971921388105,0.4881392073097061,0.37629054804825907,
0.0070806226107993295,0.7992346187189086,0.004230573475524483,0.07271533242503293,0.11673885276973477,
0.44309184458553513,0.011793489847326033,0.0033050079300011113,0.49436698202833085,0.047442675608806946,
0.18055565154840772,0.055549522020180604,0.26584120096712854,0.49436698202833085,0.0036866434359523834,
0.026044003255151642,0.055527147932734854,0.015560929514824054,0.8855101398703806,0.017357779426908825,
0.010664540705295194,0.9506947972193979,0.006371914662936648,0.02516105573232148,0.007107691680048779,
0.007973851610159349,0.017000659753158832,0.1309154597599834,0.7126444303986261,0.1314655984780723,
0.30857358273575264,0.013575522897298596,0.003804404922573141,0.6698027827021942,0.0042437067421815505,
0.007973851610159349,0.0800762569469474,0.0047642653724062995,0.8387956247862032,0.06839000128428373,
0.18881755872267703,0.33264075461839304,0.003456239245629979,0.4712301096961592,0.0038553377171408167,
0.5850708664786842,0.3972124847847664,0.0029215072361468974,0.011536282307521455,0.003258859192880886,
0.3988190954284009,0.020968452801144753,0.4726572666141517,0.10100044946040976,0.006554735695892834,
0.0057846355565082585,0.012333139077597687,0.003456239245629979,0.7000212636538702,0.278404722466394,
0.10377908882247075,0.024832183898175986,0.09909097454630982,0.027479194185097526,0.7448185585479459,
0.0070806226107993295,0.015096249808982463,0.11625034046265678,0.8568537013349591,0.00471908578260245,
0.009124978553436372,0.8856312683705514,0.005452047701853115,0.021528737175268316,0.07826296819889077,
0.9386219913049691,0.022737346619723833,0.006371914662936648,0.02516105573232148,0.007107691680048779,
0.9433970067011435,0.020968452801144753,0.005876199808943761,0.023203604992875094,0.006554735695892834,
0.018444343361556596,0.4770254212087926,0.4487213756232853,0.0435160935750166,0.012292766231348918,
0.11910038959793162,0.2951456672768132,0.004230573475524483,0.5768042838671283,0.00471908578260245,
0.018444343361556596,0.03932428407129478,0.011020238485787426,0.9189183678500122,0.012292766231348918,
0.008510667014624251,0.018145177670940822,0.005085005106214226,0.9625869699612575,0.005672180246963198,
0.018444343361556592,0.6229258002546252,0.15692061753162,0.1894164726208492,0.012292766231348916,
0.014278009395817212,0.9339887044348222,0.008530911920246324,0.03368638182199358,0.009515992427120585,
0.016095939663546333,0.16164115703614665,0.5189122593398975,0.29262303931332423,0.010727604647085331,
0.6075633045437426,0.1453772997951682,0.040740538626411645,0.1608739314897713,0.04544492554490619,
0.010664540705295194,0.022737346619723833,0.09073168289927064,0.8687587380956615,0.007107691680048779,
0.012829052495764028,0.23031562931238894,0.0076651803362477846,0.7406398446730925,0.008550293182506729,
0.17938407717796317,0.10709711485605784,0.006371914662936648,0.7000392016229935,0.007107691680048779,
0.006705072292860287,0.06733472329568574,0.004006187386739793,0.9174852276162379,0.0044687894084764045,
0.007973851610159349,0.017000659753158832,0.0047642653724062995,0.9649468191737803,0.0053144040904951825,
0.006367353190117584,0.013575522897298596,0.003804404922573141,0.9216413073235566,0.05461141166645406,
0.010664540705295194,0.1914568830923918,0.006371914662936648,0.7843989698593276,0.007107691680048779,
0.03280167288203596,0.588877310683677,0.019598543076695115,0.0773896168907201,0.2813328564668718,
0.0027569546951587073,0.15853643350349322,0.0016472420643873895,0.8352219175211966,0.0018374522157640876,
0.0055315228569894435,0.9744261976501264,0.0033050079300011104,0.013050628126930579,0.0036866434359523826,
0.010664540705295196,0.5288959560377279,0.0063719146629366485,0.4469598969139915,0.00710769168004878,
0.4303558796156686,0.2038187512059969,0.0029215072361468974,0.32096625603355267,0.04193760590863478,
0.08130634080818368,0.8856312683705514,0.005452047701853115,0.021528737175268316,0.00608160594414347,
0.002077388421663742,0.711038455293546,0.03410676215439883,0.2513928585175676,0.0013845356128236875,
0.008510667014624251,0.018145177670940822,0.1397289465061156,0.8279430285613562,0.005672180246963198,
0.543061026674782,0.009676470151075417,0.21812071569873,0.2261169241289842,0.0030248633464283465,
0.00488966574237575,0.938714938805321,0.0029215072361468974,0.05021502902327536,0.003258859192880886,
0.0034302221229709088,0.3057885393973048,0.3819269485015619,0.008092988943017415,0.300761301035145,
0.004381278641749623,0.009341110308256503,0.00261775301827242,0.9460825783699955,0.03757727966172594,
0.298751564978099,0.682046362051687,0.0031664563634864573,0.01250352354827808,0.0035320930584493565,
0.014278009395817215,0.2563282612189516,0.008530911920246326,0.37251660342992904,0.348346214035056,
0.19828339932114525,0.5906062183635359,0.0029215072361468974,0.011536282307521455,0.1966525927716504,
0.1431546084145256,0.0854671483708915,0.005085005106214226,0.7606210578614054,0.005672180246963198,
0.0040972778763573164,0.5921285143602238,0.002448066513124576,0.3985953918746391,0.00273074937565506,
0.005086401372767695,0.33272435230211544,0.04327403956770768,0.6155252274120578,0.0033899793453513695,
0.007973851610159349,0.9631346176599871,0.0047642653724062995,0.018812861266951985,0.0053144040904951825,
0.4723070993221576,0.3012281917729411,0.006958971921388103,0.21174319943494097,0.007762537548572167,
0.005086401372767695,0.2522543812417393,0.003039054037519608,0.012000444459236747,0.7276197188887367,
0.004381278641749622,0.806457854783288,0.17590400181719232,0.01033683485582801,0.002920029901941963,
0.011647086197549037,0.5776241996477063,0.09909097454630983,0.02747919418509753,0.28415854542333735,
0.0034302221229709088,0.9841411081799696,0.0020495099832696455,0.008092988943017415,0.0022861707707725163,
0.011647086197549037,0.02483218389817599,0.006958971921388105,0.6724032125595496,0.28415854542333735,
0.2568298602653945,0.22090761021193694,0.0031664563634864577,0.5155639801007328,0.003532093058449357,
0.5548834050550144,0.14960783145222423,0.23224739320334092,0.05940603257227945,0.003855337717140816,
0.014278009395817212,0.030441446813661302,0.7991347623387621,0.14662978902463872,0.009515992427120585,
0.0070806226107993295,0.1831259002896809,0.6763491753983183,0.1287252159185991,0.00471908578260245,
0.018444343361556596,0.4770254212087926,0.4487213756232853,0.0435160935750166,0.012292766231348918,
0.3481036136506312,0.6132557242740618,0.006371914662936648,0.02516105573232148,0.007107691680048779,
0.5202376344223396,0.23031562931238891,0.007665180336247783,0.23323126274651684,0.008550293182506727,
