5.058020122805836E-4,8.065454306938639E-4,0.0013920849575565504,0.9964171039674666,8.784636320024299E-4,
0.001348398818663319,0.00215013953986132,0.0037111076402894043,0.9904484903967095,0.0023418636044762837,
0.006812921251526147,0.010863797240188381,0.018750746262365094,0.9517400328005917,0.011832502445328732,
9.027910705718278E-4,0.001439579114281987,0.04379366292352489,0.9522960231042525,0.0015679437873686245,
0.0023734835214096524,0.003784726518561584,0.006532379521910342,0.9831872066823161,0.004122203755802413,
9.840949731776936E-4,0.0015692252792876798,0.0027084585978430927,0.9930290708826232,0.0017091502670682358,
0.0013483988186633192,0.0021501395398613207,0.003711107640289405,0.0032704763092565032,0.9895198776919295,
0.0010304974388969223,0.0016432180586560849,0.002836168992331279,0.0024994218431627032,0.991990693666953,
0.0015382096638095208,0.002452809490023332,0.9896066053973027,0.0037308533606885,0.0026715220881758034,
8.338962754452287E-4,0.001329720353623036,0.9943655190496221,0.0020225752021381872,0.0014482891191712937,
0.0013483988186633192,0.0021501395398613207,0.5589987405644817,0.0032704763092565032,0.43423224476773703,
0.9348652376889371,0.0019139619012695321,0.003303468683470804,0.0578327052944832,0.002084626431839137,
0.001081492431073806,0.0017245340220764104,0.9926925581990281,0.002623107737496657,0.0018783076103248298,
0.001030497438896922,0.0016432180586560847,0.8515798428361933,0.14395670081713968,0.001789740849113942,
0.4628349547092219,0.01578440443937345,0.4801798529921617,0.024008916545957566,0.01719187131328543,
0.0023734835214096524,0.003784726518561584,0.006532379521910342,0.9831872066823161,0.004122203755802413,
0.0016546717358118235,0.986904169361915,0.0045540420504294795,0.004013326500043541,0.0028737903518001053,
0.001200286734322784,0.9905003805590964,0.003303468683470804,0.0029112375912705964,0.002084626431839137,
0.00127003914839307,0.002025188210145993,0.0034954435748768033,0.003080418707845929,0.9901289103587383,
0.09117338869625037,0.8953438131560408,0.005366696699747737,0.0047294921400127575,0.0033866093079483166,
6.581161561217432E-4,0.0010494236197133799,0.0018112889609339846,0.9652247802069374,0.03125639105629359,
0.0012700391483930697,0.989948327978822,0.0034954435748768024,0.0030804187078459287,0.002205770590061919,
0.0016546717358118233,0.0026385184230484737,0.004554042050429479,0.9882789774389101,0.002873790351800105,
0.001348398818663319,0.00215013953986132,0.9908891217277424,0.0032704763092565024,0.0023418636044762837,
0.9891931789170691,0.0020251882101459924,0.0034954435748768024,0.0030804187078459287,0.002205770590061919,
0.0010304974388969223,0.37886262865592807,0.6158177112128983,0.0024994218431627032,0.0017897408491139423,
0.0010304974388969223,0.0016432180586560849,0.002836168992331279,0.0024994218431627032,0.991990693666953,
0.21958024726816638,0.003784726518561584,0.7667560526355589,0.005756769821910651,0.004122203755802413,
0.001348398818663319,0.9893281536273142,0.0037111076402894043,0.0032704763092565024,0.0023418636044762837,
0.001538209663809521,0.6359069414097119,0.07461730373553038,0.0037308533606885005,0.28420669183025965,
0.9348652376889371,0.0019139619012695321,0.003303468683470804,0.0578327052944832,0.002084626431839137,
0.0011377972399557498,0.9909949510634319,0.003131483038887392,0.00275967233618724,0.0019760963215373845,
0.0012002867343227843,0.0019139619012695326,0.0033034686834708046,0.16767564070090846,0.8259066419800284,
0.0012002867343227843,0.0019139619012695326,0.0033034686834708046,0.0029112375912705973,0.9906710450896663,
0.0016546717358118235,0.986904169361915,0.0045540420504294795,0.004013326500043541,0.0028737903518001053,
0.001538209663809521,0.9878259035873168,0.004233511300009416,0.0037308533606885005,0.002671522088175804,
0.0015382096638095208,0.002452809490023332,0.004233511300009416,0.0037308533606885,0.9880446161854692,
0.0030320695318856858,0.004834899362029206,0.9795128740579765,0.007354138430557753,0.005266018617550791,
0.6764219558702292,0.00156922527928768,0.09276684005078331,0.22753282853263154,0.001709150267068236,
0.001200286734322784,0.0019139619012695321,0.9369684196380852,0.0578327052944832,0.002084626431839137,
8.03247131707058E-4,0.4790847188314138,0.18598144290861332,0.33273553263584627,0.0013950584924195314,
0.0026626570856840546,0.004245838991980525,0.00732825252987714,0.006458146356903623,0.9793051050355546,
7.234750169757836E-4,0.0011536440247281782,0.9620076000439379,0.03485876853274451,0.0012565123816134795,
0.0015382096638095208,0.002452809490023332,0.9896066053973027,0.0037308533606885,0.0026715220881758034,
0.9877719596172927,0.002291523383815705,0.003955133971504375,0.0034855286366018514,0.002495854390785475,
9.840949731776938E-4,0.00156922527928768,0.002708458597843093,0.0023868749002810244,0.9923513462494106,
9.416913727487202E-4,0.0015016090394535352,0.002591754012115452,0.9933294407665963,0.00163550480908585,
0.4205560064601263,0.0013297203536230362,0.00229507679492144,0.5743709072721579,0.0014482891191712939,
0.001030497438896922,0.0016432180586560847,0.23859830061562626,0.7569382430377066,0.001789740849113942,
8.669771366522803E-4,0.0013824706725267981,0.002386123030703923,0.9938586860712496,0.001505743088867235,
8.669771366522803E-4,0.0013824706725267981,0.002386123030703923,0.9938586860712496,0.001505743088867235,
0.001790213726490589,0.0028546519507823753,0.7421596671536077,0.0043420770620351355,0.24885339010708413,
9.416913727487202E-4,0.0015016090394535352,0.9936371677663929,0.0022840270123189064,0.00163550480908585,
0.0014370636725632047,0.0022915233838157047,0.003955133971504375,0.9898204245813312,0.002495854390785475,
0.001790213726490589,0.0028546519507823753,0.00492708518145702,0.25008627105275205,0.740341778088518,
0.0026626570856840546,0.004245838991980525,0.00732825252987714,0.9811388185956796,0.004624432796778752,
8.669771366522803E-4,0.9931383455080774,0.002386123030703923,0.002102811235698877,0.001505743088867235,
0.002140967238796269,0.0034139590230781607,0.9855338853552982,0.005192812791336202,0.003718375591491061,
0.0030320695318856858,0.004834899362029206,0.008344961631473571,0.007354138430557753,0.9764339310440537,
0.7053761340190191,0.002452809490023332,0.2857686810420933,0.0037308533606885005,0.002671522088175804,
8.338962754452287E-4,0.11579938676762697,0.8798958526356182,0.0020225752021381872,0.0014482891191712937,
0.006812921251526147,0.010863797240188381,0.018750746262365094,0.016524411948116578,0.9470481232978039,
0.8344948379148527,0.1540640031828741,0.004554042050429479,0.004013326500043541,0.002873790351800105,
