0.002310429909788402,0.0805937038142381,0.0030519919587851923,0.004658785782079602,0.9093850885351087,
0.920423161846596,0.00408430948617079,0.0030519919587851923,0.004658785782079602,0.06778175092636836,
0.8290807590886886,0.002704728537829585,0.0020211029002828954,0.003085160637089515,0.16310824883610933,
0.011033417545319108,0.01950454837617523,0.014574734114880533,0.022247949859940958,0.9326393501036843,
0.00983554848289406,0.0173869909665669,0.012992393646247305,0.12839991290989614,0.8313851539943956,
0.003456350955172006,0.006110034731604286,0.04271781958223488,0.04512154684631654,0.9025942478846722,
0.00427111026812352,0.007550342085978273,0.28851579128816185,0.008612331283683218,0.6910504250740531,
0.002648104724045035,0.47236883501303295,0.23734184482776166,0.0053396783800157355,0.28230153705514477,
0.0567696260593617,0.00833639098935333,0.11033707169080213,0.06156280169892799,0.7629941095615548,
0.002370895160708794,0.05653232365241723,0.291008054492981,0.05712183431627322,0.5929668923776197,
0.017385570940112446,0.03073369679485307,0.02296569243815416,0.22696302076916963,0.7019520190577108,
0.0567696260593617,0.00833639098935333,0.006229351216146256,0.009508941461600045,0.9191556902735386,
0.0026481047240450345,0.06314219026051497,0.14965042095222209,0.3853358485073538,0.3992234355558641,
0.0039030835579526384,0.13614953602321853,0.091322348607057,0.5679526194498055,0.20067241236196637,
0.003456350955172006,0.12056636038991686,0.004565711029464026,0.12142576395185825,0.7499858136735889,
0.00983554848289406,0.34308908395041493,0.012992393646247305,0.019832548581946798,0.6142504253384969,
0.005588470155237369,0.31831412985749996,0.007382161174176254,0.3197036736913017,0.3490115651217846,
0.2756783070657113,0.10348431634483853,0.010674573110402503,0.37309099412126395,0.2370718093577836,
0.0024346102818477745,0.1386731666952206,0.0032160296105479625,0.004909184960740054,0.8507670084516437,
0.03187857934922488,0.0046812410101552725,0.06195899707668251,0.7653320186346919,0.13614916392924542,
0.04097659462871421,0.07243720895578262,0.0541285571033357,0.08262582459027142,0.749831814721896,
0.011033417545319108,0.2630840629316423,0.3799440059480812,0.14403770713767453,0.2019008064372829,
0.0037418715330076696,0.0479185291348597,0.00494287309091862,0.0075451663010807695,0.9358515599401332,
