0.0019383903658624106,0.8979893868057753,0.0023202784025106588,0.0839251678534387,0.013826776572412807,
0.0014265549446893888,0.07409196594480287,0.0017076047665377863,0.0030864053935968794,0.919687468950373,
0.0028460770519731947,0.03075159727809599,0.0034067911355082268,0.0646911276259011,0.8983044069085214,
0.0010550903144062043,0.05479895179270295,0.478649748924453,0.0022827276644603245,0.46321348130397744,
0.0019383903658624106,0.220272595319702,0.0023202784025106588,0.04405947423661085,0.7314092616753141,
0.2522812343223612,0.04347545797050987,0.004816393876606593,0.09145789647056961,0.6079690173599527,
0.0015642345854839238,0.3707786650559964,0.001872409081822781,0.38943219629061665,0.23635249498608024,
0.0034523036344644357,0.5343117968201239,0.0751338776185988,0.007469189039939264,0.3796328328868738,
0.5593476671325701,0.22891672605514551,9.850748581001682E-4,0.0017804707592269202,0.20897006119495723,
0.006014555877113431,0.06498671566582015,0.007199501373992291,0.13671042447347032,0.7850888026096038,
0.0030230254084106876,0.9652543330050252,0.0036186006126044494,0.006540429417200392,0.021563611556759295,
0.002306132681552515,0.9734940639345872,0.002760470722804915,0.004989404980993203,0.016449927680062138,
0.0048216915165923266,0.7462514687942446,0.10493641889018956,0.010431911338901246,0.13355850946007244,
0.0053524678784268465,0.05783291654989159,0.006406973454451945,0.01158026600414443,0.9188273761130852,
0.0028460770519731947,0.5575533911057869,0.0034067911355082268,0.006157594978379885,0.43003614572835175,
0.003223435144509866,0.6314787558492198,0.07015292028236271,0.20585730328621185,0.08928758543769591,
0.0019383903658624106,0.977720774039431,0.0023202784025106588,0.004193780619783003,0.013826776572412807,
0.002018874185596316,0.10485565800524652,0.0024166185783436405,0.004367910397432817,0.8863409388333807,
0.004386686649116085,0.7691442328397264,0.005250920799948083,0.009490761911592017,0.21172739779961738,
0.002846077051973195,0.3234192605157021,0.003406791135508227,0.0061575949783798855,0.6641702763184367,
0.17538484154968503,0.6725531251440456,0.0025213055952607783,0.004557126649333852,0.14498360106167457,
