0.3377469776069945,0.004352511147899445,0.6456676222235304,0.00805971232411294,0.004173176697462873,
0.0035671756659645293,0.004352511147899445,0.21600787687077752,0.7718992596178956,0.004173176697462873,
0.006254469392434539,0.007631428980217173,0.9646656961853339,0.014131410606985532,0.007316994835028718,
0.004685636415452907,0.005717207853779178,0.15831854861634032,0.010586773711276403,0.8206918334031511,
0.004685636415452907,0.005717207853779178,0.15831854861634032,0.010586773711276403,0.8206918334031511,
0.0032562674354904646,0.00397315457400721,0.8072876971152896,0.1816734303028308,0.0038094505723820773,
0.01893199532782103,0.023099989580703938,0.8930446641020849,0.04277513931247058,0.022148211676919508,
0.5402304748034087,0.006099711464183749,0.43652635542305784,0.01129507036073662,0.005848387948612979,
0.00535756601611625,0.43674304599169456,0.5395267266382114,0.012104938161397004,0.006267723192580685,
0.006825820387786928,0.008328566382325547,0.9614378780623428,0.01542232675181484,0.007985408415729714,
0.006825820387786928,0.008328566382325547,0.778736210022045,0.01542232675181484,0.19068707645602762,
0.004685636415452907,0.005717207853779178,0.3464439768356357,0.3241291540767687,0.31902402481836345,
0.010756155485642184,0.01312418872624786,0.9392336516560154,0.024302565123118146,0.012583439008976396,
0.008351687652928532,0.010190362633379505,0.39395900778270027,0.5777284479712371,0.00977049395975452,
0.008351687652928532,0.010190362633379505,0.5057307200791266,0.4659567356748108,0.00977049395975452,
0.00751205266383119,0.009165876879823415,0.052748122878831946,0.7207161899352683,0.20985775764224499,
0.00940263642640902,0.5148194649388276,0.19186011698686184,0.2729178010179047,0.010999980629996783,
0.07891882759202741,0.09629328887580195,0.5541521341191654,0.17830998720272512,0.09232576221028012,
0.00535756601611625,0.29334105294601887,0.10932074750118437,0.5857129103440998,0.006267723192580685,
0.4355635451531433,0.29334105294601887,0.25272274054686006,0.012104938161397004,0.006267723192580685,
0.5862751764531907,0.03035516329867655,0.09805253002715121,0.28288535017929417,0.00243178004168737,
0.004685636415452907,0.005717207853779178,0.0329015964701434,0.9512139148077533,0.005481644452871185,
0.001385085523614784,0.6504772534995986,0.3433877974762489,0.003129476064535226,0.001620387436002389,
0.010756155485642184,0.01312418872624786,0.7952826364459026,0.024302565123118146,0.15653445421908913,
0.004999123854040459,0.006099711464183749,0.43652635542305784,0.5465264213101049,0.005848387948612979,
0.21736725850535044,0.14639136170941514,0.627072533874227,0.006040949137730371,0.003127896773277134,
0.003120288247950643,0.6301955356172393,0.3559837948172597,0.007050010428906821,0.0036503708886436313,
0.16024961623849432,0.08428110240821791,0.42672105874158806,0.013039912911739766,0.3157083096999599,
0.039883052565658446,0.0033833771666598516,0.39057225631306497,0.006265129650595145,0.5598961843040215,
0.004999123854040459,0.07300363033285479,0.3027185176857158,0.01129507036073662,0.6079836577666523,
0.01893199532782103,0.023099989580703938,0.8930446641020849,0.04277513931247058,0.022148211676919508,
0.26784042258727675,0.0048119564803421905,0.7138234442903324,0.008910484920050359,0.0046136917219984155,
0.05130714737182596,0.004352511147899446,0.932107452458699,0.008059712324112941,0.004173176697462874,
0.0032562674354904646,0.8755540902720502,0.11002294855685527,0.007357243163222201,0.0038094505723820773,
0.13166853915249027,0.5199622347099752,0.340089213030499,0.005455336312206143,0.002824676794829321,
0.004685636415452907,0.005717207853779178,0.9735287375666203,0.010586773711276403,0.005481644452871185,
0.002879774015797332,0.0035137738314325218,0.9837308645054933,0.006506590170828095,0.0033689974764489227,
0.00940263642640902,0.01147268418992338,0.443533507361314,0.2729178010179047,0.2626733710044489,
0.6215566116235023,0.018430313365438673,0.3082140168648016,0.03412812023247258,0.017670937913784778,
0.7428544836058563,0.0048119564803421905,0.23880938327175294,0.008910484920050359,0.0046136917219984155,
0.005771379691293674,0.007041984134617598,0.8901557683831899,0.09027903118534007,0.006751836605558613,
0.002338917341305516,0.0028538442609315606,0.016423407135659387,0.9756475725913692,0.0027362586707343423,
0.004163467065710436,0.00508007973656015,0.0849552446859017,0.9009304408888437,0.004870767622984139,
0.0035671756659645293,0.3385323130889294,0.6456676222235304,0.00805971232411294,0.004173176697462873,
0.004685636415452907,0.005717207853779178,0.7854033093473248,0.19871220193057176,0.005481644452871185,
0.1095024022477503,0.004811956480342191,0.8721614646298589,0.00891048492005036,0.004613691721998416,
0.6317703971464375,0.005717207853779178,0.3464439768356357,0.010586773711276403,0.005481644452871185,
0.00374601008125344,0.0045707170505691124,0.7281704296373224,0.2591304512649351,0.004382391965919882,
0.002673684357067037,0.0032623122772262028,0.018774073787424145,0.00604094913773037,0.9692489804405523,
0.02535657344328459,0.030938977756954856,0.856749339787694,0.05729089526709836,0.02966421374496822,
0.39684333361874163,0.0027672245101051894,0.5926120579243623,0.005124176074412998,0.002653207872377834,
0.00940263642640902,0.2631460745643755,0.695206897735766,0.02124441064345262,0.010999980629996783,
0.0026736843570670374,0.003262312277226203,0.9848951574546994,0.006040949137730371,0.003127896773277134,
0.003404638328493555,0.004154190224138316,0.6618126755252364,0.00769247384061395,0.32293602208151767,
0.015104881554415386,0.018430313365438673,0.7125151702441929,0.23627869692216819,0.017670937913784778,
0.008351687652928532,0.010190362633379505,0.9528175692648317,0.018869886489105495,0.00977049395975452,
0.004685636415452907,0.3192595882192715,0.534569405054931,0.010586773711276403,0.1308985965990681,
0.004163467065710435,0.005080079736560149,0.2521158937773657,0.06512719543152345,0.6735133639888402,
0.06739411248855137,0.005717207853779178,0.7226948332742265,0.19871220193057176,0.005481644452871185,
0.00535756601611625,0.651846035560208,0.3244237370696979,0.012104938161397004,0.006267723192580685,
0.00356717566596453,0.004352511147899446,0.8843674807528376,0.1035396557358358,0.004173176697462874,
0.04896935189777196,0.004154190224138317,0.935200956940907,0.007692473840613953,0.003983027096568991,
0.07891882759202741,0.09629328887580195,0.5541521341191654,0.17830998720272512,0.09232576221028012,
0.002995210590575791,0.0036546244722889527,0.9830787115011984,0.006767408720716852,0.0035040447152201422,
0.00356717566596453,0.052092482853760884,0.932107452458699,0.008059712324112941,0.004173176697462874,
0.6317703971464375,0.005717207853779178,0.3464439768356357,0.010586773711276403,0.005481644452871185,
0.004999123854040459,0.006099711464183749,0.771045949766413,0.01129507036073662,0.20656014455462607,
0.29216155210746764,0.006537066854667502,0.037619750978346536,0.6574139068669376,0.006267723192580685,
0.5855388997490983,0.0019015074839187692,0.40721533763837736,0.0035210945547903636,0.0018231605738151214,
0.006254469392434539,0.007631428980217173,0.21132636610684374,0.7674707406854757,0.007316994835028718,
0.48520482122203734,0.003383377166659852,0.5019026984771597,0.006265129650595146,0.0032439734835479966,
0.0028797740157973316,0.0035137738314325213,0.29000390168355106,0.7002335529927701,0.0033689974764489223,
0.004163467065710436,0.11652051246420285,0.8650382737794006,0.009406979067702131,0.004870767622984139,
0.051307147371825956,0.5772321716182366,0.3114878202825004,0.00805971232411294,0.0519131484033243,
0.0598836834295318,0.005080079736560151,0.920758490143222,0.009406979067702133,0.00487076762298414,
0.09817665440793588,0.008328566382325547,0.687385376001896,0.19812399479211273,0.007985408415729714,
0.0023389173413055162,0.002853844260931561,0.7989742130971751,0.005284573199089823,0.19054845210149812,
0.00535756601611625,0.29334105294601887,0.3244237370696979,0.012104938161397004,0.3647727058067699,
0.3045460244935896,0.0045707170505691124,0.22683707228342884,0.45966379420649256,0.004382391965919882,
0.0035671756659645293,0.004352511147899445,0.02504799004733183,0.9628591464413413,0.004173176697462873,
0.005771379691293674,0.23875933895541854,0.7356775318359893,0.013039912911739766,0.006751836605558613,
0.002138133564049481,0.002608856710370898,0.7590013876224525,0.0048309203275834645,0.23142070177554364,
0.23412209495644476,0.0035137738314325218,0.7524885435648458,0.006506590170828095,0.0033689974764489227,
0.0026736843570670365,0.0032623122772262023,0.5197257468000853,0.4712103597923443,0.003127896773277133,
0.004999123854040459,0.006099711464183749,0.5703341931603999,0.21200682696674972,0.20656014455462607,
0.0020786530785909933,0.0025362812332194134,0.09805253002715121,0.894900755619351,0.00243178004168737,
0.005771379691293674,0.007041984134617598,0.9673948866567903,0.013039912911739766,0.006751836605558613,
0.0024144959720626543,0.0029460619882647264,0.24314868064517833,0.748666084599665,0.002824676794829321,
0.003404638328493556,0.004154190224138316,0.023906685555339018,0.9645514587954601,0.00398302709656899,
0.1541460172874215,0.10483738852134783,0.0263037293418714,0.7103304728834393,0.004382391965919882,
0.00940263642640902,0.01147268418992338,0.695206897735766,0.14708110583067865,0.13683667581722284,
0.0024951221278769154,0.0698295205444074,0.11769786881940769,0.20599275003481124,0.6039847384734968,
0.1095024022477503,0.004811956480342191,0.8721614646298589,0.00891048492005036,0.004613691721998416,
0.0031202882479506424,0.0038072387388840873,0.3559837948172597,0.25760532918024887,0.3794833490156567,
0.00535756601611625,0.006537066854667502,0.25272274054686006,0.08380593468423483,0.6515766918981213,
0.006825820387786928,0.008328566382325547,0.23063120590115127,0.01542232675181484,0.7387920805769214,
0.008351687652928532,0.010190362633379505,0.05864387089342129,0.018869886489105495,0.9039441923311651,
0.00535756601611625,0.006537066854667502,0.25272274054686006,0.012104938161397004,0.7232776884209592,
0.004685636415452907,0.005717207853779178,0.7854033093473248,0.19871220193057176,0.005481644452871185,
0.5845164632663298,0.0048119564803421905,0.18603004315857744,0.16724850525957682,0.057393031835173906,
0.010756155485642186,0.013124188726247862,0.3634295908155644,0.02430256512311815,0.5883874998494274,
0.004685636415452907,0.06842568392687763,0.9108202614935218,0.010586773711276403,0.005481644452871185,
0.00374601008125344,0.0045707170505691124,0.678037093901933,0.3092637870003245,0.004382391965919882,
0.005771379691293674,0.007041984134617598,0.9673948866567903,0.013039912911739766,0.006751836605558613,
0.5063534450002406,0.005717207853779178,0.47186092898183263,0.010586773711276403,0.005481644452871185,
0.00751205266383119,0.3107701839337121,0.6559567369866093,0.016972806809528094,0.008788219606319198,
0.42617844292680324,0.0048119564803421905,0.5554854239508059,0.008910484920050359,0.0046136917219984155,
0.004163467065710437,0.06080029610038151,0.920758490143222,0.009406979067702133,0.00487076762298414,
0.002581318926026176,0.14133410759143783,0.8472324756582947,0.005832257760407705,0.0030198400638336946,
0.00535756601611625,0.006537066854667502,0.037619750978346536,0.944217892958289,0.006267723192580685,
0.005771379691293674,0.007041984134617598,0.11776458564718675,0.8626702139213432,0.006751836605558613,
0.006254469392434539,0.25874453900638056,0.6298482161504494,0.09783578061570665,0.007316994835028718,
0.02535657344328459,0.030938977756954856,0.856749339787694,0.05729089526709836,0.02966421374496822,
0.006254469392434539,0.007631428980217173,0.21132636610684374,0.6837663706767546,0.09102136484374984,
0.00299521059057579,0.04373991385444818,0.18137292385801376,0.5278761706887868,0.24401578100817548,
0.0024144959720626543,0.0029460619882647264,0.7278513425717819,0.005455336312206144,0.2613327631556846,
0.0035671756659645293,0.004352511147899445,0.12052793345905469,0.8673792030296185,0.004173176697462873,
0.0031202882479506432,0.0038072387388840886,0.982372091695615,0.007050010428906822,0.0036503708886436318,
0.0031202882479506432,0.0038072387388840886,0.9406128719037247,0.04880923022079717,0.0036503708886436318,
0.010756155485642184,0.01312418872624786,0.9392336516560154,0.024302565123118146,0.012583439008976396,
0.18072233417077996,0.015331118848846161,0.7608578864159926,0.028389222526889725,0.014699438037491436,
0.07699319995369003,0.0033833771666598525,0.7616737301933808,0.15470571920272147,0.003243973483547997,
0.006825820387786928,0.921836906583815,0.04792953786085335,0.01542232675181484,0.007985408415729714,
0.002995210590575791,0.0036546244722889527,0.7024816858260838,0.1671085662493538,0.12375991286169784,
0.002581318926026176,0.21042635537059143,0.7435941039895644,0.005832257760407705,0.03756596395341049,
0.004163467065710435,0.005080079736560149,0.36355632650500835,0.6223293590697369,0.004870767622984138,
0.0019690969281515873,0.002402605627989715,0.8044069420854723,0.1889177431494301,0.0023036122089563613,
0.004999123854040459,0.006099711464183749,0.9717577063724261,0.01129507036073662,0.005848387948612979,
0.0020786530785909933,0.0025362812332194134,0.07023364796169408,0.9227196376848081,0.00243178004168737,
0.0034046383284935563,0.004154190224138317,0.7529421026637934,0.23551604168700596,0.003983027096568991,
0.00940263642640902,0.01147268418992338,0.9468802881102182,0.02124441064345262,0.010999980629996783,
0.20342165750137195,0.0036546244722889527,0.6623963964439246,0.12702327686719456,0.0035040447152201422,
0.16441801996450525,0.0024676344027876004,0.6096514670090782,0.22109691698960976,0.0023659616340191937,
0.0023389173413055162,0.5036863600763016,0.48595389071256884,0.005284573199089823,0.0027362586707343427,
0.005771379691293674,0.007041984134617598,0.5811992952887887,0.39923550427974136,0.006751836605558613,
0.006825820387786928,0.008328566382325547,0.870087044042194,0.10677316077196378,0.007985408415729714,
0.004685636415452907,0.005717207853779178,0.534569405054931,0.010586773711276403,0.44444097696456036,
0.00751205266383119,0.009165876879823415,0.35435242993272065,0.31857711386341675,0.3103925266602079,
0.005771379691293674,0.7021940485970204,0.2722428221943874,0.013039912911739766,0.006751836605558613,
0.003120288247950643,0.3378809970740068,0.6482983333604921,0.007050010428906821,0.0036503708886436313,
0.2647305481449033,0.003973154574007209,0.5893924631907789,0.13809438351792863,0.003809450572382077,
0.012564883174626071,0.015331118848846161,0.7608578864159926,0.19654667352304359,0.014699438037491436,
0.0075120526638311905,0.009165876879823417,0.3543524299327207,0.016972806809528097,0.6119968337140966,
0.003943722021399301,0.004811956480342191,0.97772014485621,0.00891048492005036,0.004613691721998416,
0.015104881554415386,0.018430313365438673,0.7125151702441929,0.23627869692216819,0.017670937913784778,
0.00374601008125344,0.5059040744044626,0.22683707228342884,0.2591304512649351,0.004382391965919882,
0.015104881554415386,0.018430313365438673,0.5103645935544973,0.4384292736118638,0.017670937913784778,
0.002772905177626869,0.0033833771666598516,0.4647925510891281,0.5258071930830371,0.003243973483547996,
0.008351687652928532,0.010190362633379505,0.05864387089342129,0.9130435848605161,0.00977049395975452,
0.00535756601611625,0.006537066854667502,0.9697327057752385,0.012104938161397004,0.006267723192580685,
0.004999123854040459,0.13990754920152582,0.10200676107970266,0.747238177916118,0.005848387948612979,
0.002581318926026176,0.24497247926016819,0.018125502308451735,0.7313008594415202,0.003019840063833694,
0.0023389173413055162,0.002853844260931561,0.9867864065279389,0.005284573199089823,0.0027362586707343427,
0.003943722021399299,0.00481195648034219,0.44992674372445485,0.008910484920050357,0.5324070928537533,
0.00940263642640902,0.01147268418992338,0.9468802881102182,0.02124441064345262,0.010999980629996783,
0.004163467065710437,0.005080079736560151,0.9764787065070434,0.009406979067702133,0.00487076762298414,
0.002879774015797332,0.0035137738314325218,0.9066500908586108,0.08358736381771056,0.0033689974764489227,
0.015104881554415386,0.018430313365438673,0.9146657469338885,0.03412812023247258,0.017670937913784778,
0.002581318926026176,0.003149612033130659,0.05267162619802852,0.9040314788894042,0.03756596395341048,
0.0037460100812534403,0.004570717050569113,0.07643706507726077,0.9108638158249969,0.0043823919659198825,
0.00356717566596453,0.004352511147899446,0.8843674807528376,0.1035396557358358,0.004173176697462874,
0.6758894294622035,0.007631428980217173,0.2950307361155649,0.014131410606985532,0.007316994835028718,
0.00751205266383119,0.009165876879823415,0.9575610440404979,0.016972806809528094,0.008788219606319198,
0.00751205266383119,0.009165876879823415,0.052748122878831946,0.9217857279711942,0.008788219606319198,
