0.004946599248491917,0.0035912926031982676,0.5850285305920064,0.008252721608713797,0.3981808559475897,
0.584697880929767,0.0035912926031982668,0.005277248910731113,0.20150314883580553,0.20493042872049794,
0.008752153332469665,0.00635417221933594,0.009337180822644663,0.612967481548746,0.36258901207680366,
0.006522096720576756,0.6417373921785609,0.006958058675329316,0.32938235720664083,0.015400095218892218,
0.006522096720576755,0.0047351233712922955,0.6439603274825979,0.07458144968373337,0.27020100274179965,
0.004510747324687277,0.003274858683364041,0.04886797700092758,0.7124169869692575,0.23092943002176358,
0.02768324316684522,0.02009837899197924,0.8406665029279995,0.046185689926661035,0.0653661849865151,
0.00696582110540138,0.07309128146429801,0.89187355599028,0.011621516009510335,0.016447825430510314,
0.007474329718243725,0.005426456375898499,0.0079739425780393,0.8884762188035634,0.09064905252425501,
0.3834533224274788,0.006948101618846699,0.4775638075261666,0.10943737906073944,0.022597389366768663,
0.1965117731558329,0.006948101618846696,0.01020993434705201,0.3898497029682081,0.39648048791006024,
0.006522096720576756,0.004735123371292296,0.9624614618862323,0.010881222803006527,0.015400095218892218,
0.01528504319548195,0.011097131546331702,0.16559321229255095,0.7719332867066028,0.03609132625903265,
0.8165042079573039,0.008545636064199872,0.012557442011586924,0.13459964528097976,0.027793068685929605,
0.011770646840474878,0.00854563606419987,0.12751937931399104,0.24956158258338387,0.6026027551979503,
0.5260989758732911,0.21388130185499735,0.011262664304011164,0.017612895401692443,0.23114416256600775,
0.4029843164717668,0.009655670670426053,0.014188589780321812,0.41187326878882524,0.1612981542886602,
0.1465751808276459,0.10641540506424824,0.1563728279784811,0.2445405623845985,0.34609602374502635,
0.8834806557171279,0.0054264563758984995,0.0079739425780393,0.08547041997125306,0.017648525357681345,
0.15347538405139108,0.15142751070904584,0.15397499691118663,0.15847094713782672,0.3826511611905497,
0.11491753860685597,0.0020822840469172975,0.703368750693594,0.0047850488523743595,0.17484637780025847,
0.006522096720576756,0.38693648465565345,0.006958058675329316,0.5841832647295482,0.015400095218892218,
0.0019067065082056752,0.2807215419372364,0.002034158082763629,0.13353846099239225,0.581799132479402,
0.01528504319548195,0.011097131546331702,0.01630675409543781,0.9212197449037158,0.03609132625903265,
0.2791018557794682,0.005057272795781292,0.0074314432995627195,0.555893585357644,0.15251584276754374,
0.0036964898303271146,0.0026836976109391977,0.5815915355611172,0.4033000569479036,0.008728220049712824,
0.004320408637279505,0.0031366704279887146,0.0046092013178443,0.38697837993247175,0.6009553396844158,
0.008062927690129115,0.005853785827204657,0.00860188469543191,0.9584430680288152,0.019038333758419113,
0.0038349427587206146,0.002784216159673928,0.9779276280190426,0.006398075401544395,0.009055137661018321,
0.00696582110540138,0.005057272795781292,0.3476014866421463,0.011621516009510335,0.6287539034471608,
0.2980608450443026,0.020098378991979242,0.029533697295627458,0.04618568992666104,0.6061213887414298,
0.16591609808854213,0.003975418239824495,0.43368279618700367,0.2230559806100285,0.17336970687460115,
0.004946599248491917,0.0035912926031982676,0.005277248910731114,0.2981283624493514,0.6880564967882273,
0.004510747324687277,0.003274858683364041,0.09292369102885475,0.844584129053039,0.05470657391005484,
0.0033352520429612066,0.0024214344825569238,0.003558193079032388,0.9828098616801716,0.00787525871527788,
0.006522096720576756,0.004735123371292296,0.006958058675329316,0.010881222803006527,0.9709034984297951,
0.003984170849884528,0.002892557610651536,0.004250488107386074,0.00664704198054329,0.9822257414515345,
0.013299593923223992,0.009655670670426053,0.01418858978032181,0.15208345375646337,0.8107726918695648,
0.02179135016701561,0.015820791363352422,0.8745778445428147,0.03635587549591903,0.05145413843089814,
0.005475688853657925,0.003975418239824495,0.9684841603032843,0.009135434963516206,0.012929297639716964,
0.008062927690129115,0.005853785827204656,0.00860188469543191,0.6434460079185501,0.334035393868684,
0.9811933281504663,0.0023450449973078844,0.003445942039542374,0.0053888684830230545,0.007626816329660309,
0.06228693927434051,0.908229857497979,0.006171772108228696,0.009651604065531874,0.013659827053919845,
0.004946599248491916,0.0035912926031982668,0.005277248910731113,0.9745048577441725,0.011680001493406198,
0.006522096720576756,0.004735123371292296,0.07065828555605619,0.13828167656446025,0.7798028177876145,
0.005475688853657925,0.003975418239824495,0.005841704893979144,0.009135434963516206,0.9755717530490222,
0.006522096720576756,0.004735123371292296,0.8987612350055054,0.07458144968373338,0.015400095218892218,
0.005197714379607819,0.6129560803859823,0.005545149540149095,0.008671672723354229,0.36762938297090675,
0.0036964898303271146,0.6886406479446914,0.2927675564732215,0.006167085702047091,0.008728220049712824,
0.037941876836675346,0.027546274680843398,0.04047805737820451,0.8044447308524059,0.08958906025187102,
0.0031312519292451017,0.0022733278616974295,0.12567021051980828,0.005224063879176415,0.8637011458100726,
0.013299593923223992,0.13955057818660696,0.01418858978032181,0.15208345375646337,0.6808777843533839,
0.0036964898303271146,0.0026836976109391977,0.0039435773853258175,0.006167085702047091,0.9835091494713608,
0.004718629935739848,0.0034257840455983574,0.7884972089992522,0.007872386113768214,0.1954859909056413,
0.02179135016701561,0.015820791363352422,0.02324796757434985,0.887685752464384,0.05145413843089814,
0.24169452144528314,0.00854563606419987,0.012557442011586921,0.01963770797857561,0.7175646925003544,
0.006522096720576756,0.4506367115363803,0.006958058675329316,0.5204830378488213,0.015400095218892218,
0.0057850754794505025,0.795226129908199,0.006171772108228696,0.12265533165531191,0.07016169084880985,
0.006522096720576756,0.004735123371292296,0.006958058675329316,0.9663846260139094,0.015400095218892218,
0.007474329718243727,0.6624312008750617,0.2999760512443341,0.012469892804679366,0.017648525357681345,
0.004946599248491917,0.0035912926031982676,0.005277248910731114,0.3464409692561244,0.6397438899814544,
0.004718629935739848,0.0034257840455983574,0.005034041254932486,0.9756798286214574,0.01114171614227194,
0.1465751808276459,0.10641540506424824,0.1563728279784811,0.2445405623845985,0.34609602374502635,
0.004145482905869943,0.0030096721704460745,0.004422582879768608,0.0069161689955491564,0.9815060930483662,
0.004946599248491916,0.0035912926031982668,0.005277248910731113,0.10487793522225967,0.8813069240153191,
0.2613230042434842,0.004735123371292296,0.006958058675329316,0.711583718491002,0.015400095218892218,
0.006965821105401381,0.6173633508124318,0.00743144329956272,0.011621516009510337,0.3566178687730939,
0.007474329718243725,0.005426456375898499,0.9569807957434971,0.012469892804679365,0.01764852535768134,
0.0021465511901730314,0.0015584228728464464,0.6312402192527193,0.0035812259092450403,0.36147358077501607,
0.008752153332469665,0.006354172219335941,0.9496261623333611,0.014601766041926596,0.020665746072906842,
0.0038349427587206146,0.002784216159673928,0.8281066521758625,0.11876380728392955,0.04651038162181336,
0.7822387657826,0.002892557610651536,0.19881413684056495,0.00664704198054329,0.009407497785640111,
0.0057850754794505025,0.00420003677973878,0.006171772108228696,0.9701832885786622,0.013659827053919845,
0.004946599248491916,0.0035912926031982668,0.005277248910731113,0.9261922509373995,0.05999260830017913,
0.0057850754794505025,0.00420003677973878,0.006171772108228696,0.9701832885786622,0.013659827053919845,
0.009570223884187105,0.006948101618846698,0.19715148361869783,0.015966604424916528,0.7703635864533518,
0.0663244402328819,0.0023450449973078844,0.003445942039542374,0.6994273351791216,0.22845723755114622,
0.007474329718243727,0.8814327823747827,0.0079739425780393,0.012469892804679366,0.09064905252425502,
0.6143801894526643,0.35913004910554186,0.005545149540149094,0.008671672723354227,0.01227293917829038,
0.9711987353839505,0.0035912926031982668,0.005277248910731113,0.008252721608713796,0.011680001493406198,
0.008062927690129115,0.005853785827204657,0.08735114972299815,0.013451887698020401,0.8852802490616477,
0.0029507686742064267,0.002142294772849743,0.03196767305430353,0.2931195892185456,0.6698196742800946,
0.003984170849884528,0.27528166583710195,0.004250488107386074,0.00664704198054329,0.7098366332250842,
0.003696489830327115,0.36371367147080885,0.003943577385325818,0.11447607786000799,0.5141701834535303,
0.006965821105401381,0.9575333941550154,0.00743144329956272,0.011621516009510337,0.016447825430510314,
0.058892824647798256,0.7864282794737252,0.0030598262053726675,0.0047850488523743595,0.1468340208207296,
0.008062927690129115,0.005853785827204657,0.00860188469543191,0.013451887698020401,0.9640295140892139,
0.9805807036662954,0.0024214344825569238,0.003558193079032388,0.005564410056837409,0.00787525871527788,
0.3273211107716362,0.5103725396448641,0.05112010994577483,0.1000445234954529,0.01114171614227194,
0.005197714379607817,0.9683125241785984,0.005545149540149094,0.008671672723354227,0.01227293917829038,
0.5328792239879477,0.009655670670426053,0.014188589780321812,0.02218854624028246,0.42108796932102205,
0.0034475556454179753,0.9453105367445083,0.0036780034849222217,0.039423472069864365,0.008140432055287151,
0.005475688853657925,0.003975418239824495,0.005841704893979144,0.009135434963516206,0.9755717530490222,
0.2575006562198261,0.003136670427988714,0.7219532361350597,0.0072080085586518,0.01020142865847365,
0.007474329718243725,0.005426456375898499,0.8839802685769235,0.08547041997125304,0.01764852535768134,
0.009570223884187105,0.006948101618846698,0.944917680705281,0.015966604424916528,0.02259738936676866,
0.011770646840474882,0.008545636064199872,0.24248131661639521,0.7094093317930005,0.027793068685929605,
0.007474329718243725,0.22442803787561955,0.0079739425780393,0.6694746373038424,0.09064905252425501,
0.006522096720576756,0.004735123371292296,0.006958058675329316,0.07458144968373338,0.9072032715490682,
0.058955825265285984,0.003975418239824495,0.8615238874800282,0.009135434963516206,0.06640943405134503,
0.01528504319548195,0.011097131546331702,0.9120255032781166,0.025500995721037097,0.03609132625903265,
0.006522096720576756,0.004735123371292296,0.006958058675329316,0.010881222803006527,0.9709034984297951,
0.005197714379607817,0.00377360531292559,0.005545149540149094,0.9732105915890271,0.01227293917829038,
0.08681219271769534,0.005853785827204657,0.00860188469543191,0.013451887698020401,0.8852802490616477,
0.834625046170026,0.004735123371292297,0.006958058675329317,0.0745814496837334,0.07910032209961908,
0.010556994321217263,0.007664509234167776,0.011262664304011164,0.3269380843329368,0.643577747807667,
0.005475688853657925,0.003975418239824495,0.8080437510684001,0.06261557137514427,0.11988957046297309,
0.005785075479450503,0.004200036779738781,0.17567736349289878,0.009651604065531876,0.8046859201823802,
0.0035676856834244205,0.0374351730424313,0.07349614116494173,0.5634720151864842,0.32202898492271853,
0.5914785470508331,0.3704290922087669,0.0079739425780393,0.012469892804679366,0.017648525357681345,
0.953054108020924,0.0058537858272046574,0.008601884695431912,0.013451887698020403,0.019038333758419117,
0.008752153332469665,0.006354172219335941,0.009337180822644665,0.8694099310516686,0.10614656257388104,
0.037941876836675346,0.027546274680843398,0.04047805737820451,0.06330081155061248,0.8307329795536642,
0.6071178688392891,0.00635417221933594,0.009337180822644663,0.014601766041926595,0.36258901207680366,
0.5304925716285284,0.0030096721704460745,0.004422582879768608,0.371310307342005,0.0907648659792519,
0.1662094939801836,0.002421434482556924,0.0035581930790323886,0.33131289393128216,0.496497984526945,
0.9228861285771776,0.0035912926031982668,0.05358985571750405,0.008252721608713796,0.011680001493406198,
0.004320408637279505,0.003136670427988714,0.04680590924826874,0.0072080085586518,0.9385290031278113,
0.46848419587194834,0.0031366704279887146,0.0046092013178443,0.04940471648907624,0.47436521589314246,
0.01528504319548195,0.011097131546331702,0.01630675409543781,0.3240739121152634,0.6332371590474852,
0.017967320895220386,0.013044498530979004,0.01916832552221925,0.907395085154836,0.04242476989674525,
0.4532978702882612,0.0027842161596739285,0.004091285038371471,0.006398075401544396,0.533428553112149,
0.009570223884187105,0.4743019747979612,0.010209934347052012,0.29637892833238527,0.20953893863841447,
0.004145482905869943,0.3674038105169019,0.28784024603812314,0.2903338321539037,0.05027662838520126,
0.0035676856834244196,0.002590184197623183,0.003806163475325502,0.9119219036345652,0.07811406300906176,
0.9098148961976906,0.00420003677973878,0.006171772108228696,0.009651604065531874,0.07016169084880985,
0.029242182744471868,0.0019718137458268124,0.0028974948833359383,0.004531190216595515,0.9613573184097699,
0.00696582110540138,0.005057272795781292,0.14349946063659616,0.14768953334654378,0.6967879121156774,
0.9833006049722505,0.0020822840469172975,0.0030598262053726675,0.0047850488523743595,0.006772235923085332,
0.41949324815332084,0.0034257840455983574,0.005034041254932486,0.5609052104038762,0.01114171614227194,
0.1431945014394049,0.009655670670426053,0.14408349729650274,0.2819783612726443,0.42108796932102205,
0.8139102347868828,0.0030096721704460745,0.004422582879768608,0.0069161689955491564,0.1717413411673532,
0.00278995740592801,0.0020255437911616105,0.8204478573286583,0.1408998955767445,0.03383674589750759,
0.0032300341696002146,0.0023450449973078844,0.0034459420395423746,0.6994273351791217,0.2915516436144279,
0.008062927690129115,0.4783493759926021,0.32359894480569684,0.1709504177531529,0.019038333758419113,
0.009570223884187105,0.006948101618846698,0.010209934347052012,0.015966604424916528,0.9573051357249976,
0.1339225504820305,0.004735123371292296,0.006958058675329316,0.8389841722524557,0.015400095218892218,
0.010556994321217265,0.007664509234167777,0.011262664304011167,0.9455884621954256,0.024927369945178194,
0.008062927690129115,0.005853785827204657,0.00860188469543191,0.24969968278071913,0.7277817190065152,
0.004320408637279505,0.003136670427988714,0.004609201317844299,0.8089454592367161,0.1789882603801714,
0.04856646135261445,0.003274858683364041,0.35725797519641783,0.5802498448854759,0.010650859882127666,
0.01796732089522039,0.013044498530979005,0.37013595648465974,0.2054598232299552,0.39339240085918575,
0.010556994321217263,0.21388130185499735,0.011262664304011164,0.017612895401692443,0.7466861441180817,
0.005475688853657925,0.003975418239824495,0.005841704893979144,0.009135434963516206,0.9755717530490222,
0.021791350167015614,0.2286532606054687,0.44891290605858236,0.03635587549591904,0.2642866076730144,
0.005197714379607819,0.40989525536163,0.005545149540149095,0.059436878979442276,0.5199250017391709,
0.02179135016701561,0.6543181990897011,0.02324796757434985,0.03635587549591903,0.2642866076730143,
0.5282083582098513,0.0027842161596739285,0.004091285038371471,0.043853319362339445,0.42106282122976385,
0.12673258414287905,0.008545636064199873,0.8172910031284161,0.019637707978575617,0.02779306868592961,
0.007474329718243725,0.005426456375898499,0.0079739425780393,0.012469892804679365,0.9666553785231391,
0.006965821105401381,0.9575333941550154,0.00743144329956272,0.011621516009510337,0.016447825430510314,
0.874692406803627,0.002590184197623183,0.003806163475325502,0.005952193669554284,0.11295905185386987,
0.003230034169600214,0.0023450449973078844,0.003445942039542374,0.0053888684830230545,0.9855901103105265,
0.005475688853657925,0.003975418239824495,0.9150040238916562,0.06261557137514427,0.012929297639716964,
0.013299593923223992,0.009655670670426053,0.01418858978032181,0.02218854624028246,0.9406675993857457,
0.0057850754794505025,0.11720376436951882,0.06267363590311871,0.009651604065531874,0.80468592018238,
0.08180963034315608,0.002892557610651536,0.004250488107386074,0.6681634476733516,0.2428838762654548,
0.23462381940913185,0.015820791363352425,0.023247967574349854,0.03635587549591904,0.6899515461572469,
0.874692406803627,0.002590184197623183,0.003806163475325502,0.005952193669554284,0.11295905185386987,
0.005197714379607817,0.9175473179225103,0.005545149540149094,0.05943687897944227,0.01227293917829038,
0.004946599248491916,0.051903899409971206,0.005277248910731113,0.6363166100967619,0.3015556423340438,
0.008752153332469665,0.006354172219335941,0.8641453458323868,0.1000825825429008,0.020665746072906842,
0.010556994321217265,0.007664509234167777,0.7330214384769148,0.12072129171210724,0.128035766255593,
0.9385325611149505,0.007664509234167779,0.011262664304011169,0.017612895401692447,0.0249273699451782,
