0.006340020861136068,0.008501881235061712,0.007468630466813679,0.0068124014677783526,0.9708770659692102,
0.0072002860202274276,0.9594719360516317,0.008482034478796181,0.007736763037059123,0.0171089804122855,
0.0024831715819000665,0.9860230362539351,0.0029252097646223704,0.0026681870769507633,0.005900395322591689,
0.0034525391659087803,0.7203169221886115,0.004067137911239185,0.0037097800459263254,0.26845362068831424,
0.009882034209166963,0.013251672675427081,0.011641170176757785,0.010618322214653057,0.9546068007239952,
0.003969005762491265,0.0053223824263457864,0.30385627405196625,0.004264727399835592,0.6825876103593612,
0.3031497372555345,0.3792982967926498,0.004675542558922999,0.004264727399835593,0.30861169599305716,
0.005117240602503422,0.006862149637457795,0.8739292920755379,0.0054985146192756545,0.10859280306522529,
0.015747012733850152,0.9113651961490983,0.01855019433552178,0.016920287016529246,0.037417309765000545,
0.008330656703793293,0.9531094477809963,0.009813626457905261,0.008951355082183383,0.019794913975121845,
0.008330656703793293,0.011171296665580671,0.009813626457905261,0.008951355082183383,0.9617330650905375,
0.1434790118439563,0.19240339190346856,0.16902021975588175,0.15416930831770304,0.3409280681789904,
0.006340020861136068,0.24745493300957613,0.007468630466813679,0.0068124014677783526,0.7319240141946958,
0.006340020861136068,0.008501881235061712,0.007468630466813679,0.0068124014677783526,0.9708770659692102,
0.008330656703793293,0.9531094477809963,0.009813626457905261,0.008951355082183383,0.019794913975121845,
0.022391756542157564,0.8739640983000575,0.026377792562383703,0.024060115648672453,0.05320623694672881,
0.002012336128730241,0.45776376155151266,0.11613687080563798,0.4193054132127545,0.004781618301364736,
0.07876418863575206,0.0053223824263457864,0.4534466397984878,0.004264727399835592,0.4582020617395787,
0.008330656703793293,0.796119755928427,0.009813626457905261,0.008951355082183383,0.1767846058276911,
0.0030550066409390235,0.004096722109039597,0.003598839211192561,0.9819902691899652,0.007259162848863738,
0.003241630683215284,0.004346982396472719,0.0038186848613115487,0.9808900919533479,0.007702610105652744,
0.15355937150901286,0.0053223824263457864,0.004675542558922998,0.8270117390057045,0.009430964500013914,
0.0027395671890843645,0.003673722119723991,0.0032272472634438973,0.0029436861405928425,0.9874157772871549,
0.0036928019642597223,0.004951996911744066,0.00435017074269334,0.003967944281658068,0.9830370860996448,
0.002888701119860477,0.003873708680548844,0.6566474183458795,0.0031039317030550286,0.33348624015065625,
0.022391756542157564,0.451995568737386,0.44834632212505526,0.024060115648672453,0.05320623694672881,
0.005117240602503421,0.7783298059211864,0.1988950928272753,0.005498514619275654,0.012159346029759207,
0.004667169329490731,0.18216250373134077,0.005497988699325314,0.005014909554240093,0.8026574286856032,
0.00428986716132453,0.733328464926001,0.08589527849518051,0.004609495455373736,0.1718768939621204,
0.00345253916590878,0.004629807786262661,0.004067137911239184,0.003709780045926325,0.984140735090663,
0.0030550066409390235,0.004096722109039597,0.06116987691224034,0.8668481937878697,0.06483020054991151,
0.012143449491046576,0.016284199629328762,0.9296694278850341,0.013048230431512224,0.028854692563078467,
0.002888701119860477,0.003873708680548844,0.6566474183458795,0.0031039317030550286,0.33348624015065625,
0.004289867161324529,0.005752653172380424,0.005053521633667108,0.004609495455373735,0.9802944625772543,
0.0072002860202274276,0.00965548504385827,0.9582984854865698,0.007736763037059123,0.0171089804122855,
0.0016915924128716566,0.0022684022824791213,0.0019927187794679044,0.9581500567432292,0.03589722978195224,
0.981762647558751,0.0040967221090395965,0.0035988392111925603,0.0032826282721530866,0.007259162848863737,
0.002483171581900067,0.00332989911831484,0.002925209764622371,0.04946309836912316,0.9417986211660396,
0.2942312972063636,0.0025999207524495193,0.6964785988229882,0.0020832688037385814,0.004606914414459979,
0.0016393341331640198,0.4346996236215207,0.0019311578179953283,0.0017614772095473144,0.5599684072177726,
0.0019388122877854914,0.03913648136727179,0.002283947141365199,0.0020832688037385814,0.954557490399839,
0.004667169329490732,0.006258610217907485,0.35730577572619193,0.005014909554240094,0.6267535351721699,
0.0056633799052742025,0.007594514970578257,0.0066715382539122995,0.006085345525560785,0.9739852213446745,
0.012143449491046576,0.016284199629328762,0.01430514801567891,0.013048230431512224,0.9442189724324336,
0.00345253916590878,0.004629807786262661,0.9800041120962603,0.003709780045926325,0.008203760905641923,
0.004289867161324529,0.975853735510541,0.005053521633667108,0.004609495455373735,0.010193380239093603,
0.001806784877403124,0.6833934412676033,0.0021284170632733792,0.001941404329791938,0.3107299524619282,
0.002605075876447821,0.5925994744637004,0.0030688146751165673,0.0027991741846109734,0.3989274608001243,
0.004667169329490731,0.006258610217907484,0.005497988699325314,0.005014909554240093,0.9785613221990365,
0.00345253916590878,0.004629807786262661,0.004067137911239184,0.003709780045926325,0.984140735090663,
0.005663379905274204,0.007594514970578258,0.6470236481432968,0.0060853455255607865,0.33363311145529007,
0.003241630683215284,0.004346982396472719,0.3703462853752614,0.0034831572494816746,0.6185819442955691,
0.1434790118439563,0.19240339190346856,0.16902021975588175,0.15416930831770304,0.3409280681789904,
0.0021774858152116836,0.002919978687364125,0.41290830076767177,0.002339725355565554,0.5796545093741869,
0.0018704716856639226,0.0025082769399927146,0.9891668883808853,0.0020098362980104523,0.004444526695447563,
0.0034525391659087803,0.004629807786262661,0.5245668574765838,0.0037097800459263254,0.4636410155253185,
0.0030550066409390235,0.3495229483153262,0.636880253922718,0.003282628272153087,0.007259162848863738,
0.007200286020227428,0.552407742762586,0.415546227767842,0.007736763037059124,0.017108980412285504,
0.003969005762491265,0.0053223824263457864,0.9770129199113133,0.004264727399835592,0.009430964500013914,
0.8841866368966572,0.006258610217907485,0.005497988699325315,0.005014909554240094,0.09904185463186999,
0.006340020861136068,0.008501881235061712,0.007468630466813679,0.12628892735503555,0.8514005400819529,
0.0011202272623332139,0.0015022094326245941,0.6768548914428586,0.0012036928605305304,0.31931897900165296,
0.03993443998991839,0.0026985152172547683,0.9504231557517774,0.002162270739684729,0.004781618301364735,
0.002091656129723506,0.0028048822533860785,0.8696352421420741,0.002247500694447666,0.12322071878036858,
0.002091656129723506,0.0028048822533860785,0.0024639992578433397,0.5146668714896749,0.4779725908693721,
0.0015902079195324783,0.09203397349055308,0.001873286472792533,0.9007239549786148,0.0037785771385069364,
0.002605075876447821,0.0034933711094942616,0.0030688146751165673,0.9846426797749547,0.006190058563986804,
0.0030550066409390235,0.004096722109039597,0.003598839211192561,0.003282628272153087,0.9859668037666758,
0.004667169329490731,0.5339702907582072,0.4452577224829085,0.005014909554240093,0.011089907875153331,
0.0026050758764478202,0.1507698969480458,0.8376357944269086,0.0027991741846109725,0.0061900585639868035,
0.28859132069521637,0.0022684022824791213,0.09762596154024947,0.0018176291354133885,0.6096966863466416,
0.002270660837014646,0.9016388191358524,0.045465054657602234,0.04523002806686072,0.005395437302669861,
0.002605075876447821,0.0034933711094942616,0.24852969107270248,0.7391818033773687,0.006190058563986804,
0.0014590381616825959,0.0019565502132788603,0.7990826273254584,0.0015677477932478092,0.19593403650633218,
0.40384097905083044,0.0025999207524495197,0.002283947141365199,0.0020832688037385814,0.5891918842516163,
0.001747292151022573,0.002343094869294722,0.891098104063012,0.10065967562804783,0.00415183328862277,
0.24098451945838537,0.24512526959666756,0.01430514801567891,0.47073037036618987,0.028854692563078467,
0.9779552260163857,0.004951996911744066,0.00435017074269334,0.003967944281658068,0.008774662047518693,
0.003969005762491266,0.4540934796659106,0.004675542558922999,0.004264727399835593,0.5329972446128396,
0.0017472921510225733,0.0023430948692947226,0.002058333825610345,0.7592076535816789,0.2346436255723936,
0.4084986514688914,0.5716449512029741,0.005053521633667108,0.004609495455373735,0.010193380239093603,
0.8287657960753209,0.0036737221197239906,0.003227247263443897,0.15782360405676218,0.006509630484748989,
0.7842021185139257,0.004629807786262661,0.004067137911239185,0.0037097800459263254,0.20339115574264616,
0.6856406081686371,0.009655485043858271,0.27985816333816005,0.007736763037059124,0.017108980412285504,
0.9879870365196222,0.0026985152172547683,0.002370559222073514,0.002162270739684729,0.004781618301364735,
0.9763063831148816,0.0053223824263457864,0.004675542558922998,0.004264727399835592,0.009430964500013914,
0.9551655793300412,0.0024228738014332573,0.0021284170632733797,0.0019414043297919382,0.03834172547546019,
0.08513162402283792,0.005752653172380424,0.0858952784951805,0.0854512523168871,0.7377691919927141,
0.003692801964259722,0.004951996911744065,0.00435017074269334,0.8390500220406232,0.14795500834067954,
0.005117240602503421,0.0068621496374577946,0.006028178756343179,0.005498514619275654,0.97649391638442,
0.002888701119860477,0.003873708680548844,0.003402929054312732,0.8740965840918107,0.11573807705346734,
0.527535285875317,0.22970793104612822,0.004675542558922999,0.004264727399835593,0.23381651311979634,
0.00345253916590878,0.7203169221886115,0.1341920678025753,0.13383470993726249,0.008203760905641923,
0.057325741894157706,0.1127477902291433,0.8199585406687712,0.0031039317030550286,0.006863995504872879,
0.00345253916590878,0.004629807786262661,0.004067137911239184,0.003709780045926325,0.984140735090663,
0.0027395671890843645,0.003673722119723991,0.0032272472634438973,0.0029436861405928425,0.9874157772871549,
0.002012336128730241,0.0026985152172547687,0.0023705592220735145,0.0021622707396847293,0.9907563186922568,
0.015747012733850152,0.021116528636501774,0.9087988618481182,0.016920287016529246,0.037417309765000545,
0.00345253916590878,0.004629807786262661,0.004067137911239184,0.003709780045926325,0.984140735090663,
0.005663379905274204,0.32777056991527054,0.11339688990214307,0.0060853455255607865,0.5470838147517516,
0.0014199949662237323,0.9920073110101729,0.0016727733078089973,0.0015257955776516196,0.003374125138142565,
0.07876418863575206,0.005322382426345786,0.004675542558922997,0.8270117390057043,0.0842261473732747,
0.0042898671613245285,0.005752653172380423,0.005053521633667108,0.9747105777935342,0.010193380239093601,
0.0019388122877854912,0.9525504967378284,0.002283947141365199,0.03861982941856084,0.004606914414459979,
0.0024831715819000665,0.9860230362539351,0.0029252097646223704,0.0026681870769507633,0.005900395322591689,
0.0020916561297235066,0.002804882253386079,0.00246399925784334,0.31758249810689526,0.6750569642521519,
0.0072002860202274276,0.00965548504385827,0.008482034478796181,0.007736763037059123,0.966925431420059,
0.0023721662716480146,0.629023555718208,0.002794444005284156,0.0025489110122412914,0.36326092299261864,
0.20734908230397803,0.043954297985117394,0.002565107790139111,0.7409574727151245,0.005174039205641098,
0.002270660837014646,0.9872191899948054,0.0026748692281257573,0.0024398426373842515,0.005395437302669861,
0.002483171581900067,0.00332989911831484,0.002925209764622371,0.9853613242125712,0.0059003953225916905,
0.0027395671890843645,0.055300361425113784,0.0032272472634438973,0.0029436861405928425,0.9357891379817651,
0.0021774858152116836,0.002919978687364125,0.002565107790139111,0.002339725355565554,0.9899977023517196,
0.002012336128730241,0.0026985152172547687,0.3436694939727669,0.49514962093513076,0.15647003374611737,
0.003241630683215284,0.004346982396472719,0.1259945516992948,0.8587142251153645,0.007702610105652744,
0.012143449491046576,0.9316484794986838,0.01430514801567891,0.013048230431512224,0.028854692563078467,
0.002177485815211683,0.9877436418334424,0.0025651077901391105,0.0023397253555655535,0.005174039205641097,
0.07328297511084016,0.004951996911744066,0.00435017074269334,0.003967944281658068,0.9134469129530643,
0.001500289068002781,0.0020118671142882404,0.0017673608475012538,0.821519539131634,0.17320094383857376,
0.002483171581900067,0.00332989911831484,0.23689976622548437,0.6577969451673643,0.09949021790693648,
0.0021774858152116836,0.002919978687364125,0.002565107790139111,0.002339725355565554,0.9899977023517196,
0.004667169329490731,0.006258610217907484,0.9729694030232082,0.005014909554240093,0.011089907875153331,
0.0022706608370146463,0.0030449251168465554,0.0026748692281257577,0.002439842637384252,0.9895697021806288,
0.012143449491046576,0.016284199629328762,0.01430514801567891,0.013048230431512224,0.9442189724324336,
0.004289867161324529,0.005752653172380424,0.005053521633667108,0.004609495455373735,0.9802944625772543,
0.003241630683215284,0.06543491581546436,0.6146980190512278,0.0034831572494816746,0.3131422772006109,
0.0034525391659087803,0.8504418520799477,0.004067137911239185,0.0037097800459263254,0.13832869079697807,
0.001747292151022573,0.7596732695159703,0.002058333825610345,0.06773227673036629,0.1687888277770305,
0.0056633799052742025,0.007594514970578257,0.9671997030879889,0.006085345525560785,0.013457056510597776,
0.0022706608370146463,0.47373696484108785,0.0026748692281257577,0.002439842637384252,0.5188776624563877,
0.002888701119860477,0.003873708680548844,0.003402929054312732,0.0031039317030550286,0.986730729442223,
0.3641260423268129,0.003673722119723991,0.0032272472634438973,0.0029436861405928425,0.6260293021494265,
0.0034525391659087795,0.0046298077862626606,0.004067137911239184,0.9796467542309474,0.008203760905641923,
0.0056633799052742025,0.007594514970578257,0.0066715382539122995,0.006085345525560785,0.9739852213446745,
0.002605075876447821,0.44532294862514893,0.0030688146751165673,0.4446287517002656,0.10437440912302116,
0.7231991761846793,0.008501881235061712,0.007468630466813679,0.2457654532422928,0.015064858871152494,
0.003969005762491265,0.0053223824263457864,0.004675542558922998,0.004264727399835592,0.9817683418524044,
0.974390949499485,0.005752653172380424,0.005053521633667108,0.004609495455373735,0.010193380239093603,
0.9779552260163857,0.004951996911744066,0.00435017074269334,0.003967944281658068,0.008774662047518693,
0.9195606319680897,0.004346982396472719,0.06490661828030318,0.0034831572494816746,0.007702610105652744,
0.5172271957957963,0.47127901204003875,0.0029252097646223704,0.0026681870769507633,0.005900395322591689,
0.0072002860202274276,0.9594719360516317,0.008482034478796181,0.007736763037059123,0.0171089804122855,
0.94100761082023,0.013251672675427081,0.011641170176757785,0.010618322214653057,0.02348122411293219,
0.8478391408810988,0.0025082769399927146,0.002203440986211306,0.07250722539763002,0.07494191579506713,
0.4729627005612558,0.5165271502705642,0.0026748692281257573,0.0024398426373842515,0.005395437302669861,
0.4527401030020561,0.0053223824263457864,0.5282418226717487,0.004264727399835592,0.009430964500013914,
0.9661915447393508,0.007594514970578257,0.0066715382539122995,0.006085345525560785,0.013457056510597776,
0.003241630683215284,0.004346982396472719,0.0038186848613115487,0.0034831572494816746,0.9851095448095188,
0.0072002860202274276,0.00965548504385827,0.008482034478796181,0.007736763037059123,0.966925431420059,
0.005117240602503421,0.0068621496374577946,0.006028178756343179,0.005498514619275654,0.97649391638442,
0.0030550066409390235,0.004096722109039597,0.003598839211192561,0.003282628272153087,0.9859668037666758,
0.0020916561297235066,0.002804882253386079,0.00246399925784334,0.002247500694447666,0.9903919616645994,
0.0018067848774031246,0.0024228738014332573,0.0021284170632733797,0.9893487271557386,0.00429319710215169,
0.9836457139914903,0.0036737221197239906,0.003227247263443897,0.002943686140592842,0.006509630484748989,
0.00466716932949073,0.006258610217907483,0.0054979886993253135,0.8845343771214064,0.09904185463186994,
0.004289867161324529,0.005752653172380424,0.9751546039718276,0.004609495455373735,0.010193380239093603,
0.003055006640939023,0.9828043630268515,0.0035988392111925603,0.0032826282721530866,0.007259162848863737,
0.009882034209166963,0.013251672675427081,0.7565416314656083,0.010618322214653057,0.20970633943514477,
