0.0032047730173606214,0.9915008352098383,9.384528771344301E-4,0.0022670855756391725,0.002088853320027442,
0.0039677721471213165,0.9894773361028948,0.001161881720517761,0.002806838098496571,0.002586171930969595,
0.01149165576791281,0.7971374813135608,0.17575136348318462,0.008129301791582774,0.007490197643759073,
0.005648899577300168,0.9426493744547784,0.0016541658433353822,0.04636563863666024,0.0036819214879258615,
0.9455317432396049,0.0288625505874463,0.004538717507176397,0.010964494055194453,0.010102494610578099,
0.007574458131891422,0.014104845012104246,0.0022180266708754304,0.005358240562146364,0.9707444296229826,
0.10355012999369172,0.4974441715953428,0.0018950421215391446,0.39289258085525425,0.0042180754341721236,
0.006801627281249279,0.012665711125683501,0.001991718807137648,0.0048115329905309735,0.9737294097953986,
0.0068016272812492775,0.21672805781375198,0.001991718807137648,0.004811532990530973,0.76966706310733,
0.00854542721147493,0.8491473359120383,0.0025023553023908575,0.0701400661600177,0.0696648154140783,
0.08560562618178505,0.5532034602843197,0.0010666503337687136,0.0025767810455456274,0.357547482154581,
0.3302181851000714,0.6595856288967273,0.0018073162132917896,0.004366058880104745,0.004022810909804683,
0.7138054089168645,0.010984559833035031,0.0017273530234887626,0.004172886267391266,0.2693097919592205,
0.0058988304005594665,0.9843561052929545,0.0017273530234887626,0.004172886267391266,0.003844825015606065,
0.005207611229157695,0.04875707353339859,0.0015249434872693444,0.003683911539820448,0.940826460210354,
0.973381897855589,0.014104845012104246,0.0022180266708754304,0.005358240562146364,0.004936989899284924,
0.017538421826788206,0.03265932919771533,0.005135771655148896,0.012406839088945248,0.9322596382314023,
0.009130656193243228,0.5648784260075156,0.0026737277580211874,0.21191249403931137,0.21140469600190864,
0.9809555842588719,0.010091573430643427,0.0015869283924110056,0.0038336527658083923,0.003532261152265292,
0.0058988304005594665,0.7631352995066091,0.0017273530234887626,0.2253936920537366,0.003844825015606065,
0.5129833689099106,0.478413483878651,0.0015249434872693442,0.0036839115398204477,0.003394292184348538,
0.005207611229157695,0.5565328312141515,0.3921216801647716,0.04274358520757068,0.0033942921843485383,
0.002923663996673415,0.005444327082213373,0.7683688169374697,0.22135756396786424,0.0019056280157793007,
0.020195012851012616,0.03760632395361291,0.005913700537022144,0.7716493268107318,0.16463563584762045,
0.44332540186657243,0.5459834961486114,0.0018950421215391442,0.00457798442910483,0.004218075434172123,
0.1520894545469604,0.4489048470420742,0.0018950421215391446,0.39289258085525425,0.0042180754341721236,
0.2012218632864233,0.023417737831930175,0.7582676192262725,0.008896083056359524,0.008196696599014513,
0.9655541104738911,0.01825276386851073,0.0028702986131932252,0.006933979043910315,0.006388848000494731,
0.0061719009822655295,0.9836319130145332,0.0018073162132917898,0.004366058880104746,0.004022810909804684,
0.007167269752510189,0.013346595526544276,0.002098789800090511,0.9727157581541913,0.004671586766663824,
0.9628207115706884,0.019701182981066604,0.003098066604936324,0.0074842139478192024,0.006895824895489536,
0.013885288848327954,0.9631757514676885,0.004066025643303677,0.009822579599585268,0.009050354441094609,
0.01149165576791281,0.9695237461267253,0.0033650986700200117,0.008129301791582774,0.007490197643759073,
0.007167269752510189,0.9272340748613094,0.002098789800090511,0.005070191799734057,0.05842967378635589,
0.006471480887154353,0.012050926062656004,0.0018950421215391446,0.6841285281748664,0.29545402275378424,
0.18287547502963575,0.010984559833035031,0.0017273530234887626,0.6678353036264273,0.13657730848741328,
0.9558069771722816,0.023417737831930175,0.0036825053404142866,0.008896083056359524,0.008196696599014513,
0.013885288848327954,0.13000318564869287,0.004066025643303677,0.8429951454185809,0.009050354441094609,
0.01149165576791281,0.021399289654319986,0.6067170255160962,0.18051556660474738,0.1798764624569237,
0.9628207115706884,0.019701182981066604,0.003098066604936324,0.0074842139478192024,0.006895824895489536,
0.09768478817449511,0.7971374813135608,0.0033650986700200117,0.09432243419816508,0.007490197643759073,
0.5854000063831617,0.40048266322294857,0.0025023553023908575,0.006045112918719164,0.005569862172779784,
0.11351863087781396,0.15391254683143307,0.5448562350312068,0.0034169793436366652,0.18429560791590954,
0.753104598015996,0.12368672837589455,6.662140611559501E-4,0.03573803341965631,0.08680442612729719,
0.14974808336309173,0.008994736890321861,0.7260034974575957,0.0034169793436366644,0.1118367029453539,
0.23036013052464338,0.3123303558482098,0.0028702986131932252,0.4480503670134589,0.006388848000494731,
0.7039168027680623,0.11356856733217323,0.00136499473996559,0.0032975122791978465,0.177852122880601,
0.9596161122403182,0.021399289654319986,0.0033650986700200117,0.008129301791582774,0.007490197643759073,
0.00854542721147493,0.08000789701645594,0.06659730854368938,0.5828996920904058,0.2619496751379739,
0.007574458131891422,0.9799122847358018,0.0022180266708754304,0.005358240562146364,0.004936989899284924,
0.007167269752510189,0.013346595526544276,0.002098789800090511,0.9727157581541913,0.004671586766663824,
0.8834672984114542,0.09905459614030081,0.003098066604936324,0.0074842139478192024,0.006895824895489536,
0.013885288848327954,0.8590291807403141,0.004066025643303677,0.009822579599585268,0.11319692516846906,
