8,Lei entrant The is 42-year-old Lucy Peng co-founder Group the CEO Services Alibaba highest Chinese list the Ant Financial 33 
