0.6802092983260055,0.1416797316502289,0.0013040031930852288,0.02168659933088005,0.15512036749980035,
0.5529017707007499,0.01430426945230772,0.002606211411673147,0.004934751085346105,0.4252529973499232,
0.45563798837951847,0.02653376554124466,0.00483440295771939,0.507877055243635,0.005116787877882501,
0.1159255549904422,0.030942891717408806,0.005637737584079627,0.09376001283348659,0.7537338028745828,
0.9361710199761369,0.03710937025684073,0.0067612585575126515,0.012802157129521319,0.007156194079988432,
0.486425384414306,0.4838979355443799,0.007509529841096178,0.014218977158878255,0.00794817304133963,
0.11304033540515457,0.012399309229766158,0.7680110149947641,0.10415824985350317,0.002391090516812036,
0.39827161532546246,0.39620221028137736,0.09676246066237497,0.011642104180399647,0.09712160955038551,
0.6246961467615113,0.3371913116966745,0.009644180805596536,0.01826084848087535,0.010207512255342242,
0.1736298273470003,0.7930004517893154,0.008444034651653352,0.01598842249531688,0.00893726371671386,
0.2980723464302941,0.6685579327060217,0.008444034651653352,0.01598842249531688,0.00893726371671386,
0.04374372849561632,0.04121627962569023,0.007509529841096178,0.8995822889962576,0.00794817304133963,
0.6701132129684007,0.12436061263843916,0.006148594781395574,0.19286983594235846,0.0065077436694061,
0.09793782876294116,0.8356190556615295,0.01681308550873018,0.031834866346839734,0.017795163719959407,
0.6318121111685072,0.13153941448437229,0.22554287532166103,0.0071236156859313055,0.003981983339528066,
0.19415157391705262,0.18293377897896904,0.033330195851320854,0.5543073873440376,0.03527706390861994,
0.6701132129684007,0.30558834440039795,0.006148594781395574,0.011642104180399647,0.0065077436694061,
0.5934977833539703,0.09227912377498576,0.01681308550873018,0.2796148436423543,0.017795163719959407,
0.7281939681534262,0.22737911644838854,0.011242000333799943,0.021286252182076634,0.011898662882308593,
0.7427024358641693,0.020649089788710287,0.22554287532166103,0.0071236156859313055,0.003981983339528066,
0.9369877280798218,0.05271286519021492,0.0026062114116731467,0.004934751085346105,0.0027584442329439446,
0.8727962924244579,0.07395464381067807,0.013474399184679572,0.025513204992950612,0.014261459587233731,
0.7406227413516215,0.026533765541244664,0.004834402957719391,0.009153737542454637,0.2188553526069598,
0.9811793283646069,0.010942102974841736,0.0019936309041028643,0.003774855801696171,0.002110081954752432,
0.6372423389199997,0.13675226394221976,0.00676125855751265,0.21208794450027937,0.00715619407998843,
0.7406227413516215,0.24027233027032197,0.004834402957719391,0.009153737542454637,0.005116787877882502,
0.9393184222676809,0.05076312484947839,0.0025098130180838283,0.00475222480399385,0.0026564150607630097,
0.9600533930391102,0.02322445741200848,0.004231453143336061,0.008012077569050102,0.004478618836495117,
0.8485354557029434,0.14030813341628195,0.002823071863566737,0.005345367179480817,0.002987971837726957,
0.1783615284825377,0.12462932151942757,0.6864869557413902,0.006749394416745316,0.0037727998398989944,
0.13902787049310458,0.834252519739873,0.0067612585575126515,0.012802157129521319,0.007156194079988432,
0.5604894872573913,0.04422060792486227,0.002186340138958972,0.29412707343149147,0.09897649124729603,
0.8513409447303595,0.12436061263843919,0.006148594781395575,0.01164210418039965,0.006507743669406101,
0.018789898434728076,0.7783109554996805,0.003225680751490975,0.006107690081512254,0.19356577523258822,
0.7440271077795623,0.2438039116729037,0.003079297361773851,0.005830519323972108,0.00325916386178799,
0.14633389557075657,0.3120413507201842,0.33519473284193796,0.2040389303503092,0.002391090516812036,
0.1159255549904422,0.8617948432262323,0.005637737584079627,0.010674817682604242,0.005967046516641576,
0.05359002610795624,0.3599816310934725,0.07942340288748755,0.5042464956781397,0.0027584442329439446,
0.3359589982302608,0.019564341687612192,0.0035645868345902487,0.6371392734076378,0.0037727998398989953,
0.19415157391705262,0.6741318500889439,0.033330195851320854,0.0631093162340628,0.03527706390861994,
0.026287943173502547,0.9558777545085672,0.004512877628669466,0.008544942929942073,0.0047764817593187025,
0.06297379940482406,0.9299761735362049,0.0017839727525510492,0.0033778769586568134,0.0018881773477633491,
0.15441414247528873,0.4838979355443799,0.007509529841096178,0.014218977158878255,0.33995941498035687,
0.6372423389199997,0.13675226394221976,0.00676125855751265,0.11244505081490033,0.10679908776536746,
0.48272114484829315,0.2323360291614412,0.0018829837827473606,0.003565350156930016,0.27949449205058835,
0.8938710287987627,0.0617020558030521,0.011242000333799943,0.021286252182076634,0.011898662882308593,
0.042234776824126116,0.889107856309023,0.0625942911244015,0.003889121277014345,0.00217395446543529,
0.24189942365044118,0.6677494597284765,0.07608059120074515,0.009153737542454637,0.005116787877882502,
0.5350434422379795,0.37436028389804055,0.0027103106372639687,0.005131858566407362,0.08275410466030861,
0.8801689652613938,0.016900815869851444,0.0030792973617738513,0.005830519323972109,0.0940204021830089,
0.47564297725015586,0.0739546438106781,0.013474399184679577,0.42266652016725287,0.014261459587233736,
0.24189942365044115,0.45401089499939923,0.00483440295771939,0.2941384905145577,0.005116787877882501,
0.03581615180154482,0.9398854055672539,0.006148594781395575,0.01164210418039965,0.006507743669406101,
0.36518114044308925,0.5294540626227029,0.005637737584079626,0.01067481768260424,0.08905224166752393,
0.009632099267155516,0.6182991382232751,0.36718769273016455,0.00313093108845208,0.001750138690952801,
0.035816151801544814,0.4868160761623568,0.006148594781395574,0.4647114335852967,0.0065077436694061,
0.14060131264388676,0.08056096809125961,0.003983067769457002,0.7706389266049012,0.004215724890495373,
0.6853496450270276,0.18293377897896904,0.033330195851320854,0.0631093162340628,0.03527706390861994,
0.026287943173502547,0.9558777545085672,0.004512877628669466,0.008544942929942073,0.0047764817593187025,
0.8908888699487161,0.02476906413526033,0.004512877628669466,0.07505270652803542,0.0047764817593187025,
0.028160858921363875,0.7389956479715023,0.004834402957719391,0.22289230227153195,0.005116787877882502,
0.19415157391705262,0.6741318500889439,0.033330195851320854,0.0631093162340628,0.03527706390861994,
0.19415157391705262,0.18293377897896904,0.033330195851320854,0.5543073873440376,0.03527706390861994,
0.021915325342366333,0.9632168497018372,0.0037622259303370462,0.0071236156859313055,0.003981983339528066,
0.5934977833539703,0.34005910107050036,0.01681308550873018,0.031834866346839734,0.017795163719959407,
0.15930347036968923,0.2908001185276337,0.004512877628669466,0.0750527065280354,0.4703308269459721,
0.5375994452346207,0.43568094499835686,0.00676125855751265,0.012802157129521317,0.00715619407998843,
0.15441414247528873,0.8159091774833971,0.007509529841096178,0.014218977158878255,0.00794817304133963,
0.05359002610795624,0.7824761842104517,0.07942340288748755,0.043343346823253304,0.041167039970851145,
0.9090379229076622,0.07609425213654128,0.0037622259303370462,0.0071236156859313055,0.003981983339528066,
0.010672399649463258,0.09105838499149416,0.0018321415754896213,0.8944979139977389,0.0019391597858140293,
0.07848966207585355,0.8682612741592823,0.013474399184679572,0.025513204992950612,0.014261459587233731,
0.29022091617345785,0.15304267335168278,0.003079297361773851,0.5503979492512975,0.00325916386178799,
0.04374372849561632,0.8159091774833971,0.007509529841096178,0.12488939113855066,0.00794817304133963,
0.03284035983955984,0.77870964807535,0.005637737584079627,0.010674817682604242,0.1721374368184063,
0.2776222467243472,0.7107370356992115,0.002945623159004398,0.005577412874416717,0.003117681543020129,
0.3545862994293524,0.46421038857135827,0.059207388278168044,0.007123615685931306,0.11487230803519007,
0.6186544776187679,0.36796182047540293,0.003386676296211096,0.006412528336569032,0.0035844972730489522,
0.19901075014132455,0.030942891717408806,0.005637737584079627,0.7584415740405456,0.005967046516641576,
0.43410021888869604,0.4327596555850307,0.003983067769457002,0.007541770368397146,0.12161528738841906,
0.9600533930391102,0.02322445741200848,0.004231453143336061,0.008012077569050102,0.004478618836495117,
0.8419602861665126,0.016167141001161827,0.0029456231590043983,0.005577412874416718,0.13334953679890446,
0.09793782876294116,0.8356190556615295,0.01681308550873018,0.031834866346839734,0.017795163719959407,
0.026287943173502547,0.9558777545085672,0.004512877628669466,0.008544942929942073,0.0047764817593187025,
0.5268841766225442,0.3115185185133477,0.00483440295771939,0.15164611402850614,0.005116787877882501,
0.6701132129684007,0.12436061263843916,0.006148594781395574,0.19286983594235846,0.0065077436694061,
0.13902787049310458,0.03710937025684073,0.0067612585575126515,0.8099453066125537,0.007156194079988432,
0.03581615180154482,0.305588344400398,0.006148594781395575,0.01164210418039965,0.640804804836262,
0.2650845564549612,0.04121627962569024,0.007509529841096179,0.6782414610369129,0.007948173041339632,
0.8727962924244579,0.07395464381067807,0.013474399184679572,0.025513204992950612,0.014261459587233731,
0.9291070403329957,0.04121627962569024,0.007509529841096179,0.014218977158878258,0.007948173041339632,
0.49280000013765785,0.08056096809125961,0.003983067769457002,0.4184402391111301,0.004215724890495373,
0.9089550830291858,0.05293237542899996,0.009644180805596536,0.01826084848087535,0.010207512255342242,
0.9467775064992657,0.030942891717408806,0.005637737584079627,0.010674817682604242,0.005967046516641576,
0.9361710199761369,0.03710937025684073,0.0067612585575126515,0.012802157129521319,0.007156194079988432,
0.9644830852554932,0.020649089788710287,0.0037622259303370462,0.0071236156859313055,0.003981983339528066,
0.15441414247528873,0.8159091774833971,0.007509529841096178,0.014218977158878255,0.00794817304133963,
0.7607270788493801,0.033746746757459756,0.006148594781395575,0.1928698359423585,0.006507743669406101,
0.060569154631206656,0.927790127792352,0.002945623159004398,0.005577412874416717,0.003117681543020129,
0.07848966207585355,0.8682612741592823,0.013474399184679572,0.025513204992950612,0.014261459587233731,
0.9202849418467632,0.046345337289552556,0.008444034651653352,0.01598842249531688,0.00893726371671386,
0.4482663355939716,0.5294540626227029,0.005637737584079626,0.01067481768260424,0.005967046516641575,
0.09199862184586344,0.8977019714241733,0.0026062114116731467,0.004934751085346105,0.0027584442329439446,
0.05617827422616218,0.9057091842320235,0.009644180805596536,0.01826084848087535,0.010207512255342242,
0.585891483291458,0.3973863671596606,0.004231453143336061,0.008012077569050102,0.004478618836495117,
0.47564297725015575,0.2725313013978292,0.21205105677183067,0.02551320499295062,0.014261459587233733,
0.12582903856663005,0.4923567509307815,0.0035645868345902496,0.0067493944167453185,0.3715002292512529,
0.4654766241250143,0.13153941448437229,0.0037622259303370462,0.3952397521207483,0.003981983339528066,
0.585891483291458,0.08558477570328384,0.004231453143336061,0.31981366902542685,0.004478618836495117,
0.6913655791544361,0.02476906413526033,0.2705439320210429,0.008544942929942073,0.0047764817593187025,
0.1301983805360851,0.12267570789090551,0.022351286859237606,0.04232121638079058,0.6824534083329811,
0.03767327332855471,0.28006450074513434,0.19083825732912982,0.4894848088113672,0.0019391597858140293,
0.01644466321282381,0.8891898466573896,0.002823071863566737,0.0469499068039868,0.04459251146223294,
0.02816085892136387,0.3115185185133477,0.5035577206588997,0.15164611402850614,0.005116787877882501,
0.4078541019802315,0.05957775941978993,0.5238730441825417,0.005577412874416717,0.003117681543020129,
0.04099388550060569,0.951127545838843,0.0019936309041028643,0.003774855801696171,0.002110081954752432,
0.4941690921894957,0.35046968112038956,0.0032256807514909744,0.14872144820794256,0.003414097730681135,
0.10703272051862259,0.872396781534333,0.005205257729789433,0.009855935369070533,0.005509304848184467,
0.7958424227634695,0.17078785637284638,0.008444034651653352,0.01598842249531688,0.00893726371671386,
0.15441414247528873,0.8159091774833971,0.007509529841096178,0.014218977158878255,0.00794817304133963,
0.19830774235999943,0.7635797160981863,0.009644180805596536,0.01826084848087535,0.010207512255342242,
0.7981475982120002,0.18698457683220326,0.0037622259303370462,0.0071236156859313055,0.003981983339528066,
0.8938710287987627,0.0617020558030521,0.011242000333799943,0.021286252182076634,0.011898662882308593,
0.024648618669979964,0.8962689134898633,0.004231453143336061,0.07037239586032544,0.004478618836495117,
