0.21938302873776486,0.5795736737657877,0.008540628515431466,0.14786464610464542,0.04463802287637042,
0.23723095545240488,0.686898233269056,0.025751586207110513,0.02158970698430557,0.028529518087123014,
0.40184447849875254,0.5497384156312374,0.03507909403268261,0.005745575014591699,0.00759243682273571,
0.10949019213579166,0.3170270060032436,0.06083667605368692,0.156818704752765,0.3558274210545127,
0.010554042797523757,0.6454473640430324,0.010825399226073259,0.32118001337599944,0.011993180557371134,
0.03186555783961662,0.8718364262950832,0.032684857527422014,0.027402447801291946,0.03621071053658622,
0.011046568536908209,0.6755684698891853,0.2913327157928854,0.009499379211861399,0.012552866569159564,
0.526893920476972,0.38481572879680226,0.06396800179711268,0.010477264678398568,0.013845084250714366,
0.09209657076745133,0.1844118161564315,0.01808080795091326,0.015158652463588199,0.6902521526616158,
0.03186555783961662,0.6025997561905796,0.032684857527422014,0.027402447801291946,0.3054473806410897,
0.09950673675181093,0.8429363359804332,0.01953560465974954,0.016378330133650903,0.02164299247435548,
0.016405855331126304,0.7954000698401046,0.016827668506926456,0.01410804093276606,0.15725836538907667,
0.01104656853690821,0.8622365548433277,0.10466463083874317,0.0094993792118614,0.012552866569159566,
0.022698610413871407,0.8128140671280891,0.023282217470722632,0.11541133682495396,0.025793768162362975,
0.025106080363241436,0.8990231083582195,0.02575158620711052,0.021589706984305575,0.02852951808712302,
0.008630117325724404,0.34549424115724603,0.008852007445027427,0.0074213776745241326,0.629602256397478,
0.008630117325724404,0.41841134065018165,0.22760330592383446,0.22617267615333117,0.11918255994692821,
0.012183724827485708,0.9509969440112374,0.012496982232164049,0.01047726467839857,0.01384508425071437,
0.016405855331126304,0.5874769315507825,0.0861353812700338,0.0834157536958734,0.22656607815218402,
0.01440860097564925,0.9420484711919427,0.01477906247331007,0.012390523276325706,0.016373342082772274,
