0.005163374175106506,0.0029846889419847342,0.10760756789433257,0.8801451916152732,0.004099177373303013,
0.007070775813849576,0.0040872626439889224,0.008830151056180421,0.9743983563288974,0.005613454157083729,
0.02000034791369718,0.011561203048513928,0.02497690464293741,0.9275833665123964,0.01587817788245503,
0.009780549938442582,0.005653647839147141,0.2038320593961527,0.7729690123135213,0.0077647305127362815,
0.004837158088374118,0.002796119701455578,0.0060407567327062555,0.9824857694516659,0.0038401960257981576,
0.008672658933373333,0.005013231336369414,0.06746808000714065,0.9119608484326622,0.006885181290454299,
0.4617723361671324,0.17492561029902906,0.010830620352920763,0.34558625189046355,0.006885181290454299,
0.005343557923838218,0.0030888441753896046,0.14625920865067946,0.8410661648844956,0.004242224365597101,
0.7407520726528521,0.0024147213541761015,0.03249732609317179,0.22101949707724403,0.0033163828225557567,
0.009780549938442582,0.005653647839147141,0.5231951905824732,0.45360588112720085,0.0077647305127362815,
0.012098919163200519,0.006993781394048768,0.015109414672477325,0.9561926123276288,0.009605272442644693,
0.010447883709596009,0.14250080069497648,0.013047562785463538,0.7574785290446807,0.07652522376528334,
0.006758685146789114,0.2687355070661202,0.008440404894525829,0.13690431097977498,0.5791610919127899,
0.009780549938442582,0.005653647839147141,0.7148130692942656,0.2619880024154085,0.0077647305127362815,
0.597029206563703,0.006481647540682536,0.014002997082000644,0.3735842419627034,0.008901906850910588,
0.0044184309520676444,0.002554074439760577,0.005517840441446414,0.40690388695485663,0.5806057672118687,
0.3947067699006465,0.10110855545412142,0.00925763377469694,0.48904182979467736,0.005885211075857892,
0.00499494556817233,0.0028873287694343966,0.0062378054467473925,0.9819144574853548,0.003965462730291058,
0.01313690423487929,0.007593788765259853,0.10219722841334375,0.8666427548984359,0.01042932368808134,
