0.004627506305678171,0.9705920787453125,0.011369298809153716,0.003553645482559782,0.009857470657295874,
0.40163171724290914,0.5852784455329613,0.006005640788120118,0.0018771534300248045,0.005207043005984638,
0.002358801991800439,0.9850097528456849,0.0057953296883678515,0.0018114175300267242,0.005024697944120096,
0.0025364494725105637,0.9838807985496298,0.006231790960912954,0.0019478400707240824,0.005403120946222512,
0.0032768030098154198,0.5413471601174064,0.4458794348523468,0.0025163868926078793,0.006980215127823693,
0.05192443331145235,0.05487085710103709,0.008050762137614412,0.24575453840079253,0.6393994090491038,
0.0024444023402998703,0.004642351129165833,0.9495392941942877,0.0018771534300248047,0.04149679890622185,
0.01027426200435707,0.019512635473676314,0.9404369527147443,0.007890012967376892,0.021886136839845353,
0.0036299831681456474,0.006893978205497306,0.22448235231332275,0.5416972666342362,0.22329641967879804,
0.00406849322747511,0.007726786142029134,0.00999586216650305,0.0031243571858349185,0.9750845012781578,
0.01027426200435707,0.3245773574682233,0.6353722307201973,0.007890012967376892,0.021886136839845353,
0.002986254591142488,0.05000555372021752,0.9383536368378239,0.0022932632473272635,0.00636129160348883,
0.002536449472510564,0.23075492648552604,0.7593576630250168,0.0019478400707240826,0.005403120946222512,
0.005828833401445679,0.09760522182091556,0.8796732262067881,0.0044761921686037286,0.012416526402246868,
0.004968868885847545,0.009436758303897516,0.012207990951279392,0.0038157913362445914,0.969570590522731,
0.0038367492933667345,0.00728666354173193,0.9777571878656044,0.0029463918347030693,0.00817300746459395,
0.007872607259396902,0.014951469566854055,0.6037283656808271,0.006045687109922399,0.36740187038299954,
0.9845155231825039,0.0040538921088601075,0.0052443727590211885,0.0016392076483160406,0.004547004301298791,
0.003276803009815419,0.0062232267994001556,0.00805076213761441,0.9754689929253462,0.006980215127823691,
0.5520816647898839,0.02302463784533198,0.3897582556831856,0.009310105311704424,0.02582533636989405,
0.004968868885847545,0.009436758303897516,0.012207990951279392,0.0038157913362445914,0.969570590522731,
0.0022044098538039963,0.9859909188423625,0.005416004359623992,0.0016928536886202676,0.004695813255589333,
0.0043300319860811,0.7796307274142722,0.2034902437925829,0.0033252031634825405,0.009223793643581368,
0.00638101616159667,0.012118675021142264,0.8682743123080446,0.004900235193407427,0.10832576131580898,
0.9828887738662521,0.00447978097123325,0.0057953296883678515,0.0018114175300267242,0.005024697944120096,
0.002358801991800439,0.004479780971233251,0.9863253015628195,0.0018114175300267244,0.005024697944120096,
0.01027426200435707,0.019512635473676314,0.9404369527147443,0.007890012967376892,0.021886136839845353,
0.002536449472510564,0.5320052753111676,0.11920067177052854,0.0019478400707240826,0.34430976337506924,
0.003276803009815419,0.0062232267994001556,0.00805076213761441,0.9754689929253462,0.006980215127823691,
0.002859481947855048,0.047882715217777996,0.04947750266549374,0.04464796422258213,0.8551323359462911,
0.0022789940637562615,0.004328211641273101,0.0055992499596032854,0.001750129859252803,0.9860434144761145,
0.9792567403261472,0.005430660505678335,0.007025447953394088,0.0021959095104824786,0.0060912417042979,
0.8901866711838287,0.009436758303897518,0.08597614114277781,0.003815791336244592,0.010584638033251567,
0.0022789940637562615,0.004328211641273101,0.6484470337542759,0.34009106869855427,0.004854691842140346,
0.40199342106156144,0.27167620175933915,0.007336915073512886,0.002293263247327263,0.3167001988582592,
0.12487072260901592,0.8533423918128148,0.009995862166503052,0.003124357185834919,0.00866666622583141,
0.004968868885847545,0.7471182602188817,0.23351244152577466,0.003815791336244592,0.010584638033251567,
0.0029862545911424876,0.005671424112393171,0.051671044681337215,0.17962978167862462,0.7600414949365025,
0.003444363113169483,0.006541452985893438,0.008462439779455214,0.10491553989351823,0.8766362042279636,
0.003444363113169483,0.006541452985893438,0.008462439779455214,0.002645062936465621,0.9789066811850162,
0.0036299831681456474,0.22245784168603214,0.7633920110146599,0.002787607932899045,0.007732556198263167,
0.002007329380846178,0.003812272498739229,0.8393581842737893,0.0015415077830365348,0.15328070606358885,
0.01894212158929472,0.03597442945422446,0.04653881079832523,0.014546405854336343,0.8839982323038192,
0.42563456886180706,0.013386851346892971,0.4359038846428337,0.005413027413022868,0.11966166773544347,
0.0020073293808461775,0.003812272498739228,0.45194593362380264,0.0015415077830365344,0.5406929567135753,
0.01027426200435707,0.019512635473676314,0.6353722307201973,0.3129547349619239,0.021886136839845353,
0.002007329380846178,0.003812272498739229,0.5413487606968765,0.0015415077830365348,0.4512901296405016,
0.0038367492933667337,0.9186567306452063,0.06638712076213,0.002946391834703069,0.008173007464593948,
0.007872607259396902,0.13182870824062373,0.8374828430283665,0.006045687109922399,0.01677015436169058,
0.003444363113169483,0.006541452985893438,0.008462439779455214,0.002645062936465621,0.9789066811850162,
0.10571484007022212,0.2110824068999987,0.008462439779455214,0.05378030141499193,0.6209600118353321,
0.004968868885847544,0.009436758303897515,0.6761213426747651,0.003815791336244591,0.3056572387992452,
0.002743034497298553,0.9825679454187961,0.006739348751472651,0.0021064848983284286,0.0058431864341043065,
0.19828457984413547,0.6310820743988613,0.0064756395448836174,0.15854316235392488,0.005614543858194766,
0.004968868885847545,0.9684227107933769,0.012207990951279392,0.0038157913362445914,0.010584638033251565,
0.007872607259396902,0.9499693789570113,0.019342172311978902,0.006045687109922399,0.01677015436169058,
0.00406849322747511,0.007726786142029134,0.00999586216650305,0.9695421922381612,0.008666666225831409,
0.00704876685350414,0.013386851346892967,0.9591361371532122,0.005413027413022867,0.015015217233367755,
0.48864867599934914,0.006893978205497307,0.008918488832787898,0.002787607932899046,0.49275124902946665,
0.31025579398432734,0.006541452985893438,0.6732205400002972,0.002645062936465621,0.007337150093016373,
0.00582883340144568,0.9629576142411574,0.01432083378654625,0.004476192168603729,0.01241652640224687,
0.9537108197789675,0.012118675021142266,0.015677489052410835,0.004900235193407427,0.013592780954071912,
0.30004146965184125,0.5995819598358849,0.08597614114277781,0.003815791336244592,0.010584638033251567,
0.005364605942750575,0.6473346386866835,0.0928235637335872,0.004119693505501357,0.25035749813147745,
0.00406849322747511,0.007726786142029134,0.00999586216650305,0.0031243571858349185,0.9750845012781578,
0.7729360669907246,0.019512635473676317,0.02524278673110337,0.007890012967376892,0.17441849783711885,
0.8582461872028739,0.00728666354173193,0.12334774995609717,0.0029463918347030693,0.00817300746459395,
0.004627506305678171,0.008788450562828244,0.35487059458861236,0.6218559778855854,0.009857470657295874,
0.007048766853504142,0.013386851346892971,0.01731808263453078,0.005413027413022868,0.9568332717520492,
0.0053646059427505735,0.0898316210056894,0.8892564461350073,0.004119693505501356,0.011427633411051387,
0.0024444023402998703,0.1860911306303519,0.6955110028926271,0.0018771534300248047,0.11407631070669629,
0.0053646059427505735,0.010188332765547379,0.4113967166941552,0.004119693505501356,0.5689306510920454,
0.8260132779757845,0.014951469566854055,0.019342172311978902,0.006045687109922399,0.13364739303546022,
9.413316789263578E-4,0.6027158182666282,0.0023127534419788687,7.22885901700965E-4,0.39330721071076546,
0.03611308794768641,0.2750009627127143,0.10710153161139373,0.5769297258860653,0.0048546918421403466,
0.24429447066317658,0.0898316210056894,0.6503265814145812,0.004119693505501356,0.011427633411051387,
0.003276803009815419,0.0062232267994001556,0.00805076213761441,0.9754689929253462,0.006980215127823691,
0.002007329380846178,0.003812272498739229,0.004931798258433515,0.03134245014072781,0.9579061497212533,
0.0029862545911424876,0.050005553720217505,0.45067821115175627,0.002293263247327263,0.49403671728955645,
0.0053646059427505735,0.010188332765547379,0.8096131578948652,0.16340626998578536,0.011427633411051387,
0.0028594819478550484,0.0054306605056783355,0.9834227063316863,0.002195909510482479,0.006091241704297901,
0.41682906124102853,0.008788450562828242,0.14876981712093715,0.0035536454825597814,0.42205902559264624,
0.06079737848733389,0.3490504387055348,0.009426491568162866,0.0029463918347030693,0.5777792994042654,
0.007048766853504142,0.5366191038572715,0.1219645331366065,0.005413027413022868,0.32895456873959494,
0.014784487605587425,0.028078349295606212,0.2558154023186342,0.011353593949097202,0.689968166831075,
0.9750138942051694,0.006541452985893438,0.008462439779455214,0.002645062936465621,0.007337150093016373,
0.9736662284693964,0.008714186426842683,0.004458338327840985,0.009137242780878428,0.004024003995041348,
0.8769335126827564,0.004590895281172886,0.0023487866093970244,0.004813774081818033,0.11131303134485568,
0.9514943818010466,0.004429665689805804,0.0022662985799282256,0.039764139688490144,0.002045514240729238,
0.7211948979773317,0.004764304968731128,0.22907263107826928,0.04276812327647634,0.002200042699191557,
0.34644015630968994,0.29921119679756103,0.003151819120438435,0.34835206100055366,0.0028447667717568363,
0.00454766261586583,0.9341543993718061,0.003151819120438436,0.0064595673067295,0.05168655158516029,
0.0033889917688916266,0.040988583652583926,0.0023487866093970244,0.8783582949956827,0.07491534297344465,
0.014381551901334977,0.01948195901973966,0.009967329173906915,0.9471728546750571,0.008996305229961487,
0.005039986486763784,0.22334473848315428,0.5447863418060142,0.061288202518112865,0.16554073070595482,
0.005651847988966505,0.31115981486502076,0.6716248843809149,0.008027968557905444,0.003535484207192333,
0.014381551901334977,0.01948195901973966,0.009967329173906915,0.9471728546750571,0.008996305229961487,
0.09313360887548819,0.005612262119614993,0.002871336701805602,0.8957911831631967,0.0025916091398944844,
0.2301521274088006,0.19362690903355076,0.0024375062004856844,0.5715834146579714,0.0022000426991915564,
0.008114683043004368,0.010992549593157095,0.005623990900734244,0.9701926785565574,0.005076097906546755,
0.006910212347205911,0.08357642513342595,0.5985133034547334,0.15824638973968058,0.1527536693249541,
0.005328409741900465,0.007218126454242426,0.0036929264821583233,0.923200388459562,0.06056014886213679,
0.010987383893086402,0.014884051749615913,0.9516488205800886,0.015606642747563305,0.006873101029645651,
0.0029582918320351956,0.004007447919079609,0.002050284189402248,0.004202001515088482,0.9867819745443944,
0.004547662615865829,0.006160487917140294,0.003151819120438435,0.006459567306729498,0.9796804630398259,
0.017008668569036586,0.936404194411055,0.011788087933801854,0.024159364645089984,0.010639684441016527,
0.006910212347205911,0.9741625560385572,0.004789216184645815,0.009815367922158709,0.004322647507432237,
0.9874923287574091,0.004138950580889254,0.00211756337401472,0.0043398883685972865,0.0019112689190896215,
0.6522510339796768,0.008151046120166885,0.0041702253715389355,0.3316637353309712,0.003763959197646158,
0.008889408278374254,0.012042030580367749,0.006160924709633364,0.9673469131706962,0.0055607232609283155,
0.03838939490768568,0.10978793340827052,0.0022662985799282256,0.004644717115668569,0.844911655988447,
0.17886708519897196,0.004429665689805804,0.0022662985799282256,0.8123914362905648,0.002045514240729238,
0.014381551901334977,0.01948195901973966,0.009967329173906915,0.9471728546750571,0.008996305229961487,
0.0035170025310170493,0.9868498461057934,0.002437506200485685,0.004995602463512411,0.002200042699191557,
0.004547662615865829,0.006160487917140294,0.003151819120438435,0.006459567306729498,0.9796804630398259,
