0.05018962290182397,0.44033235282769856,0.007638093645393116,0.008118417946570606,0.4937215126785138,
0.05492506151573127,0.05729885258294501,0.05553423016829413,0.008884398394425919,0.8233574573386037,
0.27401111381247784,0.014120116754219337,0.011658816201507372,0.012391985105232907,0.6878179681265625,
0.02282355530670969,0.029814683478910697,0.024617637434397852,0.026165726531793228,0.8965783972481886,
0.016109069436648884,0.021043470219220647,0.11543903445706097,0.01846800377490305,0.8289404221121665,
0.0074004658918127705,0.09976773730242271,0.007982191368612782,0.4139360449637662,0.4709135604733855,
0.08821939743124234,0.09203212720883727,0.013425644186210728,0.0900421069336037,0.7162807242401059,
0.007081445293766131,0.009250576747120133,0.05074627125345096,0.3098756612029755,0.6230460455026873,
0.013467687320627536,0.017593001145593003,0.014526336457387011,0.015439830416939587,0.9389731446594528,
0.005626226950018338,0.04159916833387333,0.00606848553250912,0.10919878663711988,0.8375073325464794,
0.0065193690554928106,0.00851632982941011,0.007031834503977273,0.4837126109546811,0.49421985565643867,
0.006788792807668837,0.25682824480370336,0.007322436741803675,0.007782910843616315,0.7212776148032077,
0.12078545551190725,0.1990494833449328,0.08310671213951318,0.007188737790250924,0.5898696112133959,
0.5527563565601341,0.06013578690233674,0.008772606939493175,0.009324275522433152,0.36901097407560296,
0.39130814232026834,0.01625994098658076,0.013425644186210728,0.01426992071134718,0.5647363517955929,
0.5585545692492998,0.011792299440579685,0.009736764515758984,0.28511276442199934,0.1348036023723621,
0.1336179997698739,0.013248367645462136,0.5665818775735444,0.011626927552292258,0.27492482745882735,
0.00955208250996432,0.012477999714413535,0.6499324746321541,0.06909898292558109,0.25893846021788697,
0.0074004658918127705,0.46016941782091936,0.05303240143342486,0.09858457451008171,0.38081314034376135,
0.1589571026824991,0.00819124749197348,0.006763417798329458,0.007188737790250924,0.818899494236947,
0.008133277622643853,0.010624597908019439,0.05828379593381046,0.00932427552243315,0.9136340530130931,
0.012447211208985823,0.01625994098658076,0.013425644186210728,0.39313085182262975,0.5647363517955929,
0.010809145966787824,0.07992060871564186,0.011658816201507372,0.012391985105232907,0.8852194440108301,
0.010809145966787824,0.014120116754219337,0.011658816201507372,0.7361973966808805,0.22721452439660486,
0.014670432730640125,0.019164161870701246,0.015823625597123785,0.016818700056785187,0.9335230797447497,
0.11427135105331122,0.05255266327411704,0.03961702202629366,0.201855865386314,0.591703098259964,
0.31030012686961916,0.021043470219220647,0.017375348646070873,0.01846800377490305,0.6328130504901861,
0.1878628487486001,0.03462547833206355,0.18994641780215551,0.030387738233416534,0.5571775168837643,
0.020039330694904094,0.14816670182008088,0.02161455438671827,0.02297379351274354,0.7872056195855531,
0.017860539800011937,0.24078290054932913,0.019264496143160826,0.34665314644638257,0.37543891706111543,
0.017860539800011937,0.023331436918738784,0.019264496143160826,0.02047595100049702,0.9190675761375914,
0.017860539800011937,0.3495086323646243,0.127990227958456,0.02047595100049702,0.48416464887641064,
0.017860539800011937,0.023331436918738784,0.019264496143160826,0.02047595100049702,0.9190675761375914,
0.3440377352458975,0.023331436918738784,0.019264496143160826,0.02047595100049702,0.5928903806917059,
0.43963756783961466,0.029814683478910697,0.024617637434397852,0.026165726531793228,0.47976438471528354,
0.176874030585626,0.007349607606751797,0.00606848553250912,0.006450104455755267,0.8032577718193578,
0.016109069436648884,0.021043470219220647,0.017375348646070873,0.01846800377490305,0.9270041079231566,
0.020039330694904094,0.27015578609684493,0.02161455438671827,0.02297379351274354,0.665216535308789,
0.02650628574648896,0.03462547833206355,0.0285898548000444,0.030387738233416534,0.8798906428879866,
0.005626226950018338,0.6238417006949395,0.00606848553250912,0.006450104455755267,0.3580134823667778,
0.008556941994970233,0.011178035748551191,0.11341005141772602,0.009809979259584786,0.8570449915791678,
0.00955208250996432,0.012477999714413535,0.010302939257873865,0.010950843346101066,0.9567161351716472,
0.010809145966787824,0.014120116754219337,0.07745930816292988,0.012391985105232907,0.8852194440108301,
0.00955208250996432,0.12877427887337356,0.1265992184168339,0.010950843346101066,0.7241235768537272,
0.012447211208985823,0.01625994098658076,0.013425644186210728,0.01426992071134718,0.9435972829068755,
0.007081445293766131,0.6989814184760457,0.007638093645393116,0.008118417946570606,0.2781806246382245,
0.07957625173685785,0.007890070504523707,0.006514739462171131,0.7055192039078491,0.20049973438859822,
0.13640597811793967,0.009250576747120133,0.611152580158203,0.008118417946570606,0.23507244703016666,
0.005825756552856835,0.007610255515167435,0.006283699479420515,0.11307143356759594,0.8672088548849592,
0.03913598028278664,0.05112379947330769,0.04221232670784438,0.04486686424932247,0.8226610292867388,
0.010141809886853636,0.013248367645462136,0.010939023099953094,0.0733650224938024,0.8923057768739288,
0.08944211397500706,0.008868281301688718,0.007322436741803675,0.13176289259462365,0.7626042753868769,
0.012447211208985823,0.09203212720883727,0.08919783040846724,0.01426992071134718,0.7920529104623625,
0.012447211208985823,0.01625994098658076,0.24074220285298026,0.46890303804488626,0.2616476069065668,
0.10210053664502536,0.010123377453650918,0.00835875503900004,0.1504108237823082,0.7290065070800155,
0.550506488934778,0.019164161870701246,0.015823625597123785,0.016818700056785187,0.3976870235406116,
0.017860539800011937,0.13205716873403395,0.019264496143160826,0.02047595100049702,0.8103418443222962,
0.008133277622643853,0.010624597908019439,0.008772606939493173,0.058835464516750445,0.9136340530130931,
0.010141809886853636,0.013248367645462136,0.010939023099953094,0.011626927552292258,0.9540438718154388,
0.00430058777160517,0.005617909281030709,0.3187957000594006,0.16200887392579702,0.5092769289621665,
0.013467687320627536,0.017593001145593003,0.014526336457387011,0.015439830416939587,0.9389731446594528,
0.005265541952304987,0.006878440477095454,0.005679448312741541,0.006036602488710126,0.9761399667691479,
0.03160614461060367,0.041287485007947086,0.03409059624002801,0.03623439580257876,0.8567813783388425,
0.005102002877835238,0.006664807426668987,0.005503053987337308,0.06796582677545358,0.9147643089327049,
0.010141809886853636,0.013248367645462136,0.010939023099953094,0.011626927552292258,0.9540438718154388,
0.09545200449080747,0.017593001145593003,0.09651065362756693,0.17940846475729946,0.6110358759787331,
0.006788792807668837,0.09152160246902694,0.007322436741803675,0.37972285609663825,0.5146443118848623,
0.2353120034306023,0.023331436918738784,0.019264496143160826,0.1292016828157922,0.5928903806917059,
0.017860539800011937,0.023331436918738784,0.019264496143160826,0.02047595100049702,0.9190675761375914,
0.017860539800011937,0.023331436918738784,0.019264496143160826,0.02047595100049702,0.9190675761375914,
0.005825756552856835,0.007610255515167435,0.07721208705107581,0.0066788522101130015,0.9026730486707869,
0.07660963792821034,0.14572110067706437,0.011658816201507372,0.012391985105232907,0.753618460087985,
0.03913598028278664,0.28936341284446104,0.04221232670784438,0.04486686424932247,0.5844214159155855,
0.008556941994970233,0.11535851303777048,0.4259514832853839,0.061900217904194435,0.3882328437776809,
0.006039958823014646,0.08142636341836691,0.006514739462171131,0.08046071414018179,0.8255582241562656,
0.010809145966787824,0.21152159263848688,0.20906029208577492,0.012391985105232907,0.5562169842037175,
0.005626226950018338,0.5210930185135748,0.382813653530846,0.006450104455755267,0.08401699654980554,
0.40282439702712997,0.007106222604131163,0.005867525366162802,0.0062365068361455896,0.5779653481664305,
0.007749586386437172,0.010123377453650918,0.19706065555617644,0.1032353486530141,0.6818310319507214,
0.1336179997698739,0.1367245575284824,0.010939023099953094,0.011626927552292258,0.7070914920493984,
0.05764446661696114,0.010624597908019439,0.008772606939493173,0.2568802204940196,0.6660781080415067,
0.01157048989405105,0.015114669439149662,0.012480006787828372,0.08369997671142693,0.877134857167544,
0.014670432730640125,0.019164161870701246,0.015823625597123785,0.016818700056785187,0.9335230797447497,
0.004948316310169688,0.48842870488533763,0.0053372866408181036,0.005672923855410406,0.49561276830826423,
0.0065193690554928106,0.28632216639901936,0.007031834503977273,0.0074740339782080984,0.6926525960633024,
0.02282355530670969,0.029814683478910697,0.024617637434397852,0.026165726531793228,0.8965783972481886,
0.009027169403482981,0.6162724392709783,0.009736764515758984,0.010349064499090887,0.35461456231068883,
0.020039330694904094,0.026177617543316812,0.2655927229402464,0.02297379351274354,0.665216535308789,
0.10837490913138294,0.04159916833387333,0.00606848553250912,0.04069966518287681,0.8032577718193578,
0.19535609471138404,0.07498646258697227,0.13441521298297338,0.011626927552292258,0.583615302166378,
0.06770022208944435,0.1869224184528536,0.010302939257873865,0.010950843346101066,0.7241235768537272,
0.005825756552856835,0.11400283687265036,0.006283699479420515,0.0776072397817683,0.7962804673133039,
0.008556941994970233,0.16744875168238013,0.3217710059961646,0.009809979259584786,0.4924133210669003,
0.007749586386437172,0.34035170335870957,0.3857625560733528,0.008884398394425919,0.25725175578707454,
0.1379014072369858,0.007106222604131163,0.005867525366162802,0.17181337545498568,0.6773114693377346,
0.005102002877835238,0.09983987427700139,0.005503053987337308,0.0058491155418986425,0.8837059533159274,
0.004948316310169688,0.006464044823808357,0.0053372866408181036,0.005672923855410406,0.9775774283697934,
0.042808105279936254,0.04465821696144531,0.006514739462171131,0.4113740322524762,0.4946449060439711,
0.03855528606568177,0.007106222604131163,0.1383290202612349,0.0062365068361455896,0.8097729642328066,
0.0074004658918127705,0.009667317172798562,0.27828345175748526,0.008484154380457553,0.6961646107974458,
0.005825756552856835,0.11400283687265036,0.25453305598021403,0.29039240249673415,0.3352459480975446,
0.22287597034621578,0.015114669439149662,0.012480006787828372,0.013264816560705342,0.7362645368661008,
0.005626226950018338,0.04159916833387333,0.07456760698675219,0.24619702954560602,0.6320099681837501,
0.0054399123419137455,0.7025290708032595,0.005867525366162802,0.0062365068361455896,0.27992698465251836,
0.012447211208985825,0.4708930583201199,0.08919783040846725,0.014269920711347181,0.41319197935107993,
0.3387436093109731,0.011792299440579685,0.009736764515758984,0.06530180448367258,0.5744255222490157,
0.014670432730640125,0.10847017123805758,0.37304766306654913,0.016818700056785187,0.4869930329079679,
0.0038028052291903536,0.028117162047561494,0.0041017308262363055,0.004359669663359417,0.9596186322336524,
0.04620591713686557,0.16726252215490112,0.007031834503977273,0.0074740339782080984,0.7720256922260479,
0.020039330694904094,0.6361230389271372,0.02161455438671827,0.02297379351274354,0.29924928247849686,
